*Subject
17
*Layout
4
*Condition
False,False,False
*Marks
351.7825,0,189.8025
267.6772,0,221.8386
249.1817,0,173.2818
*Path
x,y,z,flag
355.6393,2.404082,339.2385,351.0401,154.222,355.5824,-1
355.6429,2.404589,339.2321,352.5172,151.4651,356.5169,-1
355.6425,2.404761,339.2327,353.1322,152.7925,356.8323,-1
355.6392,2.403521,339.2435,356.0815,173.1035,354.6158,-1
355.6391,2.402581,339.2498,356.7269,184.4237,352.9234,-1
355.6391,2.402843,339.2502,359.5514,184.926,353.408,-1
355.6392,2.40379,339.2517,356.1005,187.9483,355.0991,-1
355.6406,2.403735,339.2578,356.613,199.0101,355.0037,-1
355.6447,2.403107,339.2658,357.4135,215.2765,353.8766,-1
355.6495,2.402034,339.271,358.0371,228.1586,351.9427,-1
355.6415,2.402677,339.2599,358.8067,203.0748,353.1052,-1
355.6396,2.403042,339.2412,359.2976,168.6007,353.7651,-1
355.6467,2.402823,339.2267,358.7125,139.2972,353.3705,-1
355.6539,2.402715,339.2206,356.5448,122.5571,353.1631,-1
355.6621,2.405901,339.2167,352.1203,105.8664,358.8858,-1
355.6672,2.406157,339.2157,351.6744,96.37846,359.3491,-1
355.6677,2.405964,339.2157,353.0581,95.54227,359.0017,-1
355.6667,2.40639,339.2158,352.4326,97.31961,359.7696,-1
355.665,2.406416,339.2161,353.0067,100.3827,359.8179,-1
355.6509,2.405057,339.2224,355.2383,128.5198,357.376,-1
355.6389,2.404312,339.2466,353.806,178.6732,356.0252,-1
355.6401,2.402668,339.2559,356.5944,195.6775,353.0802,-1
355.6399,2.403837,339.2556,358.791,194.6518,355.1954,-1
355.6397,2.404536,339.2551,0.7621192,193.6937,356.4513,-1
355.6393,2.404789,339.253,1.167763,189.8537,356.9046,-1
355.639,2.404987,339.2509,1.221166,186.0772,357.2593,-1
355.6389,2.404552,339.2497,2.076179,183.7713,356.4775,-1
355.6389,2.404634,339.2491,3.704442,182.6199,356.6194,-1
355.6392,2.405213,339.253,3.716808,189.6087,357.6598,-1
355.6395,2.40567,339.2543,3.320475,192.2192,358.4798,-1
355.6395,2.405669,339.2543,3.320475,192.2192,358.4798,-1
355.64,2.403662,339.2393,4.396702,164.5645,354.8672,-1
355.65,2.402804,339.2235,3.106684,130.4959,353.3276,-1
355.6672,2.402981,339.2159,4.179183,95.89168,353.6396,-1
355.6747,2.402059,339.2161,5.039228,82.05478,351.96,-1
355.6725,2.403079,339.2158,3.847406,86.36533,353.8174,-1
355.6708,2.403433,339.2157,2.916607,89.54456,354.4629,-1
355.6668,2.403535,339.2159,3.394246,96.76453,354.6443,-1
355.6606,2.405066,339.2172,1.292202,108.3562,357.4012,-1
355.6599,2.404957,339.2175,357.0011,110.0436,357.2023,-1
355.6591,2.404547,339.2178,355.9282,111.7755,356.4621,-1
355.6586,2.404625,339.218,356.7418,112.5959,356.6059,-1
355.6579,2.404329,339.2183,359.1566,113.7703,356.0786,-1
355.6574,2.404164,339.2185,1.090935,114.6918,355.7828,-1
355.6567,2.404018,339.2189,1.5594,115.9119,355.5201,-1
355.6558,2.403848,339.2194,0.01202412,117.973,355.2165,-1
355.6558,2.403855,339.2194,0.1260457,118.07,355.2277,-1
355.6558,2.404216,339.2194,0.2552658,117.9902,355.8769,-1
355.6558,2.404404,339.2193,359.9149,117.9116,356.2139,-1
355.6554,2.40429,339.2195,0.1183808,118.7924,356.0087,-1
355.6553,2.404137,339.2196,359.8636,118.8738,355.7352,-1
355.6641,2.40376,339.2163,355.7997,102.4127,355.0443,-1
355.6685,2.403847,339.2157,355.0587,94.51447,355.195,-1
355.6674,2.404261,339.2158,356.2359,96.41975,355.9479,-1
355.6668,2.404409,339.2159,355.7366,97.3539,356.2122,-1
355.6656,2.404372,339.216,354.9308,99.64393,356.141,-1
355.6637,2.404133,339.2164,354.8437,103.2032,355.7102,-1
355.6622,2.404462,339.2167,354.5048,105.791,356.301,-1
355.6562,2.404889,339.2191,352.6682,117.4678,357.0594,-1
355.6566,2.404903,339.2189,353.0469,116.7668,357.0871,-1
355.6561,2.404567,339.2191,354.2582,117.56,356.4891,-1
355.6561,2.404524,339.2191,355.0465,117.5384,356.4152,-1
355.6561,2.404481,339.2192,355.3628,117.7027,356.3404,-1
355.6559,2.404498,339.2193,355.2119,118.0163,356.369,-1
355.6558,2.404356,339.2193,355.7108,118.3046,356.1168,-1
355.6555,2.404275,339.2195,356.1386,118.8309,355.9734,-1
355.6554,2.40438,339.2195,356.1669,118.9645,356.1627,-1
355.6552,2.404374,339.2197,356.0611,119.5649,356.1518,-1
355.6548,2.404382,339.2199,356.1118,120.2918,356.1667,-1
355.6544,2.404284,339.2201,356.5859,121.0953,355.9909,-1
355.6541,2.4043,339.2203,357.0025,121.5797,356.0209,-1
355.6539,2.404396,339.2204,357.0466,122.1433,356.1943,-1
355.6536,2.404502,339.2206,356.7984,122.7449,356.3849,-1
355.6532,2.40447,339.2209,356.8629,123.6283,356.3268,-1
355.6527,2.404354,339.2212,357.0729,124.6361,356.1194,-1
355.6523,2.404299,339.2215,357.0822,125.6276,356.0207,-1
355.6521,2.404345,339.2216,357.2375,125.9087,356.1033,-1
355.652,2.404933,339.2217,357.3109,126.1187,357.1599,-1
355.6518,2.40633,339.2217,357.2422,126.3431,359.6642,-1
355.6516,2.406354,339.2219,357.6117,126.7743,359.7076,-1
355.6514,2.406324,339.2221,358.028,127.3374,359.6536,-1
355.6512,2.406255,339.2222,357.7292,127.7962,359.5302,-1
355.6532,2.405685,339.2208,358.0919,123.3599,358.5087,-1
355.6532,2.405381,339.2208,358.4206,123.3508,357.9652,-1
355.6522,2.405434,339.2215,357.6568,125.7019,358.059,-1
355.6508,2.405154,339.2226,357.3076,128.8051,357.5568,-1
355.6503,2.405546,339.223,359.5675,129.793,358.2601,-1
355.6492,2.405568,339.2239,3.869037,132.2525,358.2971,-1
355.6485,2.404485,339.2246,9.78405,133.4948,356.3058,-1
355.6476,2.404003,339.2256,11.18488,135.6579,355.4075,-1
355.649,2.404716,339.2242,14.41081,132.1724,356.6684,-1
355.6486,2.404648,339.2245,12.90367,133.1295,356.5644,-1
355.6485,2.404631,339.2246,13.5783,133.3877,356.5239,-1
355.6483,2.404577,339.2249,13.5146,133.9588,356.4256,-1
355.6483,2.404689,339.2248,13.48568,133.8369,356.6323,-1
355.6484,2.40458,339.2247,12.78574,133.4896,356.4413,-1
355.6487,2.404479,339.2245,13.05591,132.902,356.2507,-1
355.6487,2.404535,339.2244,12.07626,132.7524,356.3691,-1
355.6477,2.404159,339.2255,12.69423,135.309,355.6674,-1
355.6467,2.403544,339.2267,21.63113,136.9915,354.2646,-1
355.6464,2.403758,339.227,24.99679,137.497,354.54,-1
355.647,2.403713,339.2262,25.02331,135.7281,354.4507,-1
355.648,2.404,339.2252,22.07261,133.7326,355.1308,-1
355.6489,2.405063,339.2243,11.22611,132.7854,357.3458,-1
355.6497,2.410923,339.2239,12.88465,133.5872,8.119771,-1
355.6569,2.408664,339.2188,23.4391,117.4716,4.192783,-1
355.6716,2.401393,339.2159,24.98536,84.08065,349.8243,-1
355.6864,2.403299,339.2198,20.63787,58.4478,353.8309,-1
355.6789,2.395345,339.2187,31.02993,61.3111,335.9568,-1
355.6765,2.402673,339.2163,27.91092,75.96809,352.1867,-1
355.6693,2.399453,339.2163,46.21973,79.03108,341.3944,-1
355.6703,2.401657,339.2159,53.37568,78.85105,345.2509,-1
355.6775,2.40994,339.2164,36.21486,82.27889,7.620099,-1
355.6853,2.408642,339.2191,34.24707,65.51924,4.608568,-1
355.692,2.407424,339.2236,41.44755,49.9118,2.168306,-1
355.6954,2.406772,339.2271,48.97817,40.22223,0.6957158,-1
355.6913,2.407996,339.223,60.67037,54.74338,5.412505,-1
355.693,2.407599,339.2245,72.87714,52.25551,6.593371,-1
355.6928,2.407242,339.2243,70.12755,50.0997,3.819497,-1
355.6927,2.407384,339.2242,72.21718,51.54078,5.088077,-1
355.6928,2.407252,339.2243,70.86424,50.28432,4.020265,-1
355.6924,2.407074,339.2239,71.64378,50.48111,3.168365,-1
355.6924,2.407139,339.2239,71.25856,50.84204,3.468237,-1
355.6922,2.40711,339.2238,71.01691,51.07785,3.265591,-1
355.6921,2.407128,339.2237,71.44231,51.37371,3.43811,-1
355.692,2.40715,339.2236,70.82198,51.57792,3.451177,-1
355.6918,2.407062,339.2234,71.41203,51.85802,3.06351,-1
355.6917,2.407038,339.2233,70.8451,51.82684,2.844198,-1
355.6917,2.40715,339.2233,71.24928,52.64365,3.527197,-1
355.6914,2.406998,339.2231,70.94315,52.33613,2.635696,-1
355.6913,2.406979,339.223,71.26488,52.50966,2.578712,-1
355.6918,2.407008,339.2234,71.14384,51.42718,2.719793,-1
355.6918,2.40693,339.2234,71.18595,51.18224,2.296355,-1
355.6916,2.406944,339.2232,71.18462,51.63008,2.370848,-1
355.6915,2.406906,339.2231,71.19843,51.76083,2.159853,-1
355.6913,2.406898,339.223,71.12673,52.01559,2.108685,-1
355.6912,2.406876,339.2229,71.13836,52.24736,1.987054,-1
355.691,2.406871,339.2228,71.10965,52.5462,1.958349,-1
355.6909,2.406863,339.2227,71.09913,52.8316,1.915721,-1
355.6907,2.406855,339.2225,71.09334,53.12514,1.866407,-1
355.6906,2.406847,339.2224,71.07205,53.39637,1.817924,-1
355.6904,2.40686,339.2223,71.1385,53.86124,1.900582,-1
355.6902,2.406874,339.2221,71.26283,54.36194,1.990825,-1
355.6901,2.406895,339.222,71.34838,54.88908,2.114711,-1
355.6899,2.406911,339.2219,71.44794,55.39609,2.216421,-1
355.6897,2.406923,339.2217,71.50932,55.86884,2.291013,-1
355.6895,2.406932,339.2216,71.60326,56.34184,2.35391,-1
355.6893,2.406944,339.2215,71.65631,56.78855,2.427203,-1
355.6891,2.406953,339.2213,71.72085,57.24059,2.490777,-1
355.689,2.406963,339.2212,71.77804,57.69857,2.553196,-1
355.6888,2.406965,339.2211,71.82569,58.07943,2.570481,-1
355.6887,2.406968,339.221,71.86285,58.48142,2.593425,-1
355.6885,2.406985,339.2209,71.88237,58.94678,2.693263,-1
355.6883,2.40696,339.2208,71.97128,59.20933,2.565736,-1
355.6881,2.406964,339.2206,71.99341,59.60036,2.59151,-1
355.688,2.406998,339.2206,71.94632,60.12213,2.778387,-1
355.6878,2.407005,339.2205,71.91712,60.49848,2.81831,-1
355.6876,2.407005,339.2203,71.94326,60.86241,2.822706,-1
355.6874,2.407011,339.2202,71.94562,61.23468,2.854686,-1
355.6873,2.407014,339.2201,71.98323,61.61614,2.878704,-1
355.6871,2.407008,339.22,72.03032,61.96149,2.852408,-1
355.687,2.407014,339.2199,72.04319,62.35916,2.88542,-1
355.6868,2.407023,339.2198,72.04893,62.75766,2.944229,-1
355.6866,2.407045,339.2197,72.06627,63.24701,3.074181,-1
355.6865,2.40702,339.2196,72.11961,63.45904,2.934176,-1
355.6863,2.407005,339.2195,72.12439,63.71002,2.847241,-1
355.6861,2.406988,339.2195,72.22063,64.00681,2.762509,-1
355.6859,2.40699,339.2194,72.24252,64.37789,2.776857,-1
355.6857,2.407001,339.2193,72.25381,64.7753,2.840301,-1
355.6856,2.407014,339.2192,72.24554,65.1773,2.918325,-1
355.6854,2.407019,339.2191,72.23637,65.53345,2.944984,-1
355.6852,2.407018,339.219,72.23377,65.86175,2.943197,-1
355.6851,2.407013,339.2189,72.2355,66.1581,2.911795,-1
355.6849,2.407014,339.2188,72.23289,66.48243,2.91909,-1
355.6848,2.407017,339.2188,72.22866,66.81473,2.93189,-1
355.6846,2.40702,339.2187,72.20675,67.14149,2.945675,-1
355.6844,2.407025,339.2186,72.2158,67.49002,2.976821,-1
355.6843,2.407024,339.2185,72.20493,67.79991,2.974188,-1
355.6841,2.407024,339.2185,72.21037,68.1059,2.970745,-1
355.684,2.407026,339.2184,72.21372,68.42844,2.98507,-1
355.6838,2.407024,339.2183,72.21967,68.71644,2.975649,-1
355.6837,2.407022,339.2183,72.2282,69.00238,2.966926,-1
355.6835,2.407031,339.2182,72.2164,69.33728,3.013502,-1
355.6834,2.40703,339.2181,72.22539,69.62488,3.008301,-1
355.6832,2.407025,339.2181,72.23536,69.89063,2.982369,-1
355.6831,2.407023,339.218,72.22293,70.15834,2.972084,-1
355.6829,2.407017,339.218,72.23531,70.40922,2.937131,-1
355.6828,2.40701,339.2179,72.2401,70.65055,2.89632,-1
355.6827,2.407002,339.2178,72.27224,70.87762,2.851019,-1
355.6825,2.406995,339.2178,72.30687,71.12959,2.817502,-1
355.6824,2.407001,339.2177,72.28915,71.41383,2.85179,-1
355.6823,2.407004,339.2177,72.29214,71.69502,2.868897,-1
355.6821,2.407004,339.2176,72.30744,71.97021,2.870625,-1
355.6819,2.407007,339.2176,72.29697,72.24313,2.886929,-1
355.6818,2.407007,339.2175,72.28767,72.49759,2.886839,-1
355.6817,2.407009,339.2175,72.28343,72.76687,2.896251,-1
355.6816,2.407006,339.2174,72.30209,73.02069,2.883641,-1
355.6815,2.407004,339.2174,72.30576,73.25426,2.868814,-1
355.6813,2.407003,339.2173,72.30038,73.49981,2.865039,-1
355.6812,2.407007,339.2173,72.30305,73.76936,2.885096,-1
355.681,2.407006,339.2172,72.31245,74.0096,2.881902,-1
355.6809,2.407003,339.2172,72.31302,74.22149,2.86366,-1
355.6808,2.406998,339.2171,72.32001,74.43828,2.834822,-1
355.6807,2.406995,339.2171,72.31837,74.66566,2.816282,-1
355.6805,2.406997,339.2171,72.31261,74.90327,2.828343,-1
355.6804,2.406997,339.217,72.335,75.14624,2.830273,-1
355.6803,2.406996,339.217,72.33102,75.35759,2.826894,-1
355.6802,2.406991,339.2169,72.33616,75.56105,2.801214,-1
355.6801,2.406994,339.2169,72.33725,75.79769,2.815131,-1
355.6799,2.40699,339.2169,72.34238,75.98283,2.790751,-1
355.6798,2.406988,339.2168,72.36497,76.20505,2.782806,-1
355.6797,2.406996,339.2168,72.35561,76.45474,2.831885,-1
355.6796,2.406992,339.2168,72.35343,76.64086,2.808404,-1
355.6795,2.406985,339.2167,72.37434,76.82349,2.769605,-1
355.6794,2.406997,339.2167,72.35313,77.09077,2.835706,-1
355.6793,2.406997,339.2167,72.36137,77.29872,2.838012,-1
355.6791,2.406995,339.2166,72.35904,77.47862,2.822284,-1
355.6791,2.40699,339.2166,72.36148,77.64193,2.795855,-1
355.679,2.406988,339.2166,72.36528,77.81822,2.783823,-1
355.6788,2.40699,339.2166,72.36813,78.01954,2.798164,-1
355.6788,2.406991,339.2166,72.36687,78.20361,2.8041,-1
355.6786,2.406989,339.2165,72.37747,78.36543,2.790331,-1
355.6786,2.406988,339.2165,72.36977,78.53046,2.783262,-1
355.6785,2.406984,339.2165,72.38743,78.69022,2.766928,-1
355.6784,2.406984,339.2165,72.37567,78.84216,2.760776,-1
355.6783,2.406981,339.2164,72.37628,78.99213,2.748327,-1
355.6782,2.406978,339.2164,72.37849,79.1411,2.729061,-1
355.6781,2.406977,339.2164,72.3924,79.3018,2.721255,-1
355.678,2.406982,339.2164,72.39082,79.4887,2.752769,-1
355.6779,2.406981,339.2163,72.39783,79.63847,2.745708,-1
355.6779,2.406981,339.2163,72.4289,79.80655,2.753755,-1
355.6778,2.406987,339.2163,72.41254,79.99063,2.788408,-1
355.6777,2.406991,339.2163,72.41892,80.1582,2.813847,-1
355.6776,2.406984,339.2163,72.43449,80.26869,2.771209,-1
355.6776,2.406985,339.2162,72.4464,80.42462,2.779185,-1
355.6775,2.406988,339.2162,72.43216,80.5733,2.795973,-1
355.6774,2.406983,339.2162,72.44991,80.69379,2.771009,-1
355.6773,2.406987,339.2162,72.43819,80.84044,2.792342,-1
355.6772,2.406989,339.2162,72.4293,80.96851,2.802135,-1
355.6772,2.406985,339.2162,72.44217,81.07337,2.777009,-1
355.6771,2.406986,339.2162,72.43692,81.19772,2.786461,-1
355.6771,2.406986,339.2162,72.43994,81.30711,2.78184,-1
355.677,2.406984,339.2162,72.43496,81.41051,2.772922,-1
355.6769,2.406976,339.2161,72.45965,81.47411,2.725378,-1
355.6768,2.406982,339.2161,72.50542,81.67733,2.773779,-1
355.6768,2.407064,339.2161,72.42905,82.26654,3.246133,-1
355.6767,2.407047,339.2161,72.5704,82.34856,3.170548,-1
355.6766,2.407046,339.2161,72.5254,82.39555,3.158069,-1
355.6766,2.407049,339.2161,72.51073,82.48991,3.1682,-1
355.6766,2.407043,339.2161,72.50992,82.5351,3.138574,-1
355.6765,2.407024,339.2161,72.53567,82.51234,3.029207,-1
355.6765,2.407011,339.2161,72.53477,82.49722,2.950558,-1
355.6765,2.407013,339.216,72.53411,82.57402,2.960759,-1
355.6764,2.40701,339.216,72.53061,82.62612,2.939172,-1
355.6764,2.407013,339.216,72.52447,82.70405,2.956937,-1
355.6763,2.407008,339.216,72.54759,82.75491,2.931797,-1
355.6763,2.407019,339.216,72.51925,82.85954,2.99122,-1
355.6763,2.407028,339.216,72.51378,82.96843,3.044091,-1
355.6763,2.407027,339.216,72.50499,83.00207,3.03794,-1
355.6762,2.407028,339.216,72.5041,83.06028,3.04365,-1
355.6762,2.407033,339.216,72.51786,83.15627,3.078718,-1
355.6762,2.407043,339.216,72.48868,83.24023,3.133419,-1
355.6761,2.40704,339.216,72.51308,83.28653,3.120065,-1
355.6761,2.407059,339.216,72.48391,83.42986,3.226888,-1
355.6761,2.407028,339.216,72.40704,83.19729,3.030129,-1
355.6761,2.406954,339.216,72.67678,82.95316,2.630191,-1
355.6761,2.406963,339.216,72.55877,82.97272,2.668193,-1
355.676,2.406963,339.216,72.61929,83.05244,2.67674,-1
355.676,2.406963,339.216,72.63099,83.08437,2.674532,-1
355.676,2.406966,339.216,72.62494,83.12843,2.696076,-1
355.676,2.407024,339.216,72.6025,83.51085,3.035436,-1
355.676,2.406971,339.216,72.64505,83.23501,2.722911,-1
355.676,2.406917,339.2159,72.74107,82.94529,2.414836,-1
355.676,2.406938,339.2159,72.70349,83.07765,2.537697,-1
355.676,2.406915,339.2159,72.71013,82.92781,2.39852,-1
355.676,2.406904,339.216,72.62206,82.79877,2.322423,-1
355.676,2.40691,339.216,72.64804,82.87023,2.357931,-1
355.676,2.406908,339.216,72.65617,82.86254,2.348066,-1
355.676,2.406909,339.216,72.6664,82.87433,2.353933,-1
355.676,2.406908,339.216,72.67746,82.86812,2.350628,-1
355.676,2.406908,339.216,72.67108,82.86651,2.348351,-1
355.676,2.406906,339.216,72.66756,82.85818,2.338824,-1
355.676,2.406908,339.216,72.6787,82.86836,2.348959,-1
355.676,2.406909,339.216,72.66629,82.86137,2.358792,-1
355.676,2.406911,339.216,72.66512,82.86285,2.365572,-1
355.676,2.406912,339.216,72.66343,82.85636,2.375021,-1
355.676,2.406911,339.216,72.67345,82.83924,2.370776,-1
355.676,2.40691,339.216,72.66647,82.80746,2.362568,-1
355.676,2.406909,339.216,72.67319,82.77602,2.35853,-1
355.676,2.406909,339.216,72.67848,82.74857,2.357026,-1
355.6761,2.40691,339.216,72.66486,82.71938,2.359957,-1
355.6761,2.406906,339.216,72.67459,82.67639,2.337399,-1
355.6761,2.406907,339.216,72.66214,82.64233,2.345417,-1
355.6761,2.406904,339.216,72.6667,82.58641,2.32627,-1
355.6761,2.406904,339.216,72.66581,82.53515,2.32862,-1
355.6761,2.406904,339.216,72.67204,82.48755,2.325722,-1
355.6762,2.406908,339.216,72.66199,82.45438,2.347861,-1
355.6762,2.406907,339.216,72.6749,82.40364,2.343537,-1
355.6763,2.406909,339.216,72.67429,82.3627,2.355494,-1
355.6763,2.406915,339.216,72.66647,82.33619,2.392593,-1
355.6763,2.406916,339.216,72.66898,82.28,2.39792,-1
355.6763,2.406919,339.216,72.66236,82.23423,2.415344,-1
355.6764,2.40692,339.216,72.66116,82.17447,2.420345,-1
355.6765,2.40692,339.216,72.66551,82.11546,2.425849,-1
355.6765,2.406918,339.216,72.67078,82.0285,2.410414,-1
355.6765,2.406919,339.216,72.66089,82.00324,2.411328,-1
355.6765,2.406919,339.216,72.66089,82.00324,2.411328,-1
355.6765,2.406909,339.2161,72.6806,81.90879,2.355554,-1
355.6766,2.406909,339.2161,72.67941,81.83411,2.360995,-1
355.6766,2.406911,339.2161,72.67448,81.76788,2.372311,-1
355.6766,2.406908,339.2161,72.68056,81.66736,2.349343,-1
355.6767,2.406903,339.2161,72.68969,81.56811,2.323077,-1
355.6767,2.406903,339.2161,72.67716,81.4897,2.323248,-1
355.6768,2.406906,339.2161,72.68681,81.43251,2.343468,-1
355.6768,2.406907,339.2161,72.68994,81.34628,2.344344,-1
355.6769,2.406908,339.2161,72.68491,81.25906,2.349808,-1
355.6769,2.406908,339.2161,72.68051,81.16965,2.350542,-1
355.6769,2.406906,339.2161,72.688,81.07281,2.343244,-1
355.677,2.406905,339.2162,72.68498,80.9634,2.337472,-1
355.6771,2.406907,339.2162,72.68014,80.86781,2.346137,-1
355.6771,2.406911,339.2162,72.68356,80.7948,2.37066,-1
355.6772,2.406912,339.2162,72.68521,80.69668,2.379987,-1
355.6772,2.406913,339.2162,72.69237,80.59595,2.382683,-1
355.6773,2.406913,339.2162,72.69862,80.48069,2.382392,-1
355.6774,2.406917,339.2162,72.69058,80.39525,2.408522,-1
355.6774,2.406922,339.2162,72.68893,80.31122,2.439236,-1
355.6775,2.406924,339.2162,72.68649,80.20234,2.446308,-1
355.6776,2.406925,339.2162,72.68097,80.085,2.456297,-1
355.6776,2.406924,339.2163,72.68083,79.9584,2.445821,-1
355.6777,2.406923,339.2163,72.67682,79.83414,2.443616,-1
355.6777,2.406924,339.2163,72.68007,79.72861,2.44981,-1
355.6778,2.40692,339.2163,72.68188,79.58514,2.42735,-1
355.6779,2.406919,339.2163,72.68689,79.45827,2.423058,-1
355.678,2.406916,339.2163,72.69227,79.3113,2.402587,-1
355.678,2.406919,339.2164,72.68027,79.18538,2.42037,-1
355.6781,2.406919,339.2164,72.68788,79.05284,2.420199,-1
355.6782,2.406918,339.2164,72.69039,78.91613,2.416057,-1
355.6782,2.406916,339.2164,72.68879,78.76559,2.399774,-1
355.6783,2.406914,339.2164,72.69496,78.61792,2.386734,-1
355.6784,2.406914,339.2165,72.69486,78.48759,2.393095,-1
355.6785,2.406918,339.2165,72.68668,78.3661,2.41015,-1
355.6785,2.406918,339.2165,72.67897,78.21851,2.414204,-1
355.6786,2.406919,339.2165,72.67716,78.07455,2.417278,-1
355.6787,2.40691,339.2165,72.68204,77.87601,2.367153,-1
355.6788,2.406907,339.2166,72.68414,77.70673,2.348246,-1
355.6789,2.406904,339.2166,72.68587,77.54036,2.332209,-1
355.679,2.406902,339.2166,72.68386,77.36613,2.314042,-1
355.679,2.406904,339.2166,72.68586,77.22156,2.325803,-1
355.6791,2.406905,339.2166,72.67577,77.06437,2.331496,-1
355.6792,2.406898,339.2167,72.68347,76.86714,2.296451,-1
355.6793,2.406898,339.2167,72.6843,76.69851,2.289464,-1
355.6794,2.406896,339.2167,72.68736,76.53909,2.283469,-1
355.6795,2.406899,339.2167,72.67867,76.37988,2.301506,-1
355.6796,2.4069,339.2168,72.67999,76.2081,2.304869,-1
355.6797,2.406903,339.2168,72.68604,76.06033,2.322622,-1
355.6797,2.406901,339.2168,72.68985,75.87875,2.313516,-1
355.6799,2.406906,339.2169,72.68481,75.73549,2.339334,-1
355.6799,2.406908,339.2169,72.68156,75.56885,2.352536,-1
355.6801,2.406908,339.2169,72.68176,75.38338,2.3508,-1
355.6801,2.406909,339.2169,72.68234,75.21172,2.356755,-1
355.6802,2.406909,339.2169,72.6778,75.03065,2.354234,-1
355.6803,2.406909,339.217,72.67176,74.85049,2.352535,-1
355.6804,2.406909,339.217,72.68088,74.67985,2.360954,-1
355.6805,2.406908,339.217,72.67868,74.48211,2.350869,-1
355.6806,2.406911,339.2171,72.67471,74.32214,2.367861,-1
355.6807,2.40691,339.2171,72.67574,74.13102,2.3665,-1
355.6808,2.40691,339.2172,72.68035,73.93905,2.362394,-1
355.6809,2.406907,339.2172,72.68154,73.73586,2.348717,-1
355.681,2.406907,339.2172,72.68305,73.54058,2.348702,-1
355.6812,2.406901,339.2173,72.68456,73.30644,2.3127,-1
355.6812,2.4069,339.2173,72.6868,73.10802,2.304016,-1
355.6813,2.406901,339.2173,72.69139,72.92009,2.313461,-1
355.6815,2.406904,339.2174,72.69885,72.74039,2.329129,-1
355.6815,2.406905,339.2174,72.69669,72.54388,2.334704,-1
355.6816,2.406904,339.2174,72.70829,72.34764,2.333202,-1
355.6818,2.406909,339.2175,72.70227,72.16737,2.358315,-1
355.6819,2.406905,339.2175,72.70296,71.9438,2.335702,-1
355.6819,2.406898,339.2176,72.7123,71.70878,2.297412,-1
355.6821,2.406899,339.2176,72.70876,71.49831,2.301942,-1
355.6822,2.406905,339.2177,72.69163,71.32175,2.336144,-1
355.6823,2.406906,339.2177,72.70843,71.13717,2.345962,-1
355.6824,2.406909,339.2177,72.70356,70.93262,2.362324,-1
355.6825,2.40691,339.2178,72.69862,70.72979,2.365214,-1
355.6826,2.406912,339.2178,72.68634,70.52577,2.37729,-1
355.6827,2.406915,339.2179,72.69711,70.33833,2.396437,-1
355.6829,2.406914,339.2179,72.69604,70.1211,2.391441,-1
355.6829,2.406913,339.2179,72.69472,69.89376,2.381848,-1
355.683,2.406914,339.218,72.68297,69.66701,2.385328,-1
355.6832,2.406916,339.218,72.68938,69.47307,2.400023,-1
355.6833,2.406916,339.2181,72.69049,69.25618,2.40081,-1
355.6834,2.406917,339.2181,72.68503,69.04709,2.405264,-1
355.6835,2.406913,339.2182,72.69028,68.80341,2.382954,-1
355.6836,2.406911,339.2182,72.69432,68.58353,2.371533,-1
355.6837,2.406911,339.2183,72.69156,68.35988,2.371061,-1
355.6838,2.406905,339.2183,72.70529,68.11206,2.338063,-1
355.684,2.406905,339.2184,72.7004,67.87782,2.334274,-1
355.6841,2.406901,339.2184,72.69897,67.63718,2.313329,-1
355.6842,2.4069,339.2185,72.70658,67.40885,2.307015,-1
355.6843,2.406901,339.2185,72.70282,67.18465,2.313807,-1
355.6844,2.406899,339.2186,72.70083,66.93953,2.298748,-1
355.6845,2.406893,339.2186,72.70432,66.68364,2.262846,-1
355.6846,2.406892,339.2187,72.712,66.44775,2.25952,-1
355.6848,2.406894,339.2188,72.71723,66.22843,2.275431,-1
355.6849,2.406894,339.2188,72.71572,65.99612,2.274071,-1
355.685,2.406895,339.2189,72.72385,65.76252,2.277824,-1
355.6851,2.406896,339.2189,72.7289,65.53972,2.287313,-1
355.6852,2.406898,339.219,72.72758,65.31304,2.298554,-1
355.6854,2.406898,339.2191,72.73296,65.0758,2.300153,-1
355.6855,2.406897,339.2191,72.73699,64.82995,2.291093,-1
355.6856,2.406898,339.2192,72.72741,64.59326,2.3,-1
355.6857,2.406893,339.2192,72.7393,64.33295,2.272304,-1
355.6858,2.406894,339.2193,72.72883,64.0973,2.275939,-1
355.6859,2.406894,339.2194,72.7254,63.8604,2.274184,-1
355.686,2.406893,339.2194,72.72901,63.6195,2.269079,-1
355.6862,2.406891,339.2195,72.7263,63.36987,2.256377,-1
355.6863,2.406894,339.2195,72.71392,63.14285,2.269378,-1
355.6864,2.406895,339.2196,72.71094,62.91828,2.279825,-1
355.6865,2.406893,339.2197,72.7106,62.67683,2.265012,-1
355.6866,2.406894,339.2197,72.7263,62.44727,2.272985,-1
355.6868,2.406897,339.2198,72.71931,62.2272,2.290857,-1
355.6868,2.406898,339.2199,72.71077,61.99688,2.299846,-1
355.687,2.406903,339.2199,72.70867,61.77755,2.327084,-1
355.6871,2.406902,339.22,72.71193,61.53859,2.322575,-1
355.6872,2.406904,339.2201,72.71544,61.3174,2.336001,-1
355.6873,2.406906,339.2202,72.71368,61.09417,2.340878,-1
355.6874,2.406905,339.2202,72.71503,60.86494,2.336188,-1
355.6876,2.406902,339.2203,72.72002,60.6101,2.321992,-1
355.6876,2.406902,339.2203,72.72664,60.37583,2.324413,-1
355.6877,2.406904,339.2204,72.72742,60.15832,2.337486,-1
355.6879,2.406906,339.2205,72.71698,59.9256,2.347267,-1
355.688,2.406908,339.2206,72.71567,59.69081,2.356122,-1
355.6881,2.406906,339.2206,72.71918,59.44676,2.344277,-1
355.6882,2.406911,339.2207,72.70535,59.21875,2.371447,-1
355.6883,2.406908,339.2208,72.71874,58.97036,2.354487,-1
355.6884,2.406906,339.2209,72.72501,58.72459,2.347299,-1
355.6885,2.406906,339.2209,72.73111,58.4735,2.34355,-1
355.6887,2.406906,339.221,72.72462,58.23032,2.343015,-1
355.6888,2.406902,339.2211,72.7233,57.96954,2.324361,-1
355.6889,2.406903,339.2212,72.72242,57.73118,2.325042,-1
355.689,2.406901,339.2212,72.72407,57.49543,2.317427,-1
355.6891,2.406902,339.2213,72.7205,57.26289,2.320138,-1
355.6892,2.406899,339.2214,72.72457,57.01952,2.303105,-1
355.6893,2.406899,339.2215,72.71836,56.77703,2.305796,-1
355.6894,2.4069,339.2215,72.72038,56.55202,2.310628,-1
355.6895,2.406904,339.2216,72.71616,56.33121,2.331419,-1
355.6896,2.406903,339.2217,72.71149,56.08227,2.328031,-1
355.6898,2.406904,339.2218,72.71606,55.85567,2.336031,-1
355.6898,2.406905,339.2218,72.71806,55.62189,2.339078,-1
355.6899,2.406905,339.2219,72.72337,55.38595,2.342349,-1
355.6901,2.40691,339.222,72.71821,55.17576,2.371408,-1
355.6902,2.406906,339.2221,72.71374,54.91589,2.346403,-1
355.6902,2.406908,339.2222,72.71042,54.69198,2.353186,-1
355.6904,2.406908,339.2222,72.70979,54.46146,2.357474,-1
355.6905,2.406907,339.2223,72.71029,54.22442,2.350394,-1
355.6906,2.406905,339.2224,72.71301,53.98687,2.340693,-1
355.6907,2.406903,339.2225,72.72374,53.73763,2.327435,-1
355.6908,2.406904,339.2226,72.7171,53.49577,2.333687,-1
355.6909,2.406902,339.2227,72.72392,53.24925,2.323993,-1
355.691,2.406903,339.2227,72.71407,53.01791,2.323414,-1
355.6911,2.406901,339.2228,72.72809,52.79005,2.318898,-1
355.6912,2.406903,339.2229,72.73267,52.56575,2.327847,-1
355.6913,2.406899,339.223,72.72521,52.31688,2.304904,-1
355.6914,2.406894,339.2231,72.73607,52.04884,2.275512,-1
355.6915,2.406892,339.2231,72.73436,51.80082,2.260007,-1
355.6916,2.406892,339.2232,72.73017,51.56542,2.261033,-1
355.6917,2.406892,339.2233,72.73281,51.33509,2.264832,-1
355.6918,2.406893,339.2234,72.72506,51.1085,2.26785,-1
355.6919,2.406889,339.2235,72.73646,50.86743,2.244271,-1
355.692,2.406886,339.2236,72.73129,50.62479,2.227839,-1
355.6921,2.406883,339.2236,72.73357,50.39307,2.209858,-1
355.6921,2.406888,339.2237,72.70996,50.18498,2.234811,-1
355.6923,2.406891,339.2238,72.71359,49.97099,2.252262,-1
355.6923,2.406896,339.2239,72.70979,49.77694,2.284228,-1
355.6924,2.406896,339.224,72.7049,49.55439,2.281892,-1
355.6925,2.406897,339.2241,72.70882,49.34196,2.291508,-1
355.6926,2.406897,339.2242,72.70675,49.11501,2.287906,-1
355.6927,2.406896,339.2242,72.70801,48.88297,2.281438,-1
355.6928,2.406899,339.2243,72.70463,48.68322,2.304585,-1
355.6929,2.406901,339.2244,72.70639,48.4767,2.31639,-1
355.693,2.406903,339.2245,72.72237,48.26534,2.329233,-1
355.6931,2.406904,339.2246,72.72849,48.05157,2.331976,-1
355.6931,2.406905,339.2247,72.73069,47.84384,2.340428,-1
355.6932,2.406904,339.2248,72.7299,47.61644,2.336027,-1
355.6933,2.406905,339.2248,72.73026,47.39925,2.338281,-1
355.6934,2.406902,339.2249,72.73346,47.16391,2.323728,-1
355.6935,2.406902,339.225,72.72552,46.94344,2.320698,-1
355.6936,2.406902,339.2251,72.7165,46.71817,2.318941,-1
355.6937,2.406901,339.2252,72.72176,46.50042,2.314525,-1
355.6937,2.406899,339.2253,72.72829,46.28152,2.302919,-1
355.6938,2.406898,339.2253,72.73723,46.07074,2.298755,-1
355.6939,2.406897,339.2254,72.74024,45.85658,2.295865,-1
355.694,2.406896,339.2255,72.74163,45.6361,2.289059,-1
355.6941,2.406896,339.2256,72.73098,45.42955,2.287899,-1
355.6942,2.406895,339.2257,72.73798,45.21631,2.278909,-1
355.6942,2.406897,339.2258,72.73476,45.02461,2.290625,-1
355.6943,2.406897,339.2259,72.74167,44.8278,2.29158,-1
355.6944,2.406902,339.226,72.7379,44.65371,2.324052,-1
355.6945,2.406902,339.226,72.74195,44.4588,2.324788,-1
355.6945,2.4069,339.2261,72.73711,44.25079,2.310469,-1
355.6946,2.406901,339.2262,72.73375,44.05369,2.315246,-1
355.6946,2.406898,339.2263,72.7439,43.84523,2.301281,-1
355.6948,2.406898,339.2263,72.7307,43.6376,2.300171,-1
355.6948,2.406897,339.2264,72.73246,43.44303,2.291661,-1
355.6949,2.406894,339.2265,72.73476,43.22439,2.277387,-1
355.6949,2.406897,339.2266,72.72896,43.04115,2.293202,-1
355.6951,2.406902,339.2267,72.71497,42.85825,2.321268,-1
355.6951,2.406902,339.2268,72.72523,42.66189,2.320579,-1
355.6952,2.406903,339.2269,72.7243,42.4688,2.326166,-1
355.6953,2.406902,339.2269,72.71385,42.25819,2.321239,-1
355.6953,2.4069,339.227,72.72716,42.05889,2.310819,-1
355.6954,2.406899,339.2271,72.7284,41.85818,2.307164,-1
355.6954,2.406901,339.2272,72.72639,41.67624,2.315225,-1
355.6956,2.406904,339.2273,72.72421,41.5042,2.331801,-1
355.6956,2.406901,339.2274,72.73755,41.30453,2.315726,-1
355.6957,2.406901,339.2274,72.74061,41.1214,2.316859,-1
355.6957,2.406903,339.2275,72.73594,40.9514,2.33126,-1
355.6958,2.406907,339.2276,72.72646,40.79237,2.349003,-1
355.6959,2.406901,339.2277,72.73476,40.58801,2.319425,-1
355.6959,2.406903,339.2278,72.73309,40.4205,2.329813,-1
355.696,2.406902,339.2278,72.73238,40.24626,2.320349,-1
355.696,2.406899,339.2279,72.73548,40.05889,2.308069,-1
355.6961,2.4069,339.228,72.73443,39.89346,2.309043,-1
355.6962,2.406903,339.2281,72.73646,39.73579,2.330675,-1
355.6962,2.406898,339.2281,72.74552,39.53329,2.296175,-1
355.6962,2.406898,339.2281,72.74514,39.53274,2.298397,-1
355.6962,2.406898,339.2281,72.74513,39.53275,2.298409,-1
355.6963,2.406893,339.2282,72.73325,39.30979,2.269662,-1
355.6964,2.406889,339.2283,72.73362,39.11213,2.247864,-1
355.6964,2.406895,339.2284,72.73449,38.97047,2.279483,-1
355.6964,2.406894,339.2284,72.74363,38.81056,2.27679,-1
355.6965,2.406894,339.2285,72.74229,38.64283,2.276014,-1
355.6965,2.406894,339.2286,72.74471,38.47849,2.275743,-1
355.6966,2.406895,339.2287,72.73661,38.32234,2.282962,-1
355.6967,2.406896,339.2287,72.74364,38.16573,2.287725,-1
355.6967,2.406893,339.2288,72.74682,37.99535,2.27336,-1
355.6968,2.406892,339.2289,72.75558,37.83155,2.263004,-1
355.6968,2.406895,339.2289,72.73759,37.68984,2.279519,-1
355.6968,2.406893,339.229,72.75679,37.54088,2.268438,-1
355.6969,2.406898,339.2291,72.74052,37.40485,2.297978,-1
355.697,2.406899,339.2292,72.74551,37.26168,2.308415,-1
355.697,2.406898,339.2292,72.74781,37.10571,2.30102,-1
355.697,2.406899,339.2293,72.73877,36.96212,2.308136,-1
355.6971,2.406899,339.2293,72.74146,36.81464,2.305404,-1
355.6971,2.406896,339.2294,72.74624,36.64693,2.287479,-1
355.6972,2.406896,339.2295,72.74314,36.50472,2.288636,-1
355.6972,2.406894,339.2296,72.74878,36.3471,2.276517,-1
355.6973,2.406896,339.2296,72.75318,36.22213,2.289402,-1
355.6973,2.406896,339.2297,72.76729,36.07891,2.288058,-1
355.6974,2.406897,339.2297,72.75924,35.9487,2.298074,-1
355.6974,2.406898,339.2298,72.75592,35.81024,2.30134,-1
355.6974,2.406898,339.2299,72.75616,35.66449,2.29899,-1
355.6975,2.406895,339.2299,72.75288,35.50564,2.284135,-1
355.6975,2.406896,339.23,72.74342,35.3757,2.287617,-1
355.6976,2.406896,339.2301,72.75152,35.24361,2.287951,-1
355.6976,2.406899,339.2301,72.75258,35.13546,2.310775,-1
355.6976,2.406898,339.2302,72.75507,34.99698,2.304946,-1
355.6977,2.406901,339.2303,72.74507,34.87439,2.315732,-1
355.6978,2.406902,339.2303,72.74506,34.75098,2.32494,-1
355.6978,2.406901,339.2304,72.74926,34.62132,2.319025,-1
355.6978,2.406898,339.2304,72.75517,34.48899,2.302627,-1
355.6979,2.406898,339.2305,72.75491,34.36691,2.301182,-1
355.6979,2.4069,339.2306,72.75106,34.25524,2.313351,-1
355.6979,2.406898,339.2306,72.75315,34.12394,2.304106,-1
355.6979,2.406899,339.2307,72.75826,34.01016,2.306274,-1
355.698,2.406897,339.2307,72.76531,33.88727,2.294151,-1
355.698,2.406894,339.2308,72.76328,33.76065,2.27669,-1
355.6981,2.406891,339.2308,72.7603,33.62525,2.258713,-1
355.6981,2.40689,339.2309,72.76941,33.51125,2.253377,-1
355.6981,2.40689,339.2309,72.75912,33.39499,2.255073,-1
355.6981,2.406891,339.231,72.75961,33.29266,2.259096,-1
355.6982,2.406895,339.231,72.75874,33.21741,2.286612,-1
355.6982,2.406894,339.2311,72.76102,33.10358,2.277335,-1
355.6982,2.406895,339.2311,72.76232,33.00763,2.286447,-1
355.6982,2.406895,339.2312,72.76102,32.90661,2.285544,-1
355.6983,2.406897,339.2312,72.75721,32.81567,2.292433,-1
355.6983,2.406893,339.2313,72.76971,32.70323,2.272158,-1
355.6984,2.406895,339.2313,72.76586,32.61424,2.284661,-1
355.6984,2.406891,339.2314,72.77953,32.5075,2.26403,-1
355.6984,2.406895,339.2314,72.76855,32.42807,2.283649,-1
355.6984,2.406894,339.2314,72.78546,32.33521,2.278156,-1
355.6984,2.406899,339.2315,72.77457,32.27088,2.311819,-1
355.6985,2.406899,339.2315,72.77854,32.18278,2.309245,-1
355.6985,2.406899,339.2316,72.77774,32.09505,2.312678,-1
355.6985,2.406898,339.2316,72.76395,31.99691,2.303918,-1
355.6985,2.406897,339.2317,72.77564,31.90976,2.297176,-1
355.6985,2.406895,339.2317,72.78172,31.81653,2.289229,-1
355.6986,2.406896,339.2318,72.78386,31.73137,2.292126,-1
355.6986,2.406897,339.2318,72.78228,31.65449,2.299226,-1
355.6987,2.406894,339.2318,72.77962,31.55067,2.28046,-1
355.6987,2.406897,339.2319,72.77357,31.47914,2.296159,-1
355.6987,2.406893,339.2319,72.77545,31.37572,2.275606,-1
355.6987,2.406891,339.232,72.78366,31.29679,2.265604,-1
355.6987,2.406893,339.232,72.77689,31.22653,2.276717,-1
355.6987,2.406891,339.232,72.77803,31.13873,2.264328,-1
355.6988,2.406893,339.2321,72.7794,31.08623,2.27642,-1
355.6988,2.406895,339.2321,72.77041,31.02745,2.284335,-1
355.6988,2.406894,339.2321,72.78152,30.95638,2.280148,-1
355.6989,2.406897,339.2321,72.78256,30.90457,2.298165,-1
355.6989,2.406903,339.2322,72.77357,30.87086,2.331026,-1
355.6989,2.406903,339.2322,72.77934,30.81364,2.333148,-1
355.6989,2.406904,339.2322,72.78047,30.76183,2.34072,-1
355.6989,2.406908,339.2323,72.78385,30.73868,2.365954,-1
355.6989,2.406913,339.2323,72.76551,30.70227,2.391098,-1
355.6989,2.406912,339.2323,72.76163,30.64763,2.38557,-1
355.6989,2.406908,339.2324,72.76991,30.58311,2.363842,-1
355.6989,2.406906,339.2324,72.77305,30.51973,2.351839,-1
355.699,2.406908,339.2324,72.7636,30.47882,2.361171,-1
355.699,2.406909,339.2324,72.76997,30.44133,2.367415,-1
355.699,2.406909,339.2325,72.77359,30.39701,2.36876,-1
355.699,2.406907,339.2325,72.7822,30.34281,2.356044,-1
355.699,2.406907,339.2325,72.77539,30.29679,2.357917,-1
355.699,2.406906,339.2325,72.77884,30.2504,2.351407,-1
355.699,2.406908,339.2325,72.77551,30.21606,2.363568,-1
355.699,2.406905,339.2325,72.76524,30.15775,2.34676,-1
355.699,2.406903,339.2326,72.77448,30.10863,2.333663,-1
355.699,2.406902,339.2326,72.78026,30.06543,2.328039,-1
355.699,2.406903,339.2326,72.77848,30.03485,2.334217,-1
355.6991,2.406905,339.2326,72.78524,30.01251,2.347962,-1
355.6991,2.406906,339.2326,72.79269,29.98947,2.356452,-1
355.6991,2.406906,339.2326,72.79579,29.96184,2.357852,-1
355.6991,2.406903,339.2327,72.7887,29.90872,2.335483,-1
355.6991,2.4069,339.2327,72.79887,29.86963,2.322187,-1
355.6991,2.406902,339.2327,72.79272,29.84724,2.331493,-1
355.6991,2.4069,339.2327,72.79591,29.80878,2.318682,-1
355.6991,2.406902,339.2327,72.78581,29.79016,2.32778,-1
355.6992,2.406901,339.2327,72.77962,29.76168,2.320498,-1
355.6992,2.406902,339.2327,72.7836,29.75615,2.328221,-1
355.6992,2.406903,339.2328,72.78661,29.7497,2.337354,-1
355.6992,2.406904,339.2328,72.77683,29.73161,2.342526,-1
355.6992,2.406896,339.2328,72.80127,29.67716,2.296113,-1
355.6992,2.406894,339.2328,72.80325,29.65876,2.285046,-1
355.6992,2.406895,339.2328,72.80715,29.65393,2.292378,-1
355.6992,2.406897,339.2328,72.8073,29.65015,2.302066,-1
355.6992,2.406896,339.2328,72.81591,29.63845,2.296346,-1
355.6992,2.406901,339.2328,72.80608,29.65727,2.328482,-1
355.6992,2.406905,339.2328,72.79459,29.6665,2.346945,-1
355.6992,2.406902,339.2328,72.79871,29.64405,2.329545,-1
355.6992,2.406902,339.2328,72.78871,29.64241,2.3314,-1
355.6992,2.406904,339.2328,72.79361,29.65093,2.342235,-1
355.6992,2.406908,339.2328,72.78799,29.66164,2.36475,-1
355.6992,2.406906,339.2328,72.7925,29.65315,2.351765,-1
355.6992,2.406911,339.2328,72.78775,29.68983,2.385815,-1
355.6992,2.406907,339.2328,72.78442,29.66729,2.362647,-1
355.6992,2.406905,339.2328,72.79884,29.66589,2.35088,-1
355.6992,2.406909,339.2328,72.79046,29.68967,2.37221,-1
355.6992,2.406907,339.2328,72.79175,29.68537,2.361436,-1
355.6992,2.406908,339.2328,72.79366,29.69848,2.366843,-1
355.6992,2.406904,339.2328,72.79607,29.68688,2.34451,-1
355.6992,2.406904,339.2328,72.80258,29.70965,2.346277,-1
355.6992,2.406906,339.2328,72.8028,29.74278,2.355557,-1
355.6992,2.406906,339.2328,72.80553,29.76085,2.356476,-1
355.6992,2.406903,339.2327,72.82512,29.7743,2.339999,-1
355.6992,2.4069,339.2327,72.80623,29.7734,2.321395,-1
355.6991,2.4069,339.2327,72.80743,29.8029,2.322603,-1
355.6991,2.406899,339.2327,72.81062,29.82215,2.317914,-1
355.6991,2.406898,339.2327,72.80561,29.83982,2.310374,-1
355.6991,2.406898,339.2327,72.79448,29.8628,2.307091,-1
355.6991,2.406898,339.2327,72.79706,29.89249,2.306488,-1
355.6991,2.4069,339.2326,72.7896,29.93222,2.319474,-1
355.6991,2.406903,339.2326,72.79048,29.98379,2.337045,-1
355.6991,2.406905,339.2326,72.78708,30.02108,2.345894,-1
355.699,2.406905,339.2326,72.80885,30.05546,2.351111,-1
355.699,2.406909,339.2326,72.79781,30.1024,2.371758,-1
355.699,2.406907,339.2326,72.79899,30.12319,2.362386,-1
355.699,2.406905,339.2325,72.81221,30.14826,2.351095,-1
355.699,2.406908,339.2325,72.8078,30.20349,2.369392,-1
355.699,2.406907,339.2325,72.81477,30.23742,2.365579,-1
355.699,2.406909,339.2325,72.81214,30.27837,2.375043,-1
355.699,2.406908,339.2325,72.82657,30.32114,2.37273,-1
355.699,2.406907,339.2325,72.825,30.36057,2.366751,-1
355.699,2.406904,339.2325,72.82344,30.37888,2.347103,-1
355.699,2.406906,339.2324,72.82082,30.43383,2.361339,-1
355.699,2.406904,339.2324,72.83793,30.46811,2.348161,-1
355.6989,2.406903,339.2324,72.82155,30.50729,2.33999,-1
355.6989,2.4069,339.2324,72.81835,30.54251,2.325314,-1
355.6989,2.406899,339.2323,72.81969,30.58568,2.313914,-1
355.6989,2.4069,339.2323,72.82461,30.64173,2.321558,-1
355.6989,2.406901,339.2323,72.81907,30.68431,2.328735,-1
355.6989,2.406899,339.2322,72.84381,30.7328,2.320239,-1
355.6989,2.406901,339.2322,72.83685,30.79333,2.328519,-1
355.6989,2.406905,339.2322,72.90476,30.94543,2.360308,-1
355.6988,2.406904,339.2321,72.89337,30.98419,2.356659,-1
355.6988,2.406903,339.2321,72.89497,31.03368,2.350814,-1
355.6988,2.406901,339.2321,72.90778,31.09913,2.342589,-1
355.6988,2.406901,339.2321,72.90054,31.13604,2.338735,-1
355.6987,2.406903,339.232,72.91093,31.2137,2.351895,-1
355.6987,2.406935,339.232,72.83781,31.45047,2.539223,-1
355.6987,2.406933,339.232,72.83095,31.49729,2.523643,-1
355.6989,2.40694,339.2322,72.54575,31.04147,2.52876,-1
355.6938,2.404384,339.2255,85.75273,339.5837,295.8176,-1
355.6984,2.404524,339.2316,84.00665,246.4185,216.6083,-1
355.7003,2.404386,339.2355,67.86816,12.66714,349.819,-1
355.7003,2.406636,339.2351,68.57476,23.33114,0.5824807,-1
355.7007,2.405454,339.2363,74.70009,13.65682,352.7684,-1
355.6994,2.406933,339.2333,63.99505,27.97198,1.697634,-1
355.6927,2.411342,339.2247,73.54371,77.20296,32.15756,-1
355.6856,2.403375,339.2194,82.37167,289.6555,227.7102,-1
355.6725,2.403282,339.2157,83.95632,13.13975,286.2176,-1
355.6542,2.406525,339.2201,85.11877,121.2771,0.1712736,-1
355.6392,2.409822,339.2516,79.3331,220.7382,33.91461,-1
355.6685,2.407978,339.2794,86.82202,321.3327,55.40003,-1
355.7018,2.409411,339.2403,79.84278,43.60374,30.85108,-1
355.6413,2.408329,339.2351,82.52147,182.7207,25.78057,-1
355.6859,2.406495,339.2757,80.47626,298.0552,359.7644,-1
355.692,2.407386,339.2236,74.02016,53.73862,5.658684,-1
355.6602,2.406219,339.2173,73.11257,107.5942,358.1619,-1
355.645,2.407268,339.2287,74.11658,148.5786,4.915427,-1
355.6399,2.408751,339.2393,64.18061,173.4269,9.222633,-1
355.6395,2.409868,339.2533,71.73676,209.032,19.52345,-1
355.6456,2.406758,339.2673,65.70945,219.1761,1.048092,-1
355.6624,2.411096,339.2781,79.1572,303.6242,49.52494,-1
355.6746,2.410192,339.2791,63.33644,290.1962,14.82985,-1
355.6851,2.400368,339.2755,31.25996,290.2036,347.0101,-1
355.6899,2.395309,339.2705,15.74819,303.7855,338.659,-1
355.695,2.399556,339.2672,356.9759,321.5863,347.4187,-1
355.6984,2.40017,339.2624,337.4687,336.5984,347.6008,-1
355.7004,2.401897,339.2588,339.2012,342.3274,351.1161,-1
355.7015,2.406748,339.2564,341.1761,343.6812,0.436723,-1
355.7018,2.407258,339.2553,347.9919,345.561,1.355874,-1
355.7021,2.404937,339.2538,357.551,348.7142,357.1665,-1
355.7022,2.404338,339.253,5.646444,349.7704,356.0771,-1
355.7022,2.404613,339.2532,8.653755,349.3141,356.5492,-1
355.7023,2.404045,339.2527,8.712149,350.0982,355.5177,-1
355.7025,2.405607,339.2518,9.825187,351.9624,358.3466,-1
355.7023,2.405696,339.2527,9.905062,350.4982,358.5076,-1
355.7026,2.405638,339.251,9.966475,353.4565,358.4015,-1
355.7025,2.405597,339.2516,8.106998,352.4995,358.3358,-1
355.7024,2.404814,339.2521,8.664685,351.2655,356.9142,-1
355.7024,2.404902,339.252,9.600743,351.4739,357.0651,-1
355.7024,2.405068,339.2522,10.38506,351.1605,357.3624,-1
355.7025,2.404854,339.2517,10.24924,351.907,356.973,-1
355.7025,2.405035,339.2514,9.807248,352.617,357.3051,-1
355.7025,2.404707,339.2514,10.21871,352.527,356.7053,-1
355.7025,2.404729,339.2514,10.57935,352.3534,356.7416,-1
355.7025,2.404647,339.2513,11.1608,352.5974,356.5849,-1
355.7025,2.404767,339.251,11.1427,353.1124,356.804,-1
355.7025,2.404897,339.251,11.82913,353.097,357.0352,-1
355.7025,2.404717,339.2512,12.08837,352.6468,356.7028,-1
355.7026,2.404938,339.2509,12.03786,353.4068,357.1083,-1
355.7025,2.404897,339.2509,12.22239,353.3124,357.0316,-1
355.7026,2.405028,339.2507,11.75707,353.6943,357.2757,-1
355.7025,2.404374,339.2509,8.746038,353.3089,356.1156,-1
355.7027,2.405255,339.2489,9.553469,357.1486,357.7079,-1
355.7027,2.406254,339.2491,5.088549,357.0473,359.5268,-1
355.7028,2.406282,339.2483,1.879253,358.6052,359.5788,-1
355.7028,2.406142,339.2477,1.636042,359.639,359.3283,-1
355.7028,2.40612,339.2477,1.584236,359.6125,359.2896,-1
355.7028,2.406937,339.2484,356.6468,358.4449,0.7536685,-1
355.7027,2.406117,339.2492,355.6127,357.0142,359.2812,-1
355.7027,2.405651,339.2489,0.3010119,357.5176,358.4491,-1
355.7027,2.405641,339.2488,3.777032,357.5563,358.4281,-1
355.7028,2.406095,339.2487,3.189766,357.9299,359.2433,-1
355.7028,2.406188,339.2484,1.592939,358.4705,359.4111,-1
355.7028,2.40625,339.2475,354.8638,0.09880941,359.5206,-1
355.7028,2.406251,339.2467,353.4379,1.50607,359.5216,-1
355.7028,2.406274,339.2462,353.8493,2.42633,359.5628,-1
355.7027,2.406255,339.2459,354.8638,2.944957,359.5285,-1
355.7028,2.406436,339.2461,356.754,2.596536,359.8549,-1
355.7027,2.406228,339.2456,0.6815905,3.424286,359.4827,-1
355.7026,2.405707,339.2451,2.574807,4.186999,358.5478,-1
355.7026,2.404464,339.2447,4.145703,4.898176,356.3112,-1
355.7025,2.403936,339.2441,4.992416,5.745124,355.3558,-1
355.7024,2.40378,339.2436,5.352243,6.667662,355.0714,-1
355.7025,2.405107,339.244,6.263028,6.082963,357.4591,-1
355.7026,2.405337,339.2442,6.7006,5.743296,357.8715,-1
355.7026,2.405639,339.2441,6.33759,6.029409,358.4178,-1
355.7026,2.405723,339.244,6.131701,6.173845,358.57,-1
355.7025,2.405554,339.2437,6.00092,6.623985,358.2654,-1
355.7025,2.405591,339.2436,5.365033,6.919567,358.3354,-1
355.7026,2.406096,339.2442,356.4135,5.954985,359.2446,-1
355.7026,2.40654,339.244,344.2477,6.382259,0.04302204,-1
355.7025,2.407043,339.2437,339.8989,6.60699,1.003678,-1
355.7024,2.406273,339.2429,346.5951,8.450989,359.5509,-1
355.7025,2.406227,339.2432,349.0617,7.940329,359.471,-1
355.7026,2.405559,339.2446,352.1853,5.461766,358.2688,-1
355.7027,2.405755,339.2459,350.9532,3.168969,358.6177,-1
355.7027,2.405573,339.2463,350.1826,2.543036,358.2841,-1
355.7026,2.406065,339.2502,348.8132,355.425,359.1757,-1
355.7017,2.406895,339.2557,348.1928,345.0084,0.691583,-1
355.6964,2.408453,339.2666,0.3823932,323.3563,3.468656,-1
355.6862,2.406657,339.2755,0.9038078,298.9021,0.2510692,-1
355.6827,2.404495,339.2771,355.9891,292.3125,356.3694,-1
355.673,2.407043,339.2794,351.4762,273.8686,0.9520122,-1
355.6744,2.406894,339.2793,345.1479,276.4623,0.6984963,-1
355.6713,2.407189,339.2795,341.6182,270.5647,1.267822,-1
355.6571,2.402053,339.2761,353.2065,245.4803,351.924,-1
355.6502,2.398517,339.2707,13.13758,224.9326,345.124,-1
355.6397,2.402202,339.2539,4.919579,190.8738,352.2208,-1
355.6405,2.405187,339.2578,5.161514,198.5422,357.6078,-1
355.6601,2.408152,339.2776,2.295157,250.6737,2.93027,-1
355.678,2.410367,339.2784,352.5009,282.3533,6.969826,-1
355.7011,2.407817,339.2576,353.4057,341.343,2.344558,-1
355.7019,2.405848,339.2401,356.967,13.43662,358.8003,-1
355.6913,2.402521,339.2233,355.8973,50.29742,352.8084,-1
355.6817,2.402663,339.2177,354.8296,70.44546,353.054,-1
355.6766,2.403789,339.2162,353.4878,80.02483,355.0778,-1
355.6782,2.404305,339.2165,353.7271,76.9664,356.0119,-1
355.6851,2.404661,339.219,356.4423,63.50486,356.669,-1
355.6987,2.404722,339.2321,358.3529,28.97218,356.7837,-1
355.6843,2.402669,339.2762,3.089984,294.8895,353.0834,-1
355.6594,2.404725,339.2774,2.25975,248.9519,356.7867,-1
355.6613,2.40531,339.2781,1.487187,252.7202,357.8369,-1
355.6879,2.404736,339.2745,6.106408,302.1285,356.7914,-1
355.6992,2.406678,339.2328,13.67957,27.47754,0.2962884,-1
355.6891,2.405316,339.2213,7.436883,54.64559,357.8312,-1
355.688,2.404832,339.2206,4.443161,57.14231,356.9726,-1
355.6897,2.404647,339.2218,5.069613,53.28636,356.6374,-1
355.6906,2.40457,339.2225,6.401771,51.13625,356.4892,-1
355.6955,2.403369,339.2275,4.681032,38.50523,354.3358,-1
355.7025,2.404079,339.244,354.8268,6.659936,355.6132,-1
355.7012,2.404965,339.2571,349.4628,343.1023,357.1732,-1
355.6976,2.405054,339.2649,350.1437,327.521,357.3401,-1
355.6791,2.404984,339.2784,353.0531,285.55,357.2347,-1
355.666,2.405477,339.2791,354.8382,261.6229,358.1299,-1
355.669,2.404782,339.2794,357.3922,266.9668,356.8891,-1
355.6833,2.404286,339.2769,0.9494839,293.1345,356.002,-1
355.7006,2.404057,339.2363,1.416918,20.47401,355.5887,-1
355.6867,2.403639,339.2199,1.275414,59.85369,354.8395,-1
355.6865,2.40397,339.2198,1.019528,60.24426,355.4337,-1
355.693,2.404577,339.2246,2.828582,45.77581,356.5193,-1
355.685,2.405038,339.2189,342.8772,64.32116,357.2275,-1
355.6833,2.405015,339.2181,330.6666,68.29696,356.9135,-1
355.6862,2.406211,339.2195,334.7056,61.34164,359.3951,-1
355.6888,2.407063,339.2211,342.1029,55.22924,1.028039,-1
355.6893,2.406965,339.2215,350.1179,54.39494,0.8142858,-1
355.6902,2.406825,339.2221,352.9451,52.52647,0.5552518,-1
351.8036,2.398055,189.7784,353.1457,48.64249,359.9573,-1
351.8069,2.397477,189.7818,353.8678,40.27805,358.9171,-1
351.7997,2.396743,189.7755,353.281,57.60231,357.5919,-1
351.7936,2.396449,189.7725,352.4441,70.00465,357.0551,-1
351.8011,2.39705,189.7765,354.2079,54.38346,358.1496,-1
351.8118,2.397537,189.7898,355.5266,23.42311,359.0286,-1
351.812,2.397065,189.7902,356.0729,22.64294,358.1817,-1
351.7975,2.397293,189.7742,353.086,62.14986,358.5827,-1
351.8066,2.396384,189.7815,355.7069,41.20374,356.9572,-1
351.8076,2.39749,189.8223,359.0587,321.7312,358.9462,-1
351.7816,2.398324,189.8344,356.3081,268.3508,0.4410419,-1
351.7703,2.397314,189.8321,356.325,247.8577,358.6292,-1
351.7825,1.023078,189.8025,0,315,0,exit0
351.6751,2.405336,189.7978,352.2255,253.3044,357.8651,-1
351.6608,2.396206,189.7904,353.8105,272.025,358.6093,-1
351.6745,2.395163,189.7868,354.2787,297.8884,356.7306,-1
351.6708,2.397978,189.7884,355.4875,290.1993,1.773056,-1
351.6612,2.397822,189.7904,356.6485,272.6437,1.492022,-1
351.6553,2.396615,189.7902,356.1429,262.2288,359.3254,-1
351.6627,2.395138,189.7903,355.8588,275.6491,356.6725,-1
351.6797,2.395826,189.7834,356.5811,308.8625,357.9108,-1
351.6442,2.403525,189.8211,357.3014,323.3051,0.2767299,-1
351.6545,2.402903,189.8433,358.2237,21.29744,0.4754838,-1
352.0197,2.39746,190.5097,0.3515404,16.66155,358.1501,-1
351.9138,2.406629,190.7095,0.6900867,284.9259,0.2005886,-1
350.8025,2.406309,190.9774,358.3119,286.7708,359.6268,-1
349.2834,2.404373,191.5811,359.4417,301.6487,356.1575,-1
348.6151,2.40525,191.9814,358.4341,298.0083,357.7308,-1
348.0957,2.40558,192.2467,358.3677,296.3484,358.3212,-1
347.0146,2.40518,192.7595,358.1638,291.815,358.1169,-1
345.8176,2.405004,193.2205,357.7789,290.9466,357.2877,-1
344.6071,2.405013,193.6871,357.5973,290.598,357.3034,-1
343.3809,2.405202,194.1416,358.3477,290.0313,357.6436,-1
341.8264,2.4051,194.7057,359.3954,289.9135,358.0844,-1
340.1675,2.405088,195.3081,1.256608,290.3614,357.4398,-1
338.4282,2.40079,195.9588,3.119885,290.4276,357.0328,-1
336.0664,2.404568,196.8523,5.043324,291.2557,356.4945,-1
333.4987,2.401356,197.8504,6.087641,291.5114,355.9564,-1
330.9644,2.404426,198.8539,6.976062,291.4703,356.2243,-1
328.293,2.4049,199.8973,6.56554,291.1107,357.0838,-1
325.6295,2.405184,200.9171,6.920421,290.4315,357.5951,-1
322.867,2.40508,201.9397,7.782829,290.4573,357.4023,-1
319.9156,2.405051,203.0413,8.246868,290.5934,357.347,-1
316.8684,2.402593,204.1816,8.28148,290.452,357.4621,-1
313.7485,2.405109,205.3438,8.316638,290.315,357.4516,-1
310.7183,2.405205,206.4695,7.309594,290.5139,357.6303,-1
307.6329,2.405211,207.6152,3.479612,290.2106,357.6949,-1
304.567,2.405135,208.7413,3.668866,290.1273,357.5202,-1
301.5153,2.39712,209.8637,4.08358,290.2458,357.6164,-1
298.3491,2.400933,211.0327,4.328814,290.3758,357.6564,-1
295.2332,2.405191,212.1917,4.337116,290.3918,357.6184,-1
291.8485,2.405303,213.437,3.983754,289.9769,357.8216,-1
288.6549,2.396396,214.5892,3.797219,289.4976,358.0107,-1
285.3679,2.4055,215.7448,3.994493,289.3326,358.1741,-1
281.9257,2.405521,216.9529,4.347706,289.3762,358.2109,-1
278.7025,2.405498,218.0934,3.624378,289.8624,358.1714,-1
275.4356,2.404455,219.2506,3.820423,289.487,358.4054,-1
272.373,2.40574,220.3311,4.622458,289.2339,358.6042,-1
269.7429,2.405279,221.2381,4.801532,288.5819,357.7751,-1
268.4682,1.030815,221.6307,0,315,0,enter1
268.3158,2.405642,221.7144,1.784385,287.384,358.4646,-1
268.2929,2.405911,221.7217,2.220305,284.2543,359.1325,-1
268.2946,2.404902,221.7212,0.7797168,287.4348,357.3245,-1
268.2952,2.405106,221.721,357.0259,288.7284,357.6867,-1
268.2955,2.405183,221.7209,359.4496,289.32,357.8279,-1
268.2958,2.405018,221.7208,0.5184261,289.8083,357.5338,-1
268.2958,2.404789,221.7208,0.3479635,289.8978,357.1233,-1
268.2893,2.404222,221.7224,359.7976,277.779,356.1061,-1
268.2792,2.404185,221.7221,0.9699287,259.5913,356.0382,-1
268.2655,2.405047,221.7161,356.3608,232.6733,357.5807,-1
268.2614,2.404568,221.7122,356.883,222.4776,356.7208,-1
268.261,2.40419,221.7118,357.9261,221.5203,356.0458,-1
268.285,1.031395,221.6907,0,315,0,exit1
268.2307,2.403792,221.6704,357.2273,213.5024,355.109,-1
268.1917,2.40564,221.602,356.5312,196.1808,358.4269,-1
268.2098,2.40685,221.1181,356.8571,152.752,0.5966587,-1
268.3394,2.405158,220.7327,359.4572,186.5036,358.7752,-1
268.31,2.404809,220.4001,358.8076,213.5654,356.9404,-1
268.3068,2.406225,220.3932,0.3569244,202.3355,359.4766,-1
268.074,2.395239,219.8369,359.0098,202.8926,357.1344,-1
267.1902,2.404643,217.7624,0.6416733,202.9507,356.6418,-1
266.1414,2.405348,215.1936,359.9483,201.1279,357.907,-1
265.2653,2.405584,212.9151,359.5214,200.2677,358.6528,-1
264.444,2.40562,210.661,359.73,199.427,358.3937,-1
263.6174,2.405633,208.3317,0.2996303,199.896,358.4167,-1
262.7686,2.40564,206.0023,1.045647,200.4912,358.4296,-1
261.8842,2.405695,203.6481,1.253538,200.8202,358.5275,-1
260.9828,2.405703,201.2992,1.406275,201.2504,358.5414,-1
260.069,2.405817,198.9594,1.63723,201.4977,358.7452,-1
259.1351,2.405971,196.5806,1.931456,201.3234,359.0213,-1
258.228,2.406042,194.2612,2.133794,201.4321,359.1494,-1
257.2884,2.405921,191.8847,2.208333,201.8844,358.9311,-1
256.3602,2.405812,189.5836,2.374726,202.2096,358.7356,-1
255.4173,2.405838,187.2733,2.470647,202.4661,358.7826,-1
254.4286,2.404924,184.9968,2.713578,207.4103,357.1437,-1
253.1947,2.405453,182.7917,2.8685,211.5091,358.092,-1
251.9348,2.406151,180.667,3.41587,207.6274,359.523,-1
250.9333,2.410212,178.4078,8.102715,194.1787,6.697119,-1
250.3031,2.407888,175.9951,5.90092,197.7019,2.469332,-1
249.3941,2.404603,173.7158,356.7899,210.8637,356.5659,-1
248.5458,1.031517,172.2731,0,315,0,enter2
248.5072,2.404631,172.2723,356.3521,213.035,356.6147,-1
248.4554,2.405157,172.1928,357.7556,211.9402,357.5617,-1
248.4542,2.406171,172.1908,0.61652,207.6016,359.3811,-1
248.4538,2.406111,172.1899,3.367841,205.8204,359.2718,-1
248.4539,2.405584,172.1901,4.068064,206.1457,358.325,-1
248.4525,2.406143,172.187,1.38989,200.1639,359.3297,-1
248.4516,2.405175,172.184,1.106983,194.6541,357.5964,-1
248.4516,2.404085,172.1836,0.1747097,193.9893,355.6409,-1
248.4518,2.404147,172.1845,0.1004615,195.6724,355.7532,-1
248.4518,2.404593,172.1845,0.7460465,195.5453,356.5534,-1
248.4513,2.404747,172.1825,0.1352066,191.8765,356.8293,-1
248.4512,2.403652,172.1815,0.6685356,190.0236,354.8626,-1
248.451,2.402882,172.1802,359.1858,187.8469,353.4761,-1
248.4826,1.031517,172.1759,0,315,0,exit2
248.4397,2.403191,172.0447,357.4129,181.8803,354.0284,-1
248.4407,2.404688,171.9863,355.9808,152.9361,356.715,-1
248.6582,2.406969,171.7047,356.6072,124.7212,0.810759,-1
248.6894,2.408647,171.6809,356.5208,111.9602,3.823955,-1
248.6963,2.408369,171.6789,357.274,99.21825,3.321586,-1
248.9587,2.405242,171.6151,357.2321,109.2601,357.7144,-1
249.084,2.399672,171.5815,357.3224,111.0383,357.0643,-1
249.3553,2.40488,171.4772,357.3224,111.0383,357.0643,-1
249.4393,2.406142,171.4448,357.7414,114.2415,359.3279,-1
249.5519,2.406359,171.3949,357.5846,113.4615,359.7173,-1
249.6443,2.406495,171.3547,357.8674,114.0619,359.9604,-1
249.8341,2.40656,171.2681,359.5695,114.5085,0.07783607,-1
250.6376,2.405413,170.9065,0.4116574,113.7384,0.5269766,-1
251.64,2.40683,170.4635,359.6261,114.1243,0.5609003,-1
252.7572,2.402555,169.9546,358.4962,116.2771,359.6855,-1
253.9612,2.400375,169.3141,357.9944,120.8631,358.1556,-1
255.3053,2.396218,168.515,358.1064,120.5692,358.0537,-1
256.3336,2.405641,167.9071,358.3212,120.4852,358.4302,-1
257.514,2.40556,167.2068,358.9352,121.272,358.2847,-1
258.5925,2.405517,166.5404,359.2142,122.6072,358.2092,-1
259.7387,2.405555,165.8044,359.1524,122.8207,358.278,-1
260.9011,2.403614,165.0554,359.6846,123.0319,358.1344,-1
262.0969,2.405349,164.2683,359.4166,123.8855,357.9083,-1
263.3668,2.405216,163.4044,355.5044,125.8113,357.6618,-1
264.449,2.405184,162.5968,355.0671,128.7358,357.603,-1
265.6695,2.399603,161.3853,356.6473,140.528,356.1851,-1
266.6333,2.403249,160.3569,357.3504,123.1268,358.4842,-1
267.8304,2.40409,159.6731,357.6654,115.8294,355.6463,-1
269.0758,2.402915,159.057,359.9526,115.1616,353.5366,-1
270.2836,2.399461,158.4559,359.9844,121.9051,347.2609,-1
271.3985,2.400872,157.7026,359.0277,128.2971,349.8385,-1
272.4965,2.400977,156.8453,357.2719,126.5376,355.3996,-1
273.6906,2.404852,155.9734,356.8249,123.7329,357.0122,-1
274.617,2.405055,155.3861,356.6616,120.1729,357.3757,-1
275.8273,2.405336,154.6353,356.9368,131.9763,357.8827,-1
276.9137,2.405436,153.5423,356.8932,137.4507,358.0617,-1
277.8531,2.405831,152.5132,356.6479,138.0057,358.7698,-1
278.7868,2.406867,151.5056,356.318,134.8625,0.6275352,-1
279.901,2.403127,150.4317,357.3525,132.302,1.45373,-1
281.1697,2.408813,149.2654,357.5327,131.74,4.118376,-1
282.2994,2.4021,148.3968,358.8367,113.6996,5.336987,-1
283.797,2.406083,147.8105,358.3408,111.0344,359.2224,-1
285.2424,2.404977,147.1374,357.6806,126.6572,357.2394,-1
286.5466,2.405505,146.1526,357.464,126.8767,358.1851,-1
287.711,2.405751,145.3089,358.0717,117.6134,358.6282,-1
289.1294,2.400036,144.7261,358.4857,106.7001,358.8109,-1
290.799,2.405931,144.1656,358.4103,116.7237,358.951,-1
292.2062,2.405711,143.3706,357.2846,122.9759,358.5545,-1
293.4689,2.405732,142.5625,356.673,122.4597,358.8227,-1
294.8462,2.406001,141.6939,357.4538,122.5827,359.0752,-1
296.28,2.40652,140.7112,357.1712,128.2367,0.005925687,-1
297.6576,2.406821,139.6238,357.5639,128.5422,0.545745,-1
298.9977,2.406976,138.555,357.9649,128.5717,0.8219988,-1
300.3624,2.406971,137.4726,358.4785,128.3358,0.8137056,-1
301.6386,2.40652,136.4569,357.9043,128.5938,0.005226296,-1
302.3463,2.405929,135.8932,356.9687,128.7087,358.9449,-1
302.5237,2.404935,135.7514,357.0726,128.3097,359.277,-1
302.6247,2.405109,135.6717,359.282,128.3644,359.2468,-1
303.2565,2.406029,135.1655,2.09548,128.5717,359.1258,-1
305.0231,2.406047,133.7622,4.158218,128.7019,359.157,-1
306.9312,2.400297,132.227,2.837455,129.1371,358.7919,-1
308.4824,2.405527,130.9602,1.355789,128.9433,358.227,-1
309.6207,2.400059,130.0222,359.3951,137.8368,358.3132,-1
310.0496,2.395619,129.0067,357.2433,189.5543,356.8585,-1
309.9814,2.400213,128.4742,355.7319,176.6663,358.3444,-1
309.9947,2.404878,127.6584,355.7265,190.7496,357.0554,-1
309.7621,2.403359,126.9372,356.4623,218.7897,354.3254,-1
309.6664,2.403867,126.7832,354.4825,208.5191,355.227,-1
309.147,2.40419,125.8129,356.0182,206.4597,355.8194,-1
309.0087,2.406304,125.326,357.6565,147.9436,359.6183,-1
309.6036,2.404534,124.9496,356.1657,93.11213,358.6472,-1
310.2376,2.404874,124.9332,356.0732,79.20335,357.0491,-1
310.4692,2.402842,125.0367,353.8266,55.09784,0.5503517,-1
311.0042,2.403255,125.4995,354.8489,30.87351,0.8164147,-1
311.2048,2.407043,125.8454,355.2538,15.81225,0.9440683,-1
311.206,2.408712,125.8623,355.4661,347.5935,3.945309,-1
311.2017,2.407725,125.8729,356.2354,327.0814,2.168913,-1
311.1953,2.405559,125.8802,357.331,309.7982,358.2825,-1
311.1858,2.406937,125.8857,358.973,290.0254,0.751699,-1
311.1794,2.406118,125.8873,356.7977,278.281,359.2841,-1
311.1713,2.404507,125.8874,356.4508,263.9885,356.3919,-1
311.0211,2.403849,125.8803,358.8746,275.9885,355.2171,-1
310.6444,2.396234,125.9305,359.4631,285.5879,355.8777,-1
310.6069,2.403403,125.9434,358.3788,295.033,358.3149,-1
310.5877,2.404962,125.9506,356.4652,297.4509,358.4356,-1
310.4534,2.401347,126.0108,336.4331,285.8917,0.9372301,-1
309.9659,2.400453,126.0846,346.7274,256.1279,359.813,-1
309.5783,2.403893,125.9489,354.2262,246.0079,356.0791,-1
308.7361,2.403651,125.5748,357.6574,245.1915,354.8576,-1
307.9502,2.404143,125.2194,359.535,252.4697,355.7457,-1
307.0381,2.404096,125.0001,359.5675,261.9456,355.6612,-1
306.2727,2.404259,124.8794,0.8095948,257.4072,355.9524,-1
305.9148,2.404497,124.7893,3.533835,251.635,356.3741,-1
304.6611,2.40484,124.3741,4.880561,252.2263,356.9855,-1
303.3848,2.404677,123.9687,5.059269,252.6883,356.6917,-1
301.787,2.403244,123.4758,4.77036,253.4437,356.7325,-1
300.2707,2.404721,123.0516,3.851224,258.0595,356.7756,-1
298.3823,2.405616,122.8186,359.3761,278.8743,358.3864,-1
297.0655,2.405607,123.0621,356.8539,284.8434,358.3682,-1
296.08,2.401994,123.337,356.617,285.5536,358.5897,-1
294.9206,2.406187,123.6693,356.0265,289.9689,359.4071,-1
293.8008,2.404726,124.2164,355.8187,314.0196,356.7834,-1
292.9302,2.404225,125.1399,356.7675,320.4397,355.8856,-1
292.0953,2.398431,126.1113,358.2534,318.8335,356.8022,-1
291.2184,2.403747,127.2013,359.6171,324.5364,357.5413,-1
290.236,2.405082,128.5304,0.7051149,322.9647,357.4295,-1
289.1685,2.396125,129.9497,0.6655264,322.525,357.1799,-1
288.0107,2.405085,131.4396,0.8500296,320.9624,357.4343,-1
287.2101,2.398987,132.4146,359.8865,320.1956,356.9736,-1
286.3225,2.404385,133.5126,359.9239,324.3638,356.1794,-1
285.5308,2.404413,134.6584,0.588707,326.8443,356.2297,-1
284.5663,2.404509,136.1237,1.128339,325.9438,356.4127,-1
283.6402,2.404696,137.4938,0.7812763,325.652,356.7376,-1
282.6339,2.404619,138.9849,1.077824,328.898,356.5985,-1
281.9501,2.405528,140.3258,359.6033,345.8487,358.2281,-1
281.8484,1.031517,140.543,0,315,0,enter0
