*Subject
6
*Layout
0
*Condition
False,True,True
*Marks
321.3943,0,197.5121
279.3871,0,277.1073
325.34,0,301.3595
*Path
x,y,z,flag
234.5101,2.405652,208.984,358.8153,67.2951,359.9755,-1
234.5093,2.405375,208.9837,359.4331,68.87817,359.4779,-1
234.5097,2.405511,208.9839,358.8248,68.07733,359.7229,-1
234.5097,2.405633,208.9839,355.7564,68.07833,359.9413,-1
234.5095,2.405319,208.9838,354.9282,68.60597,359.377,-1
234.5076,2.405001,208.9831,354.9617,72.21648,358.8044,-1
234.5017,2.404754,208.9818,354.2438,83.11746,358.358,-1
234.4928,2.404617,208.9819,348.2329,99.27635,358.0814,-1
234.4837,2.404743,208.9848,346.2222,116.4773,358.2972,-1
234.4767,2.404902,208.9895,343.8329,131.6728,358.575,-1
234.4715,2.405554,208.9954,336.4686,145.4384,359.7817,-1
234.4685,2.406465,209.0007,336.9877,155.7905,1.554842,-1
234.4661,2.405604,209.0087,341.6205,171.2753,359.8828,-1
234.4659,2.404748,209.0157,343.0849,184.3798,358.2826,-1
234.4666,2.404417,209.0206,346.0482,193.311,357.6948,-1
234.4675,2.404288,209.024,353.4597,199.329,357.5162,-1
234.4663,2.40522,209.0191,353.0026,190.098,359.1942,-1
234.4658,2.404896,209.0144,354.3397,181.6703,358.6151,-1
234.4658,2.404334,209.0131,354.9173,179.3688,357.6042,-1
234.4658,2.404278,209.0148,353.2132,182.4966,357.497,-1
234.4659,2.404875,209.0158,353.2583,184.1507,358.5736,-1
234.4659,2.404666,209.0154,353.1819,183.6266,358.197,-1
234.4658,2.404261,209.0145,352.5885,182.095,357.4627,-1
234.4659,2.403543,209.0143,352.8586,181.8602,356.1656,-1
234.4658,2.403724,209.0143,353.3916,181.8588,356.4973,-1
234.4659,2.403691,209.0144,353.3912,181.9064,356.4372,-1
234.4658,2.404043,209.0141,353.6206,181.2781,357.0747,-1
234.4658,2.404117,209.0141,353.6141,181.3311,357.2087,-1
234.4658,2.404365,209.0147,354.2077,182.4058,357.6579,-1
234.4659,2.4071,209.0153,1.274537,183.2293,2.568548,-1
234.4659,2.408022,209.0149,7.217057,183.0049,4.256013,-1
234.4658,2.406515,209.0148,7.953207,182.5001,1.535395,-1
234.4659,2.40632,209.0158,5.878597,184.1171,1.176789,-1
234.4659,2.40632,209.0158,5.878597,184.1171,1.176789,-1
234.4661,2.40702,209.0176,4.899553,187.5509,2.433898,-1
234.4669,2.410024,209.0207,9.590918,194.3353,7.938889,-1
234.4661,2.405237,209.018,20.92261,187.6914,359.1785,-1
234.4661,2.401742,209.0117,18.77462,174.1998,352.5568,-1
234.4664,2.400461,209.0096,18.08508,169.7996,350.1478,-1
234.4663,2.401528,209.0092,23.57354,168.9241,351.8888,-1
234.4664,2.402378,209.0083,21.34483,168.1576,353.667,-1
234.4659,2.40234,209.0137,15.37269,178.567,353.812,-1
234.4658,2.404408,209.0149,3.859697,182.2513,357.7427,-1
234.4674,2.415318,209.0167,335.788,177.6995,19.31178,-1
234.4666,2.398699,209.011,320.9894,185.6899,343.729,-1
234.4699,2.39459,209.0023,342.3625,164.7053,338.7028,-1
234.4697,2.417654,209.0039,15.78622,167.6655,22.91111,-1
234.4826,2.426329,208.9944,31.93665,160.3258,49.5424,-1
234.4851,2.429429,208.9962,5.701456,132.5846,48.26896,-1
234.4943,2.414694,208.983,19.56113,102.4609,17.42261,-1
234.5017,2.402054,208.982,24.89091,79.92908,352.8514,-1
234.5058,2.399464,208.9832,33.51571,67.65314,346.557,-1
234.503,2.400298,208.9824,32.84206,74.19414,348.4826,-1
234.5015,2.400642,208.9821,30.22655,77.97607,349.5316,-1
234.5047,2.401053,208.9827,40.88602,70.03713,349.0072,-1
234.5026,2.405646,208.9819,41.89584,81.36622,359.9519,-1
234.5007,2.405816,208.9817,35.21036,84.96497,0.3275461,-1
234.5022,2.405641,208.9818,39.45067,82.05837,359.9422,-1
234.5019,2.40564,208.9818,38.41754,82.48376,359.9406,-1
234.5009,2.405692,208.9817,37.22504,84.39001,0.05757619,-1
234.502,2.405594,208.9818,38.61648,82.3868,359.8357,-1
234.5011,2.405625,208.9817,37.72893,83.96411,359.9064,-1
234.5009,2.405637,208.9817,37.96903,84.37436,359.9331,-1
234.5011,2.405611,208.9817,37.9797,83.95455,359.874,-1
234.501,2.405607,208.9817,37.85505,84.17817,359.8668,-1
234.5008,2.405607,208.9817,37.96083,84.42282,359.8667,-1
234.5007,2.405604,208.9817,37.77391,84.5918,359.8604,-1
234.5007,2.405593,208.9817,37.99483,84.68752,359.8346,-1
234.5006,2.405662,208.9817,37.83906,84.8605,359.9907,-1
234.5006,2.405623,208.9817,38.16375,84.9389,359.9025,-1
234.5004,2.405626,208.9817,37.81091,85.15456,359.9101,-1
234.5004,2.405579,208.9817,38.01022,85.24031,359.8017,-1
234.5003,2.405587,208.9816,37.74948,85.41637,359.8209,-1
234.5002,2.405588,208.9816,37.96554,85.55089,359.8221,-1
234.5001,2.405591,208.9816,37.7946,85.69978,359.8311,-1
234.5,2.405588,208.9816,37.92662,85.83883,359.823,-1
234.5,2.405587,208.9816,37.83535,85.98914,359.8218,-1
234.4999,2.405589,208.9816,37.88956,86.13049,359.8242,-1
234.4998,2.405585,208.9816,37.82358,86.26788,359.8173,-1
234.4997,2.405586,208.9816,37.88476,86.40272,359.8181,-1
234.4998,2.405582,208.9816,37.78679,86.20139,359.8096,-1
234.4999,2.405576,208.9816,37.81239,85.98662,359.7953,-1
234.5,2.405575,208.9816,37.73277,85.79088,359.7928,-1
234.5002,2.405574,208.9816,37.79031,85.59876,359.7923,-1
234.5003,2.405573,208.9816,37.71167,85.39446,359.7884,-1
234.5004,2.405564,208.9817,37.76206,85.18603,359.7698,-1
234.5005,2.405532,208.9817,37.62296,84.94684,359.6961,-1
234.5006,2.405567,208.9817,37.72314,84.80441,359.7752,-1
234.5007,2.405556,208.9817,37.6688,84.59524,359.7513,-1
234.5008,2.405554,208.9817,37.66082,84.39754,359.7469,-1
234.5009,2.40554,208.9817,37.6648,84.17649,359.7141,-1
234.501,2.405526,208.9817,37.70011,84.01256,359.6834,-1
234.5011,2.405551,208.9817,37.68063,83.88348,359.7389,-1
234.5012,2.405547,208.9817,37.68216,83.67268,359.7311,-1
234.5013,2.405556,208.9818,37.69818,83.48634,359.7498,-1
234.5014,2.40555,208.9818,37.68929,83.30908,359.7386,-1
234.5015,2.405549,208.9818,37.70491,83.10986,359.7353,-1
234.5016,2.405545,208.9818,37.66397,82.92054,359.7264,-1
234.5017,2.405545,208.9818,37.69901,82.74211,359.7263,-1
234.5018,2.405556,208.9818,37.67397,82.56845,359.7507,-1
234.5019,2.405549,208.9818,37.67576,82.38751,359.736,-1
234.502,2.405552,208.9818,37.66167,82.19756,359.7417,-1
234.5021,2.40556,208.9818,37.64869,82.03699,359.7611,-1
234.5022,2.40555,208.9818,37.6251,81.82936,359.7373,-1
234.5023,2.405529,208.9819,37.58677,81.63804,359.6909,-1
234.5024,2.405539,208.9819,37.65598,81.47353,359.7125,-1
234.5025,2.405543,208.9819,37.54605,81.30746,359.7221,-1
234.5026,2.405547,208.9819,37.64754,81.1016,359.7314,-1
234.5027,2.405578,208.9819,37.57962,80.97341,359.8006,-1
234.5028,2.405574,208.9819,37.63733,80.78514,359.7914,-1
234.5029,2.405562,208.982,37.54271,80.58658,359.7647,-1
234.503,2.405553,208.982,37.68317,80.39594,359.7435,-1
234.5031,2.405561,208.982,37.49131,80.24079,359.7629,-1
234.5032,2.405561,208.982,37.61952,80.06329,359.7629,-1
234.5033,2.40556,208.982,37.4686,79.87943,359.7619,-1
234.5034,2.405555,208.9821,37.59303,79.69489,359.7486,-1
234.5035,2.405556,208.9821,37.48097,79.52509,359.7504,-1
234.5036,2.405558,208.9821,37.58778,79.35886,359.7559,-1
234.5037,2.405562,208.9821,37.49503,79.18592,359.7656,-1
234.5038,2.405564,208.9821,37.57913,79.01733,359.7685,-1
234.5039,2.40556,208.9821,37.53345,78.85383,359.7611,-1
234.504,2.405559,208.9821,37.58165,78.68028,359.759,-1
234.5041,2.405557,208.9822,37.51775,78.50929,359.7531,-1
234.5042,2.405556,208.9822,37.55098,78.34512,359.7508,-1
234.5042,2.405557,208.9822,37.52886,78.17918,359.7541,-1
234.5043,2.405555,208.9822,37.5216,78.01279,359.75,-1
234.5044,2.405557,208.9822,37.51539,77.84986,359.7541,-1
234.5045,2.405549,208.9823,37.5171,77.67451,359.7357,-1
234.5046,2.405551,208.9823,37.56192,77.50748,359.7392,-1
234.5047,2.40556,208.9823,37.49292,77.3446,359.7596,-1
234.5048,2.405557,208.9823,37.56246,77.18833,359.7541,-1
234.5049,2.405546,208.9823,37.49398,77.02885,359.7291,-1
234.5049,2.405535,208.9824,37.62278,76.87749,359.7028,-1
234.505,2.405531,208.9824,37.45826,76.72336,359.6962,-1
234.5051,2.405534,208.9824,37.62886,76.57391,359.7018,-1
234.5052,2.405538,208.9824,37.50194,76.43755,359.7114,-1
234.5053,2.405537,208.9824,37.6344,76.29082,359.7074,-1
234.5053,2.405536,208.9825,37.52669,76.14613,359.7073,-1
234.5054,2.405539,208.9825,37.63714,75.99828,359.7125,-1
234.5055,2.405538,208.9825,37.54731,75.86329,359.7095,-1
234.5056,2.405535,208.9825,37.68872,75.71344,359.7043,-1
234.5057,2.405571,208.9825,37.69315,75.58628,359.7841,-1
234.5058,2.405556,208.9825,37.61224,75.4152,359.7521,-1
234.5059,2.405543,208.9826,37.70627,75.19866,359.7216,-1
234.5059,2.40558,208.9826,37.67208,75.11914,359.8052,-1
234.506,2.405589,208.9826,37.50323,74.981,359.8253,-1
234.5061,2.405574,208.9826,37.69459,74.77995,359.7911,-1
234.5062,2.405565,208.9827,37.44392,74.62475,359.7719,-1
234.5063,2.405569,208.9827,37.47809,74.4507,359.7805,-1
234.5063,2.405599,208.9827,37.49441,74.38274,359.8485,-1
234.5064,2.405625,208.9827,37.92819,74.25522,359.9061,-1
234.5065,2.405582,208.9828,38.05964,73.99561,359.8095,-1
234.5066,2.40559,208.9828,37.55777,73.96626,359.829,-1
234.5063,2.405572,208.9827,37.58616,74.31983,359.7867,-1
234.5053,2.40814,208.9825,38.6509,79.89813,5.680554,-1
234.5161,2.408007,208.9874,32.07341,57.50615,4.951673,-1
234.5115,2.411006,208.9851,21.14829,67.94592,10.30816,-1
234.5082,2.405344,208.9833,35.55714,70.6296,359.291,-1
234.5194,2.401873,208.9903,41.58774,41.05965,350.8811,-1
234.5266,2.410701,209.0006,43.40543,32.76575,12.50819,-1
234.5297,2.405498,209.0109,43.7748,4.509554,359.5823,-1
234.5295,2.404769,209.0179,45.00894,350.5406,357.7284,-1
234.5296,2.407316,209.0104,47.58618,8.798807,4.385603,-1
234.5296,2.403187,209.0122,60.7598,354.4804,350.8755,-1
234.5267,2.394295,209.0213,59.63331,304.5923,315.3412,-1
234.5279,2.395394,209.0169,58.18052,320.5526,322.4946,-1
234.5294,2.400978,209.014,38.92958,352.222,349.1451,-1
234.5289,2.398772,209.0158,15.28203,352.3739,347.0952,-1
234.5291,2.400773,209.0176,9.743032,351.0997,351.074,-1
234.529,2.40231,209.0199,6.3118,347.8849,353.9437,-1
234.5288,2.402618,209.0208,5.926121,346.1615,354.5046,-1
234.5284,2.403675,209.0225,7.651503,343.1803,356.3993,-1
234.5284,2.403556,209.0226,10.16204,342.7694,356.1581,-1
234.5281,2.404153,209.0238,9.11954,340.8935,357.2558,-1
234.5277,2.404716,209.0248,9.805596,339.164,358.2731,-1
234.5276,2.40483,209.025,9.589472,338.7967,358.4808,-1
234.5276,2.405021,209.0251,9.326286,338.6228,358.83,-1
234.5285,2.404679,209.0223,8.385067,343.9052,358.2134,-1
234.5275,2.405535,209.0253,11.08114,338.3263,359.7608,-1
234.5275,2.405277,209.0255,12.76066,337.9029,359.2863,-1
234.5276,2.4054,209.0252,12.28592,338.5432,359.513,-1
234.5276,2.40503,209.0252,11.75625,338.4008,358.8358,-1
234.5275,2.40434,209.0253,10.31563,338.0526,357.5862,-1
234.5267,2.40541,209.0273,9.913674,334.4393,359.5353,-1
234.527,2.404992,209.0266,10.9004,335.6039,358.7713,-1
234.5267,2.405939,209.0272,11.30931,334.8506,0.4989311,-1
234.5269,2.404875,209.0268,10.83552,335.2698,358.5582,-1
234.5271,2.404709,209.0262,10.71365,336.2757,358.2558,-1
234.5276,2.40461,209.0252,10.42006,338.2755,358.0766,-1
234.5276,2.404752,209.025,9.940485,338.8109,358.3385,-1
234.5275,2.404644,209.0254,10.51277,337.9705,358.1378,-1
234.5273,2.404218,209.0258,9.97064,336.9505,357.3675,-1
234.5274,2.404039,209.0256,10.07985,337.2347,357.0396,-1
234.5281,2.403737,209.0235,7.618334,341.3178,356.5127,-1
234.5282,2.404151,209.0234,4.752969,341.816,357.2765,-1
234.5278,2.404731,209.0245,7.446326,339.6699,358.3119,-1
234.5277,2.40552,209.0249,11.6765,339.0727,359.7333,-1
234.5273,2.405693,209.0258,12.88875,337.3718,0.0487206,-1
234.5271,2.405649,209.0265,17.28973,336.2042,359.9686,-1
234.5271,2.405282,209.0264,20.9689,336.0188,359.2628,-1
234.5271,2.405308,209.0264,22.36603,336.004,359.3064,-1
234.5278,2.406612,209.0245,21.75455,340.6761,1.823317,-1
234.5273,2.402705,209.0254,20.82018,336.1421,354.3184,-1
234.5283,2.403572,209.0229,18.70794,341.6923,356.0388,-1
234.5271,2.405915,209.0262,18.09354,336.7401,0.4695286,-1
234.527,2.404675,209.0265,15.52887,335.6062,358.1587,-1
234.5266,2.405687,209.0273,14.97719,334.4672,0.03932236,-1
234.5261,2.406104,209.0284,12.29144,332.5547,0.8022136,-1
234.5258,2.405406,209.0289,7.024731,331.2473,359.5308,-1
234.5252,2.405082,209.0301,7.383984,328.768,358.9457,-1
234.5256,2.405492,209.0293,14.27201,330.4894,359.6789,-1
234.5255,2.405225,209.0295,15.37828,329.8711,359.1806,-1
234.525,2.404697,209.0303,358.0745,328.5335,358.2632,-1
234.5251,2.404341,209.0301,1.400672,328.6818,357.6254,-1
234.5258,2.404881,209.029,359.8294,331.0568,358.5942,-1
234.5252,2.405637,209.03,359.6592,328.9709,359.9471,-1
234.524,2.40629,209.0319,356.4947,324.926,1.118832,-1
234.5221,2.405023,209.0343,353.5333,319.6437,358.8402,-1
234.5235,2.404811,209.0326,356.1921,323.6467,358.4652,-1
234.5247,2.404428,209.0307,359.2823,327.488,357.7825,-1
234.5251,2.404706,209.0301,359.6993,328.7908,358.2814,-1
234.5251,2.404706,209.0301,359.6993,328.7908,358.2814,-1
234.5251,2.404706,209.0301,359.6993,328.7908,358.2814,-1
234.5257,2.405193,209.0293,357.5684,330.6241,359.1523,-1
234.5254,2.405505,209.0296,355.1388,329.8142,359.7099,-1
234.5243,2.405963,209.0314,355.7485,326.0074,0.5335966,-1
234.524,2.406224,209.0319,355.4952,324.8636,1.002657,-1
234.5244,2.406261,209.0312,353.7461,326.3819,1.071051,-1
234.5256,2.406545,209.0294,352.7907,330.1928,1.586373,-1
234.5269,2.406784,209.0269,353.0865,335.1664,2.017156,-1
234.528,2.407003,209.024,353.4745,340.7432,2.41085,-1
234.5282,2.406895,209.0233,354.0194,342.0457,2.212804,-1
234.5274,2.40612,209.0257,355.3015,337.6627,0.8157094,-1
234.5259,2.405426,209.0287,355.8478,331.7066,359.5688,-1
234.5248,2.405305,209.0306,357.0409,327.7243,359.3534,-1
234.5246,2.405661,209.031,358.9472,326.883,359.9906,-1
234.5246,2.406091,209.0309,359.3419,327.0721,0.7599592,-1
234.5247,2.405951,209.0308,359.173,327.4359,0.5104822,-1
234.5247,2.405782,209.0309,359.0924,327.1884,0.2077316,-1
234.5247,2.405753,209.0309,359.2093,327.1746,0.1554948,-1
234.5247,2.405757,209.0308,359.3968,327.3419,0.1637996,-1
234.5247,2.405722,209.0308,359.3298,327.3213,0.0998994,-1
234.5247,2.405637,209.0308,359.3229,327.4167,359.9471,-1
234.5247,2.40565,209.0308,359.415,327.3665,359.9718,-1
234.5247,2.405637,209.0309,359.5081,327.2634,359.948,-1
234.5247,2.405632,209.0309,359.485,327.2281,359.9389,-1
234.5246,2.40567,209.0309,359.5067,327.0941,0.006473606,-1
234.5246,2.405647,209.031,359.4959,327.0222,359.9665,-1
234.5246,2.405623,209.031,359.2274,326.9811,359.9224,-1
234.5245,2.40561,209.0311,359.2179,326.6441,359.8992,-1
234.5244,2.405612,209.0313,359.3649,326.4167,359.9031,-1
234.5245,2.405593,209.0312,359.3347,326.5312,359.8692,-1
234.5245,2.405554,209.0312,359.3072,326.5564,359.7996,-1
234.5245,2.405516,209.0312,359.1603,326.5792,359.7312,-1
234.5244,2.405523,209.0312,359.3109,326.4774,359.7439,-1
234.5244,2.405494,209.0313,359.2815,326.4218,359.692,-1
234.5244,2.405495,209.0313,0.3547745,326.275,359.6941,-1
234.5245,2.405246,209.0311,0.6488368,326.7654,359.247,-1
234.5245,2.405269,209.0312,0.4296828,326.5161,359.2885,-1
234.5244,2.405281,209.0313,0.1950751,326.428,359.3106,-1
234.5243,2.405424,209.0314,0.05269821,325.9827,359.5664,-1
234.5242,2.405584,209.0315,0.0898288,325.8011,359.8531,-1
234.5242,2.405637,209.0316,0.02046164,325.647,359.9476,-1
234.5242,2.405559,209.0315,359.7451,325.7867,359.8081,-1
234.5242,2.405449,209.0316,359.7173,325.7717,359.6117,-1
234.5241,2.405565,209.0317,359.3573,325.4213,359.8184,-1
234.524,2.405548,209.0318,359.5077,325.1487,359.7892,-1
234.5241,2.405524,209.0318,359.7296,325.2514,359.7447,-1
234.524,2.405492,209.0318,359.6706,325.2179,359.6879,-1
234.5241,2.405369,209.0318,359.9542,325.2622,359.4681,-1
234.5252,2.405485,209.0301,0.07391947,328.8889,359.6762,-1
234.5249,2.405476,209.0305,358.9146,327.9113,359.6602,-1
234.5249,2.404355,209.0304,354.1339,328.4192,357.6396,-1
234.5253,2.403014,209.0296,352.0385,330.3978,355.2004,-1
234.5255,2.403427,209.0294,355.7672,330.6034,355.9773,-1
234.5255,2.404505,209.0294,358.2444,330.2034,357.9189,-1
234.5252,2.404685,209.0301,357.7526,328.9733,358.2427,-1
234.5244,2.404603,209.0312,0.08721323,326.4705,358.0972,-1
234.5242,2.403314,209.0315,4.503345,325.4921,355.7721,-1
234.5241,2.402459,209.0315,2.034987,325.5449,354.2439,-1
234.5244,2.402475,209.031,358.4722,326.8784,354.2749,-1
234.5258,2.401981,209.0285,21.8449,329.2982,352.8726,-1
234.5263,2.402872,209.0278,29.25062,330.5684,354.2556,-1
234.5257,2.403537,209.0291,41.08007,327.626,354.9353,-1
234.5259,2.403598,209.0287,39.2854,328.7305,355.2112,-1
234.5257,2.40361,209.029,16.06023,329.971,356.1672,-1
234.5252,2.403672,209.03,7.920681,328.5538,356.3924,-1
234.5251,2.404118,209.0301,7.265895,328.4194,357.2039,-1
234.526,2.403877,209.0285,8.240762,331.6051,356.7626,-1
234.5266,2.404494,209.0274,6.55908,333.985,357.8875,-1
234.5266,2.404902,209.0273,6.396048,334.3343,358.6237,-1
234.5262,2.404901,209.0282,6.309851,332.6216,358.6212,-1
234.5251,2.404801,209.0301,0.9057549,328.8209,358.4508,-1
234.5249,2.404101,209.0305,349.2208,328.6112,357.146,-1
234.5253,2.404212,209.0298,348.7383,330.0688,357.3447,-1
234.5257,2.404531,209.0291,351.3449,331.1031,357.9444,-1
234.5249,2.405115,209.0304,351.2086,328.3213,359.0008,-1
234.5241,2.405145,209.0318,350.8721,325.3991,359.0552,-1
234.524,2.405045,209.0319,350.6606,325.2278,358.8719,-1
234.5246,2.405077,209.0309,350.5287,327.2104,358.9316,-1
234.5253,2.405319,209.0299,350.5548,329.2857,359.3703,-1
234.5253,2.405512,209.0298,350.5378,329.4276,359.7211,-1
234.5249,2.405425,209.0305,350.1207,327.9875,359.5625,-1
234.5244,2.405197,209.0312,349.907,326.6121,359.1472,-1
234.5245,2.405097,209.0311,350.2269,326.8328,358.9652,-1
234.5249,2.405279,209.0305,350.518,328.1966,359.2982,-1
234.5251,2.405482,209.0301,350.3677,328.8882,359.6664,-1
234.525,2.405557,209.0303,350.1616,328.4092,359.802,-1
234.5245,2.405347,209.0311,350.1522,326.7736,359.4205,-1
234.5244,2.405272,209.0312,350.2359,326.5676,359.2843,-1
234.5248,2.405502,209.0307,350.0386,327.6387,359.7021,-1
234.5249,2.405761,209.0306,350.2134,327.8285,0.1733427,-1
234.5248,2.405854,209.0307,350.3871,327.5471,0.3406426,-1
234.5247,2.405788,209.0307,350.1801,327.4515,0.2214108,-1
234.5248,2.405671,209.0307,349.6862,327.5299,0.008731544,-1
234.5248,2.405592,209.0307,349.823,327.5203,359.8664,-1
234.5247,2.405621,209.0308,349.9186,327.3891,359.9183,-1
234.5253,2.406076,209.0298,346.5835,329.2675,0.7545983,-1
234.5249,2.405596,209.0305,348.8141,328.0829,359.8725,-1
234.5248,2.405438,209.0307,350.1353,327.597,359.5865,-1
234.5249,2.405262,209.0305,349.6891,328.1381,359.2654,-1
234.5248,2.405139,209.0307,350.2313,327.7569,359.0423,-1
321.4211,2.405621,197.5295,350.4008,326.9953,359.9185,-1
321.4211,2.405761,197.5296,351.1444,326.7923,0.1722231,-1
321.4212,2.405692,197.5295,352.2646,327.0864,0.04744221,-1
321.4211,2.405726,197.5295,351.9773,326.9565,0.1084019,-1
321.4213,2.405083,197.5293,355.1855,327.5981,358.9525,-1
321.4213,2.405001,197.5294,355.7436,327.4612,358.8056,-1
321.4213,2.404909,197.5293,355.8069,327.6486,358.6399,-1
321.4213,2.404947,197.5294,355.8377,327.4186,358.7092,-1
321.4213,2.404919,197.5294,355.7541,327.4853,358.6584,-1
321.4214,2.40496,197.5292,355.3062,327.7551,358.7313,-1
321.4216,2.404937,197.5288,354.8865,328.6149,358.6895,-1
321.4216,2.404941,197.5288,356.0846,328.6675,358.6992,-1
321.3943,1.030666,197.5121,0,315,0,exit0
321.4218,2.404888,197.5286,356.3508,329.0715,358.6036,-1
321.4217,2.404886,197.5287,356.1765,328.8611,358.6006,-1
321.4217,2.404907,197.5287,355.693,328.7926,358.6368,-1
321.4217,2.40484,197.5287,355.7008,328.9306,358.517,-1
321.4222,2.404672,197.5278,357.019,330.7587,358.2172,-1
321.423,2.40468,197.5264,2.204975,333.4569,358.2338,-1
320.7506,2.406596,198.8574,2.697702,332.6541,0.1412228,-1
319.0228,2.407026,202.3315,3.033034,332.6107,0.9130448,-1
317.4956,2.399967,205.2856,2.046656,332.7071,1.123853,-1
316.0771,2.406702,208.0292,1.989511,332.5907,0.4101218,-1
314.6924,2.406347,210.7068,2.241969,332.8004,359.6954,-1
313.3385,2.406295,213.401,1.744286,332.6204,359.6029,-1
311.9329,2.406165,216.1435,1.159315,332.9105,359.3699,-1
310.5753,2.40493,218.7991,0.9354743,332.9546,359.2965,-1
309.2784,2.40606,221.3405,0.7909924,333.1311,359.1819,-1
307.9049,2.406065,224.052,0.9587077,333.21,359.1916,-1
306.6133,2.398198,226.6429,0.908565,333.7663,358.6872,-1
305.1865,2.406927,229.4745,0.752762,331.8346,0.7334098,-1
303.802,2.403214,232.0178,0.9668139,330.9224,1.240256,-1
302.3344,2.407134,234.6566,0.8286659,331.1064,1.104633,-1
300.9826,2.406807,237.1334,0.5196045,331.9914,0.5195657,-1
299.611,2.406618,239.7291,0.02684543,332.393,0.180842,-1
298.2419,2.406551,242.3542,359.7234,332.5226,0.06058463,-1
296.8125,2.404979,245.0987,359.6658,332.4377,0.2218776,-1
295.4117,2.406687,247.7834,359.5728,332.4707,0.3047358,-1
294.1216,2.402443,250.2567,359.5719,332.3354,0.639876,-1
292.7422,2.406901,252.8811,359.5449,332.2331,0.6869099,-1
291.3717,2.40658,255.499,359.2612,332.9833,0.1137876,-1
290.0537,2.406305,258.1132,359.218,333.7995,359.6208,-1
288.7882,2.406428,260.6606,358.8444,333.5129,359.84,-1
287.4533,2.40657,263.3728,358.7728,333.4917,0.09532906,-1
286.1019,2.406658,266.1241,358.6141,333.4509,0.2524778,-1
284.8588,2.404359,268.617,358.4212,333.5426,0.2881671,-1
283.4484,2.406665,271.4501,358.4565,333.5477,0.2658756,-1
282.1542,2.40681,274.0581,359.7541,333.5148,0.5250918,-1
280.8654,2.406271,276.6917,358.7558,335.4455,359.5589,-1
280.8196,2.405598,276.7875,355.0929,337.479,358.3472,-1
280.8195,2.40594,276.7876,355.7164,337.502,358.9631,-1
280.8194,2.406264,276.788,356.1753,336.8203,359.5456,-1
280.8193,2.406262,276.7882,353.6121,336.4243,359.5414,-1
280.8192,2.406818,276.7884,353.1889,335.8748,0.5436535,-1
280.8192,2.406804,276.7884,352.8996,335.9011,0.518213,-1
280.79,1.031517,276.7754,0,315,0,enter1
280.8192,2.407135,276.7885,352.9631,335.5291,1.11437,-1
280.819,2.40715,276.7889,353.2796,334.8712,1.140515,-1
280.8191,2.407051,276.7887,353.3612,335.3036,0.9628491,-1
280.8196,2.407193,276.7876,353.2591,337.3714,1.219199,-1
280.8207,2.407285,276.7844,353.0202,343.3702,1.385758,-1
280.8215,2.407248,276.7809,352.8109,349.786,1.319783,-1
280.822,2.406821,276.7756,352.2637,359.4873,0.5494192,-1
280.8214,2.405602,276.7689,353.0083,11.82486,358.3485,-1
280.8187,2.406528,276.7611,352.4821,26.41986,0.02018404,-1
280.8143,2.406804,276.7545,352.0203,40.47911,0.5195139,-1
280.81,2.405921,276.7504,354.9124,51.3997,358.9287,-1
280.8087,2.406258,276.7494,0.5210667,54.23354,359.5364,-1
280.807,2.405693,276.7482,0.2443964,57.96531,358.5233,-1
280.79,1.031517,276.7754,0,315,0,exit1
280.8069,2.406662,276.7482,1.958332,58.16452,0.2599983,-1
280.8073,2.407126,276.7484,2.502929,57.40292,1.091632,-1
281.329,2.403115,277.0993,2.990639,55.77727,0.5981091,-1
285.0927,2.406129,279.6504,4.055744,56.24886,359.3032,-1
288.8314,2.405411,282.1141,3.328511,57.7501,358.0155,-1
292.1774,2.40358,284.1744,2.178436,59.73397,355.626,-1
295.2589,2.403197,285.964,2.213606,60.29268,354.0397,-1
298.0361,2.40255,287.537,2.072861,60.55735,352.8742,-1
300.5672,2.402396,288.9686,1.636114,60.42976,352.5976,-1
303.0198,2.402676,290.2455,2.029099,60.14377,353.1023,-1
305.4617,2.402719,291.4274,2.079827,59.97035,353.179,-1
308.0417,2.402734,292.7157,2.023136,59.80927,353.2066,-1
310.5657,2.402782,293.8879,1.984223,59.95143,353.3103,-1
313.3484,2.402915,295.1904,1.745675,59.85592,353.5341,-1
315.683,2.403087,296.3142,1.608887,59.71742,353.8449,-1
318.0783,2.402495,297.5663,1.312858,59.61974,354.1758,-1
320.5404,2.400153,298.8572,1.01372,59.67516,354.3519,-1
323.0066,2.404332,300.133,0.9752681,58.73531,356.0837,-1
324.0536,1.031517,300.5691,0,315,0,enter2
324.1855,2.40535,300.5872,359.2192,58.52962,357.9091,-1
324.1888,2.405487,300.5882,357.459,59.2444,358.1534,-1
324.1878,2.405617,300.5876,357.9406,61.10014,358.3866,-1
324.1877,2.40644,300.5876,356.9885,61.25352,359.8623,-1
324.1891,2.407029,300.5883,357.1259,58.47335,0.9183176,-1
324.1903,2.407054,300.5891,358.1754,55.88556,0.9629052,-1
324.191,2.406714,300.5896,358.1134,54.32612,0.3532137,-1
324.1902,2.406358,300.5891,357.6443,56.03765,359.7159,-1
324.1891,2.406458,300.5884,357.5205,58.37281,359.8939,-1
324.1887,2.406874,300.5881,357.5038,59.38422,0.6395254,-1
324.1884,2.407258,300.588,357.4762,59.81297,1.327379,-1
324.1886,2.407271,300.588,357.4124,59.46542,1.352148,-1
324.1724,1.031517,300.6156,0,315,0,exit2
324.1885,2.407006,300.588,357.6026,59.62174,0.8755233,-1
324.1884,2.40686,300.5879,357.748,59.91047,0.614709,-1
324.2634,2.406043,300.6309,357.7495,60.20853,0.6316625,-1
324.7258,2.407109,300.8743,357.3802,66.26418,1.060279,-1
325.2274,2.406164,301.0774,356.3681,80.61719,0.6645031,-1
325.2273,2.405179,301.081,355.2556,99.89973,0.1231287,-1
325.4545,2.406402,301.0051,355.8456,120.633,359.7933,-1
325.4589,2.405683,301.0067,357.1153,137.1752,358.5045,-1
325.4572,2.405571,301.0086,358.6834,141.6063,358.3047,-1
325.4578,2.40559,301.008,359.0276,140.1125,358.3391,-1
325.4592,2.405367,301.0064,359.3399,136.3681,357.9402,-1
325.46,2.405101,301.0056,359.1323,134.2131,357.4635,-1
325.4583,2.40463,301.0074,359.0028,138.8403,356.6186,-1
325.4554,2.404783,301.0112,0.2800446,147.178,356.8939,-1
325.4532,2.405845,301.0151,0.2445195,155.1668,358.7959,-1
325.4511,2.406495,301.0212,357.9337,166.8988,359.9599,-1
325.4723,2.405215,300.9161,356.272,193.2029,357.6625,-1
325.4782,2.404821,300.9281,356.0526,218.5078,356.9544,-1
325.4812,2.4051,300.9314,356.5415,226.453,357.4579,-1
325.4806,2.405482,300.9308,355.705,224.9225,358.1414,-1
325.4796,2.40564,300.9298,355.9985,222.4576,358.4254,-1
325.4788,2.405678,300.9289,355.7915,220.2163,358.4937,-1
325.4783,2.405544,300.9282,356.5316,218.638,358.2552,-1
325.4769,2.404866,300.9264,357.4534,214.6789,357.0406,-1
325.4771,2.405403,300.9267,357.1466,215.1729,358.0025,-1
325.4769,2.405689,300.9265,357.9155,214.6854,358.517,-1
325.4769,2.405512,300.9264,357.9983,214.6067,358.2,-1
325.4765,2.405831,300.9258,359.6045,213.1602,358.7717,-1
325.4766,2.405696,300.926,359.956,213.5756,358.5296,-1
325.4772,2.405469,300.9269,358.8607,215.5506,358.1232,-1
325.4775,2.405481,300.9272,358.1772,216.3504,358.1438,-1
325.4774,2.405458,300.927,358.1082,215.8498,358.1026,-1
325.475,2.405452,300.9232,357.0067,207.9805,358.0903,-1
325.4728,2.403642,300.9174,356.9474,196.9487,354.8382,-1
325.4714,2.405273,300.9065,353.4291,177.0814,357.7571,-1
325.4763,2.408207,300.8912,353.6316,147.4282,3.046986,-1
325.4833,2.405906,300.8833,357.2752,128.8018,358.9051,-1
325.4903,2.403638,300.8792,0.5410213,114.3843,354.8385,-1
325.4913,2.403986,300.8788,3.896641,112.1983,355.4541,-1
325.4903,2.40484,300.8791,5.793316,114.0204,356.9814,-1
325.4885,2.406478,300.8799,359.5403,117.8369,359.9297,-1
325.4883,2.407223,300.8801,359.2439,118.3247,1.263879,-1
325.4882,2.407061,300.8801,358.2789,118.5864,0.9740374,-1
325.4883,2.406527,300.88,359.1223,118.1376,0.01830396,-1
325.4887,2.406172,300.8798,0.04571008,117.4374,359.3818,-1
325.4899,2.405716,300.8792,0.5353953,114.9817,358.5652,-1
325.4891,2.405167,300.8796,359.9609,116.6474,357.5822,-1
325.4882,2.405027,300.8801,359.7835,118.5095,357.3317,-1
325.4882,2.405035,300.8802,0.07494523,118.553,357.3452,-1
325.4885,2.405149,300.88,0.5849117,117.8543,357.5491,-1
325.4885,2.405461,300.8799,0.8059352,117.7749,358.1096,-1
325.4883,2.405513,300.8801,0.6930528,118.3292,358.2021,-1
325.4884,2.405607,300.88,0.8825836,118.0015,358.3708,-1
325.4888,2.405694,300.8798,2.734557,117.28,358.5246,-1
325.4888,2.405833,300.8798,2.484374,117.1613,358.7749,-1
325.4892,2.40573,300.8796,2.934566,116.4413,358.5885,-1
325.489,2.406038,300.8797,2.604172,116.9002,359.1409,-1
325.4888,2.405943,300.8798,0.7090215,117.3101,358.9718,-1
325.4885,2.405976,300.8799,0.8337131,117.7707,359.031,-1
325.489,2.406012,300.8797,3.507671,116.841,359.0943,-1
325.4877,2.406439,300.8804,4.172782,119.5552,359.8602,-1
325.4839,2.411399,300.8834,358.9981,128.0349,8.776127,-1
325.4834,2.41168,300.8838,358.1015,129.1237,9.289862,-1
325.4833,2.409715,300.8835,358.4148,129.0036,5.736754,-1
325.4861,2.407382,300.8813,5.445747,122.9291,1.556374,-1
325.4863,2.406016,300.8813,6.394474,122.4707,359.0979,-1
325.4866,2.405987,300.881,3.047168,121.6432,359.0499,-1
325.4874,2.406152,300.8806,2.942648,120.0589,359.3455,-1
325.4891,2.40539,300.8796,3.2699,116.4785,357.9785,-1
325.4939,2.405975,300.8777,2.046992,107.4033,359.0293,-1
325.5014,2.407256,300.8763,0.6824885,93.68478,1.322459,-1
325.5072,2.405862,300.8765,0.3134885,83.26333,358.8271,-1
325.5131,2.403339,300.8779,2.875278,72.12052,354.2927,-1
325.5131,2.404565,300.8778,7.70187,72.00005,356.4714,-1
325.5093,2.406018,300.8768,7.470262,79.36576,359.0986,-1
325.4957,2.410595,300.8774,1.153139,104.2655,7.323087,-1
325.484,2.408785,300.8829,0.4505593,127.5858,4.064284,-1
325.476,2.405273,300.8918,2.8427,148.9817,357.7688,-1
325.4747,2.408076,300.8942,4.440429,154.2527,2.800175,-1
325.5824,2.407876,300.6732,4.361217,153.0238,2.44129,-1
325.8918,2.407594,300.0923,3.311204,149.4176,1.931138,-1
325.903,2.405537,300.0737,354.5758,148.9367,358.2375,-1
325.903,2.405746,300.0736,354.2223,148.8087,358.6126,-1
325.903,2.406678,300.0736,352.168,148.6778,0.2911305,-1
325.903,2.406957,300.0735,353.7433,148.4494,0.7920322,-1
325.9029,2.407035,300.0737,353.8708,148.7168,0.9325244,-1
325.903,2.407195,300.0735,354.0559,148.3972,1.220241,-1
325.9031,2.407395,300.0734,354.4243,148.0904,1.578913,-1
325.903,2.40732,300.0736,354.4844,148.3938,1.443845,-1
325.9032,2.407426,300.0733,354.657,147.8038,1.635576,-1
325.903,2.407584,300.0735,355.5753,148.2437,1.916139,-1
325.9026,2.407643,300.0743,356.267,149.9412,2.020168,-1
325.9027,2.407797,300.0741,356.0156,149.4582,2.297875,-1
325.9026,2.407696,300.0742,355.9651,149.6398,2.117517,-1
325.9026,2.407617,300.0741,355.9898,149.5675,1.975123,-1
325.9026,2.407497,300.0743,356.0729,149.8894,1.75936,-1
325.9026,2.40743,300.0743,356.0691,149.9138,1.639254,-1
325.9026,2.407419,300.0742,356.1382,149.862,1.617914,-1
325.9026,2.407354,300.0743,356.0411,149.9672,1.502259,-1
325.9026,2.40734,300.0742,356.1414,149.83,1.476415,-1
325.9025,2.40725,300.0745,356.3828,150.3653,1.314528,-1
325.9023,2.407096,300.0746,356.2552,150.7035,1.038509,-1
325.9023,2.407103,300.0747,356.3904,150.8106,1.051454,-1
325.9023,2.407227,300.0747,356.4473,150.8721,1.272857,-1
325.9023,2.407367,300.0747,357.2845,150.8321,1.523889,-1
325.9022,2.407402,300.075,358.1827,151.329,1.585756,-1
325.9025,2.40777,300.0745,358.3501,150.4703,2.24501,-1
325.903,2.407534,300.0736,359.6064,148.6763,1.820766,-1
325.903,2.408121,300.0735,0.662598,148.5186,2.872366,-1
325.9028,2.408055,300.0739,0.482302,149.1328,2.755244,-1
325.9028,2.407856,300.0739,0.1437347,149.3368,2.397348,-1
325.9027,2.407837,300.074,359.4912,149.4646,2.364236,-1
325.9027,2.407955,300.074,359.5906,149.4778,2.575584,-1
325.9032,2.405752,300.0732,0.8157732,147.762,358.6301,-1
325.9029,2.402288,300.0742,4.015662,149.088,352.3879,-1
325.9026,2.404338,300.0744,3.218634,150.054,356.09,-1
325.9025,2.405713,300.0743,4.078799,150.0043,358.5564,-1
326.0357,2.402485,299.8467,3.863944,149.8224,358.8386,-1
327.0671,2.406158,298.0806,4.326247,149.8879,359.3559,-1
327.4569,2.408961,297.3759,1.146974,154.7426,4.381262,-1
327.6436,2.406975,296.9873,359.3504,153.8259,0.8201413,-1
327.6841,2.404478,296.9048,358.0182,153.7284,359.808,-1
327.684,2.404686,296.9048,1.47442,154.0563,0.1661174,-1
327.6838,2.404749,296.9052,359.7355,154.8402,0.2847877,-1
327.6839,2.404931,296.9051,359.5234,154.4996,0.6092244,-1
327.6839,2.405011,296.905,359.5721,154.3171,0.7540752,-1
327.684,2.405069,296.9048,0.5686423,153.9662,0.8583528,-1
327.6848,2.40511,296.9034,4.182318,152.0573,0.8762195,-1
327.9583,2.406819,296.3897,4.022746,151.6293,0.5417583,-1
329.6992,2.406635,293.2114,5.66704,150.7217,0.2117432,-1
331.5863,2.406454,289.8571,5.370603,150.5722,359.8869,-1
333.244,2.406423,286.9173,5.00824,150.4441,359.8304,-1
334.619,2.406473,284.4895,4.868427,150.3489,359.9218,-1
336.1353,2.406482,281.8208,4.716102,150.3421,359.9373,-1
337.6929,2.406513,279.0827,4.768656,150.409,359.9925,-1
339.2892,2.406512,276.2726,4.761484,150.404,359.9909,-1
340.8581,2.402169,273.512,4.586536,150.3925,359.9561,-1
342.4196,2.406525,270.773,4.644305,150.248,0.0148107,-1
343.8375,2.406702,268.2991,4.756782,150.068,0.3314628,-1
345.3926,2.406698,265.5954,4.566566,150.1926,0.3256274,-1
346.9337,2.406716,262.908,4.499248,150.2344,0.3568188,-1
348.3786,2.406765,260.3801,4.300515,150.2723,0.4449774,-1
349.7484,2.405883,258.004,3.978707,149.3544,0.397721,-1
351.0724,2.406362,255.656,358.4612,154.3885,359.7225,-1
351.2721,2.405927,255.2621,356.7411,163.7226,358.9418,-1
351.2714,2.405223,255.2743,357.0531,187.1757,357.6795,-1
351.2744,2.403739,255.2843,357.76,206.0182,355.0166,-1
351.2805,2.403124,255.2928,357.3,225.0528,353.9066,-1
351.2808,2.406132,255.2934,359.0459,225.902,359.311,-1
351.2822,2.407167,255.2946,358.7474,229.1572,1.164367,-1
351.2836,2.406535,255.2957,359.9472,232.4582,0.0326505,-1
351.284,2.406662,255.2961,2.111965,233.397,0.2599835,-1
351.2838,2.407206,255.2959,8.604269,233.0869,1.248011,-1
351.284,2.406621,255.2961,8.913089,233.3923,0.1892858,-1
349.8828,2.405771,254.2492,11.57774,233.3951,359.1949,-1
348.1356,2.405885,252.9468,11.74124,232.9626,358.8442,-1
345.7394,2.402617,251.1414,9.943026,232.7948,358.522,-1
344.1472,2.405595,249.9344,9.348543,232.7142,358.327,-1
342.4559,2.405407,248.6526,8.618141,233.0154,357.9893,-1
340.8111,2.405293,247.4197,8.53924,233.1431,357.9588,-1
339.1608,2.400919,246.1862,8.392097,233.3448,357.9439,-1
337.64,2.405486,245.0525,8.11287,233.1304,358.1346,-1
336.1578,2.405418,243.942,7.185499,233.168,358.0157,-1
334.4154,2.405401,242.6367,7.099901,233.232,357.9853,-1
332.7319,2.405454,241.3766,7.23879,233.1125,358.0805,-1
331.2494,2.405679,240.2558,6.981726,232.7331,358.4879,-1
329.7526,2.40573,239.1191,6.783081,232.7885,358.5811,-1
328.3487,2.405737,238.0551,6.710958,233.0147,358.593,-1
326.9741,2.405721,237.023,6.992954,233.2444,358.5646,-1
325.4404,2.405676,235.8786,6.812294,233.3587,358.4834,-1
324.1154,2.405629,234.8925,6.486283,233.259,358.3989,-1
322.6168,2.405697,233.7737,7.280566,233.0957,358.519,-1
321.4687,2.405796,232.9184,8.752894,233.6266,358.6928,-1
318.8986,2.405792,231.0323,9.500803,233.7847,358.6838,-1
316.1924,2.405612,229.0526,9.104242,233.8709,358.3582,-1
313.8188,2.405511,227.3229,8.67549,233.994,358.1782,-1
311.5512,2.39939,225.6747,8.502756,234.078,358.192,-1
309.1854,2.405579,223.9631,8.558949,234.1484,358.3016,-1
306.9391,2.405618,222.3386,8.617659,234.1333,358.3721,-1
304.7696,2.403933,220.77,8.363863,234.2038,358.352,-1
302.5792,2.405612,219.191,8.384866,234.2669,358.3624,-1
300.2695,2.40562,217.533,8.231369,234.4668,358.3769,-1
298.0594,2.405666,215.9539,7.913505,234.4676,358.4608,-1
295.7097,2.405743,214.2763,7.359292,234.4696,358.6023,-1
293.726,2.405806,212.8589,6.562443,234.3582,358.7183,-1
291.7378,2.406162,211.4403,5.724902,234.5104,359.3617,-1
290.8736,2.407782,210.824,2.213768,234.4836,2.267163,-1
290.8532,2.408684,210.8095,0.3157096,233.1747,3.88327,-1
290.8531,2.408509,210.8095,358.5731,233.0037,3.570018,-1
290.853,2.407767,210.8094,358.7612,232.6235,2.238645,-1
290.8531,2.407726,210.8095,359.1693,233.0024,2.165381,-1
290.8533,2.407631,210.8097,358.8814,233.3729,1.996202,-1
290.8534,2.40756,210.8097,358.8826,233.5684,1.867633,-1
290.8723,1.031517,210.784,0,315,0,enter0
