*Subject
17
*Layout
0
*Condition
False,True,False
*Marks
345.009,0,208.3017
261.791,0,242.5766
281.579,0,290.6211
*Path
x,y,z,flag
208.5422,2.403127,314.0634,359.9151,296.6665,355.231,-1
208.542,2.403141,314.0634,359.9184,296.2912,355.2576,-1
208.5413,2.403559,314.0638,0.1280546,294.7054,356.0077,-1
208.5402,2.40365,314.0643,359.7175,292.6339,356.1709,-1
208.5405,2.403482,314.0642,359.0864,293.3039,355.8688,-1
208.5413,2.403398,314.0638,359.1244,294.9519,355.7167,-1
208.5507,2.403459,314.0572,359.1368,315.6641,355.8279,-1
208.5484,2.403177,314.0593,359.5302,310.1206,355.3203,-1
208.5474,2.403028,314.0601,359.7402,307.6651,355.053,-1
208.547,2.403136,314.0604,0.8711098,306.6689,355.2474,-1
208.546,2.40339,314.0611,1.856921,304.3866,355.7013,-1
208.5443,2.403295,314.0622,3.833621,300.6706,355.5227,-1
208.5428,2.402758,314.063,5.344179,297.3746,354.5452,-1
208.5416,2.402002,314.0635,6.34599,294.6859,353.1653,-1
208.5402,2.401993,314.0642,5.398808,292.0388,353.1605,-1
208.5316,2.401702,314.0664,3.113979,276.3407,352.6547,-1
208.5293,2.402225,314.0666,3.320542,272.2195,353.5973,-1
208.5305,2.402258,314.0666,4.472711,274.1056,353.6493,-1
208.5315,2.402415,314.0665,5.150519,275.9477,353.9269,-1
208.5336,2.402987,314.0662,4.939259,279.9081,354.9615,-1
208.5394,2.403636,314.0646,0.1283475,291.1186,356.1465,-1
208.5402,2.403534,314.0643,358.8837,292.7164,355.9626,-1
208.5404,2.403281,314.0642,358.7246,293.1626,355.5074,-1
208.5408,2.402852,314.064,358.1329,293.9749,354.7346,-1
208.5439,2.402306,314.0623,356.4067,300.6014,353.7421,-1
208.5467,2.402695,314.0606,356.571,306.457,354.445,-1
208.5441,2.402617,314.0623,358.3985,300.7114,354.3111,-1
208.5419,2.403317,314.0635,0.1672067,296.0869,355.5726,-1
208.5392,2.404341,314.0648,1.696977,290.605,357.4088,-1
208.5365,2.404849,314.0657,3.199524,285.4977,358.3168,-1
208.5375,2.404173,314.0653,2.810143,287.2458,357.1058,-1
208.5379,2.403934,314.0652,2.708485,288.0579,356.6755,-1
208.5385,2.403665,314.065,2.684692,289.2036,356.1934,-1
208.5386,2.403605,314.0649,2.765477,289.4182,356.0844,-1
208.5387,2.40355,314.0649,2.816202,289.4537,355.986,-1
208.5388,2.40347,314.0648,2.578242,289.7065,355.8428,-1
208.5366,2.403196,314.0655,2.246527,285.7041,355.3524,-1
208.5164,2.403195,314.0646,357.4511,249.0119,355.3499,-1
208.5058,2.401452,314.0576,356.6433,226.1926,352.2005,-1
208.5051,2.403197,314.0571,338.234,226.1577,354.9995,-1
208.5122,2.408506,314.0626,320.6102,236.5507,6.311324,-1
208.5177,2.409857,314.0649,316.3032,244.1886,10.13074,-1
208.5359,2.405072,314.0658,316.7466,285.6323,358.2407,-1
208.5395,2.40383,314.0646,323.6901,293.8727,355.6459,-1
208.5439,2.402916,314.0624,339.8753,302.0624,354.5175,-1
208.5476,2.403274,314.0599,355.9453,308.5107,355.4839,-1
208.5459,2.403216,314.0612,358.384,304.4245,355.3902,-1
208.5457,2.40275,314.0613,358.1645,304.1433,354.55,-1
208.545,2.402949,314.0618,358.2322,302.5461,354.9094,-1
208.5443,2.403022,314.0622,358.7237,301.1547,355.041,-1
208.5442,2.4028,314.0623,357.3672,300.965,354.6382,-1
208.544,2.402516,314.0623,356.5815,300.7817,354.1232,-1
208.5438,2.402562,314.0624,356.4147,300.3063,354.2047,-1
208.5437,2.402582,314.0625,357.1063,300.0173,354.2441,-1
208.5436,2.402601,314.0625,357.6892,299.8438,354.2819,-1
208.5437,2.402631,314.0625,357.6879,299.8788,354.3347,-1
208.5437,2.40253,314.0625,357.5811,300.0192,354.1529,-1
208.5438,2.402493,314.0624,357.7419,300.2267,354.0877,-1
208.5438,2.402537,314.0624,357.8392,300.2453,354.167,-1
208.5439,2.402524,314.0624,358.0562,300.3833,354.1439,-1
208.544,2.402468,314.0623,358.1115,300.5439,354.0421,-1
208.5442,2.402366,314.0622,357.9869,300.9487,353.8578,-1
208.5443,2.402303,314.0621,358.0282,301.2092,353.7448,-1
208.5443,2.402287,314.0621,358.1926,301.3224,353.7162,-1
208.5444,2.402218,314.062,358.4583,301.479,353.5933,-1
208.5445,2.402165,314.062,358.785,301.5414,353.4993,-1
208.5444,2.402435,314.0621,358.7823,301.2367,353.9863,-1
208.5443,2.402528,314.0621,358.6944,301.1142,354.1523,-1
208.5443,2.402529,314.0621,358.9692,301.1048,354.1551,-1
208.5444,2.402421,314.0621,359.1271,301.3298,353.9615,-1
208.5445,2.402339,314.062,359.1502,301.4923,353.8141,-1
208.5445,2.402347,314.062,359.5402,301.446,353.8276,-1
208.5442,2.40291,314.0623,0.2998904,300.6508,354.8411,-1
208.5434,2.403595,314.0628,1.144447,298.8872,356.0706,-1
208.5508,2.406046,314.0572,358.4497,315.7764,0.4639732,-1
208.5499,2.40643,314.0581,358.3994,313.4066,1.152275,-1
208.5491,2.406465,314.0589,359.0419,311.3473,1.213386,-1
208.551,2.406401,314.057,358.0457,316.2296,1.099308,-1
208.5534,2.406086,314.0543,356.1465,322.6503,0.5369949,-1
208.5533,2.405986,314.0543,356.6903,322.6447,0.3574033,-1
208.5553,2.40547,314.0513,356.4769,329.0519,359.4316,-1
345.0368,2.406083,208.3175,356.3951,330.4716,359.3391,-1
345.0363,2.40613,208.3185,357.9808,328.4754,359.426,-1
345.0358,2.405791,208.3191,357.7287,327.2271,358.8169,-1
345.0319,2.404714,208.3239,356.0378,316.1247,356.8813,-1
345.0313,2.404678,208.3246,356.465,314.5941,356.8178,-1
345.0408,2.403845,208.3044,357.2558,355.4991,355.324,-1
345.0394,2.401939,208.2932,356.4552,16.19665,351.8785,-1
345.0339,2.403683,208.3215,358.0854,321.7336,355.0357,-1
345.0011,2.40409,208.3326,354.3885,256.1227,355.7493,-1
344.9863,2.402859,208.324,354.7733,225.1115,353.5282,-1
344.9797,2.401817,208.3139,355.3738,203.3712,351.6475,-1
344.9774,2.402741,208.3055,357.47,187.2128,353.3367,-1
345.009,1.031451,208.3017,0,315,0,exit0
344.9741,2.403857,208.2476,355.8502,182.148,355.2191,-1
344.9734,2.404585,208.1654,355.343,182.9814,356.5275,-1
344.9316,2.406382,207.9315,357.81,260.6401,359.7585,-1
344.9015,2.403393,207.9094,358.8592,317.7997,354.3965,-1
344.8493,2.403721,207.965,357.5049,302.2648,354.9823,-1
344.744,2.40342,208.007,357.9838,257.9175,355.4993,-1
344.6569,2.40325,207.9961,0.1755729,269.2663,354.7327,-1
344.2226,2.403509,208.2314,0.9417912,314.1355,354.6053,-1
343.4866,2.395548,208.8604,0.1801315,303.7485,355.7581,-1
342.6779,2.404896,209.2955,357.8514,284.6201,357.0934,-1
342.4039,2.404194,209.3754,357.9509,290.2029,355.8344,-1
342.1878,2.401997,209.4613,358.7219,291.5685,356.0444,-1
341.5295,2.404108,209.7159,2.470332,291.4803,355.6953,-1
339.7581,2.40407,210.4565,4.466411,294.3086,355.6007,-1
337.2999,2.404051,211.5387,4.513463,293.1128,355.567,-1
334.8629,2.404256,212.5643,4.050061,292.0133,355.939,-1
332.5397,2.399918,213.5092,4.195669,293.362,356.0525,-1
330.1158,2.404825,214.5974,1.783743,297.2581,357.9172,-1
327.9,2.401702,215.7005,1.610179,295.1566,358.642,-1
325.3687,2.40484,216.8583,1.107516,291.755,358.8068,-1
322.7032,2.405038,217.7217,359.2658,282.0738,357.3511,-1
319.9008,2.404889,218.3645,359.6515,284.7422,357.0938,-1
317.3821,2.404516,219.0922,358.9036,289.6488,356.4144,-1
314.899,2.404631,219.9854,359.882,290.0033,356.6209,-1
312.2553,2.40488,220.9673,0.9235579,291.5446,357.0667,-1
309.5077,2.405112,222.1133,0.9824605,293.0017,357.4824,-1
306.7588,2.405161,223.2824,1.456139,292.9897,357.5714,-1
303.8139,2.396934,224.5265,1.619329,292.6722,357.6717,-1
301.0039,2.399685,225.6903,1.844285,291.9095,357.8196,-1
298.2899,2.405386,226.7816,2.41124,291.6743,357.973,-1
295.3382,2.405432,227.952,2.971211,291.5737,358.0548,-1
292.2415,2.405462,229.1806,3.32775,291.6788,358.1067,-1
289.2648,2.405477,230.3736,2.332335,292.3268,358.1367,-1
286.4124,2.399479,231.5521,1.466344,292.7689,358.1612,-1
283.4716,2.400171,232.8086,0.1816554,293.8184,357.9868,-1
280.7966,2.403106,234.002,358.9176,294.68,357.644,-1
278.1403,2.404356,235.2226,359.5059,294.8319,357.2579,-1
275.3895,2.404905,236.5026,1.610252,295.1886,357.1111,-1
272.4124,2.40451,237.9226,1.404791,297.5781,356.4034,-1
269.3424,2.402953,239.6991,0.8300797,306.8171,353.6048,-1
267.032,2.402712,241.5378,0.01166618,308.6452,353.1704,-1
265.4596,2.404677,242.7745,0.4958009,306.7898,356.7033,-1
264.7214,1.026164,243.2909,0,315,0,enter1
264.6323,2.405562,243.3987,0.4116705,307.8746,358.2892,-1
264.623,2.404796,243.4056,0.816067,312.8311,356.9161,-1
264.6323,2.405452,243.3897,358.9142,346.3752,358.0927,-1
264.6326,2.405505,243.3886,358.7562,348.4081,358.187,-1
264.6326,2.405505,243.3886,358.7562,348.4081,358.187,-1
264.6277,2.407823,243.4002,10.71864,326.1603,2.381346,-1
264.6284,2.406414,243.3991,9.566111,327.9937,359.8135,-1
264.629,2.406272,243.3982,10.03582,329.9447,359.5546,-1
264.6318,2.405097,243.3917,8.591785,342.312,357.4276,-1
264.6253,2.402168,243.3616,354.5807,41.33801,352.1533,-1
264.6292,2.402925,243.367,357.2612,28.78124,353.5479,-1
264.6302,2.401175,243.3697,357.8116,23.77302,350.3838,-1
264.6013,1.031517,243.3822,0,315,0,exit1
264.6418,2.400641,243.3897,358.6713,30.26569,349.416,-1
264.657,2.403694,243.4174,357.9821,22.55632,354.9359,-1
264.7023,2.403104,243.5359,0.6102654,18.42958,354.8788,-1
264.8914,2.403391,244.0975,3.344841,18.44041,354.3841,-1
265.8065,2.403842,246.8472,5.374568,18.28218,355.1844,-1
266.5608,2.406693,249.29,2.494139,13.05693,0.3156223,-1
267.1176,2.407851,251.8007,3.252792,12.57546,2.392652,-1
267.6685,2.402986,254.1113,3.420059,15.17503,0.02766867,-1
268.3794,2.403084,256.4799,1.882123,20.8484,353.8375,-1
269.3322,2.39674,258.8373,2.927032,24.47408,349.2272,-1
270.3567,2.398839,261.03,4.226439,26.40871,346.0774,-1
271.4301,2.398973,263.1816,5.044219,25.94916,346.3097,-1
272.4664,2.399668,265.3559,5.790279,24.87634,347.5777,-1
273.5269,2.396336,267.6529,6.517064,24.49311,348.3306,-1
274.5538,2.400287,269.9159,6.824156,24.19399,348.6925,-1
275.5429,2.404238,272.2329,5.110141,14.89078,355.8996,-1
276.1095,2.405862,274.5661,4.705234,12.6967,358.8238,-1
276.7311,2.404376,276.8536,3.084373,21.04865,356.1573,-1
277.5605,2.404101,279.0147,2.704742,21.28971,355.6661,-1
278.393,2.402179,281.1538,2.806399,21.35961,355.5491,-1
279.2847,2.404099,283.4302,3.711475,21.49933,355.6578,-1
280.1265,2.404047,285.573,4.660802,21.35209,355.5582,-1
281.0133,2.403175,287.8554,3.96357,18.81787,355.9618,-1
281.7129,2.404285,289.9231,359.5765,18.77584,356.0002,-1
281.8755,2.403597,290.4026,359.5827,21.54971,354.7637,-1
281.9247,2.403775,290.5077,2.433422,35.2367,355.0793,-1
281.9716,2.404478,290.577,3.489412,46.442,356.3399,-1
282.0311,2.405507,290.6147,1.449065,69.81917,358.1901,-1
282.1741,2.405094,290.6416,357.9886,101.4753,357.45,-1
282.4237,2.40302,290.5912,358.0577,117.4056,353.7234,-1
282.4183,2.403677,290.595,357.4099,130.595,354.9035,-1
282.43,2.404055,290.5804,355.0038,144.6877,355.5706,-1
282.4289,2.403427,290.5831,356.7458,153.55,354.4498,-1
282.4276,2.403119,290.5859,358.8759,158.8311,353.9027,-1
282.4573,1.031517,290.5975,0,315,0,enter2
282.4262,2.404744,290.5901,0.6025372,166.5959,356.8229,-1
282.4255,2.404814,290.6008,354.2734,186.3721,356.9348,-1
282.4258,2.404564,290.6027,353.7503,189.8587,356.4807,-1
282.4295,2.403825,290.5818,355.5988,150.9883,355.1597,-1
282.4433,2.405891,290.5687,357.3918,116.023,358.8784,-1
282.4409,2.405713,290.57,357.2961,120.7974,358.5587,-1
282.4409,2.406068,290.57,357.0879,120.8615,359.1958,-1
282.4368,2.406146,290.5729,353.5064,129.9431,359.3307,-1
282.4359,2.406024,290.5736,343.6581,132.0915,359.08,-1
282.4361,2.405866,290.5735,345.4899,131.6826,358.7952,-1
282.4352,2.405067,290.5744,347.7059,134.3096,357.3419,-1
282.4354,2.405075,290.5741,352.0816,133.4625,357.3928,-1
282.4364,2.404546,290.5733,354.1677,131.1891,356.4507,-1
282.4573,1.031517,290.5975,0,315,0,exit2
282.6459,2.405329,290.379,354.8542,137.1198,357.8642,-1
282.7055,2.406847,290.3163,355.7218,130.9621,0.5917693,-1
282.7672,2.405905,290.2649,357.1186,130.1138,358.9025,-1
283.2047,2.404673,289.9017,358.9821,128.7334,357.5256,-1
284.5466,2.404677,288.822,1.662575,129.4889,356.7032,-1
285.9365,2.404282,287.6523,2.304423,130.7075,355.9914,-1
287.8275,2.404652,286.039,1.743139,130.1077,356.6562,-1
289.6658,2.405381,284.4785,359.3139,131.7411,357.9651,-1
291.3393,2.406513,283.0278,357.7991,127.7889,359.9928,-1
293.2369,2.406772,281.6942,358.206,123.022,0.4575872,-1
295.2201,2.405865,280.3532,357.6051,127.4128,358.8321,-1
297.1723,2.405467,278.7726,356.8198,130.7521,358.1158,-1
298.9728,2.405679,277.221,356.5447,130.3695,358.4962,-1
300.8911,2.406324,275.6971,357.3687,124.6857,359.6542,-1
302.8395,2.406614,274.3272,357.7388,125.0844,0.1734816,-1
304.791,2.406573,272.9694,358.1381,124.7134,0.1003169,-1
306.7587,2.406426,271.6031,357.7359,124.8009,359.9036,-1
308.8036,2.406434,270.1518,357.449,128.1868,359.8514,-1
310.6111,2.39859,268.6309,357.1533,132.8679,359.1573,-1
312.4473,2.406398,266.946,357.5899,130.7241,359.7874,-1
314.4185,2.40687,265.3007,358.188,128.3571,0.631726,-1
316.2983,2.406942,263.834,358.856,127.0111,0.7613283,-1
317.9948,2.405792,262.576,358.0355,126.3336,358.7007,-1
319.2513,2.404498,261.6404,357.3723,126.3824,356.5349,-1
319.5815,2.40448,261.4005,357.4336,125.6701,356.3476,-1
319.7706,2.4011,261.263,359.2388,130.1426,357.575,-1
320.1014,2.400902,260.8051,359.6899,151.5318,0.958586,-1
321.2458,2.406996,259.1167,1.439644,122.5834,0.857462,-1
323.4357,2.406571,258.0242,0.03380245,113.2457,1.18897,-1
325.1238,2.405241,257.0722,356.4242,136.9599,357.71,-1
326.3988,2.40522,255.5851,356.0652,143.0095,357.6711,-1
327.4738,2.405581,254.198,356.2647,140.2568,358.3207,-1
328.9254,2.403485,252.7887,358.7826,102.0925,357.7714,-1
330.7327,2.40398,252.8796,359.163,61.59086,355.4516,-1
331.9559,2.403735,253.5114,357.836,60.63729,355.009,-1
332.8004,2.403624,253.7589,359.5558,137.035,357.882,-1
333.0964,2.400085,253.0099,358.4606,204.3817,356.5691,-1
332.7215,2.404739,252.3687,356.6416,225.6897,356.8095,-1
332.1791,2.398756,251.2491,0.123025,156.5076,356.6379,-1
332.7408,2.400514,250.0448,359.7371,152.952,355.5678,-1
333.1481,2.40337,249.2124,358.914,157.1263,355.2583,-1
333.2032,2.398626,249.0835,358.9954,158.6097,355.1252,-1
333.2651,2.403975,248.8117,359.7656,177.7303,355.4448,-1
333.219,2.400712,248.3864,358.5725,220.5511,355.8458,-1
333.2322,2.399204,248.3834,357.4567,257.4056,351.7999,-1
333.2373,2.398893,248.3841,357.0909,266.9809,351.2453,-1
333.2078,2.401872,248.3582,358.2753,190.3935,356.6206,-1
333.215,2.402135,248.3317,358.1358,139.4195,357.0923,-1
333.2896,2.404534,248.2678,358.5082,136.9613,356.446,-1
333.6558,2.401497,247.8027,357.7967,157.1269,355.1006,-1
333.6997,2.404615,247.7535,357.5992,118.7473,356.6044,-1
333.9995,2.403507,247.6407,359.9536,115.1729,356.0816,-1
335.1833,2.404554,246.8218,0.5842108,140.0464,356.4831,-1
336.2495,2.405212,245.3852,358.4316,147.9621,357.6624,-1
337.1964,2.410121,243.9748,0.09831742,140.4451,6.466009,-1
338.0901,2.410154,242.9027,1.697082,140.4732,6.528724,-1
339.2093,2.409807,241.5411,2.716104,141.2134,5.908124,-1
340.1283,2.4049,240.2735,0.4777821,155.2916,2.059796,-1
340.7334,2.406262,238.6336,359.0164,164.5085,359.5435,-1
341.2767,2.407778,236.9389,0.9995472,151.8324,2.259291,-1
342.0681,2.407868,235.5952,1.923917,147.6083,2.421388,-1
342.9893,2.407054,234.082,2.13731,150.5001,0.9617678,-1
343.7541,2.405179,232.7029,2.799286,152.2339,359.4826,-1
344.4472,2.405587,231.3808,1.787552,153.3764,358.3337,-1
345.189,2.404727,229.8758,1.500334,155.7078,356.793,-1
345.8745,2.4046,228.2821,0.4779074,158.0213,356.565,-1
346.309,2.404361,227.1785,358.0375,163.1939,356.1344,-1
346.3937,2.404063,226.8656,356.219,180.5032,355.5918,-1
346.3914,2.402641,226.7931,357.1314,203.0507,353.0342,-1
346.3648,2.404563,226.7348,358.4646,214.0331,356.499,-1
346.3037,2.400873,226.6391,0.2890644,204.557,357.0986,-1
346.2991,2.405186,226.5945,359.5133,187.2578,359.0188,-1
346.1205,2.40469,226.019,358.8542,238.3782,356.7261,-1
346.054,2.403559,225.9662,358.4935,262.9066,354.6949,-1
346.058,1.031517,225.9345,0,315,0,enter0
