*Subject
5
*Layout
0
*Condition
False,False,False
*Marks
336.1637,0,241.3459
255.2309,0,201.9774
232.5022,0,248.7026
*Path
x,y,z,flag
365.5366,2.406454,330.3356,3.672849,37.34821,359.8864,-1
365.536,2.408622,330.3346,3.504634,40.14065,3.77897,-1
365.5363,2.411615,330.3354,1.310089,38.74199,9.169001,-1
365.5355,2.408752,330.334,0.6168627,41.25351,4.00635,-1
365.534,2.405044,330.3323,1.046035,45.31567,357.3611,-1
365.5342,2.404741,330.3326,0.311534,44.64443,356.8189,-1
365.5339,2.405032,330.3322,0.2163202,45.50612,357.3394,-1
365.5336,2.404074,330.332,1.046871,46.11682,355.6213,-1
365.5334,2.40425,330.3318,2.788756,46.43482,355.9333,-1
365.5336,2.405851,330.3319,4.93661,46.13219,358.8031,-1
365.5334,2.408713,330.3318,1.483668,46.8952,3.936436,-1
365.533,2.409113,330.3315,0.1490154,47.62545,4.653167,-1
365.5328,2.407258,330.3312,359.1728,48.23782,1.327461,-1
365.5331,2.406444,330.3314,356.4927,47.5587,359.869,-1
365.5331,2.407075,330.3314,354.5673,47.59106,1.003121,-1
365.5333,2.407752,330.3317,353.6979,46.69137,2.22413,-1
365.5337,2.407838,330.332,353.7204,45.82497,2.380484,-1
365.5334,2.407739,330.3318,353.3751,46.46505,2.203564,-1
365.5335,2.407701,330.3318,353.3087,46.27238,2.134192,-1
365.5335,2.40788,330.3318,353.081,46.2765,2.458339,-1
365.5333,2.407806,330.3317,354.8286,46.78802,2.317988,-1
365.5332,2.40791,330.3316,356.4103,47.07368,2.500425,-1
365.5345,2.40767,330.3328,358.3252,43.90764,2.066798,-1
365.5385,2.407163,330.3379,3.710206,32.52679,1.158677,-1
365.5401,2.407356,330.3407,5.515129,26.86968,1.508584,-1
365.5403,2.407272,330.3412,6.18196,25.75653,1.360255,-1
336.1929,2.407182,241.3327,6.492214,24.454,1.198663,-1
336.1956,2.405957,241.3432,5.796905,4.752289,358.9919,-1
336.1893,2.4044,241.365,2.708883,323.0229,356.2031,-1
336.1747,2.404543,241.3759,1.624386,290.0425,356.4618,-1
336.1728,2.404991,241.3765,1.121806,286.3939,357.267,-1
336.1635,2.40626,241.3779,1.792791,269.4572,359.5396,-1
336.1563,2.409034,241.3769,6.090797,256.9453,4.537099,-1
336.1577,2.40772,241.3773,3.496976,259.3109,2.159092,-1
336.1544,2.408362,241.3764,4.760494,253.2462,3.317485,-1
336.1531,2.407885,241.376,2.949908,250.6145,2.454114,-1
336.1567,2.40854,241.377,3.471905,257.4218,3.632135,-1
336.1534,2.40968,241.376,4.98095,251.5499,5.69384,-1
336.1638,1.031517,241.3459,0,315,0,exit0
335.9503,2.405606,241.3083,5.193347,254.8335,7.262324,-1
335.5607,2.410965,241.2607,2.837707,281.6078,8.632042,-1
335.1176,2.410077,241.4194,4.427964,284.7659,7.156302,-1
334.6241,2.40436,241.1882,4.973599,178.7685,356.1208,-1
334.6543,2.404127,240.6538,5.314706,175.9418,355.6979,-1
334.5858,2.406982,240.2252,6.576427,229.1495,0.8387685,-1
334.2039,2.412426,239.9731,5.795692,248.2877,10.69727,-1
333.4597,2.412678,239.6731,5.341924,242.8918,11.14974,-1
332.0256,2.408126,238.1224,4.261737,209.2352,3.786212,-1
330.511,2.408434,236.1449,2.89822,239.7895,3.439373,-1
328.1953,2.39825,234.9768,2.597795,248.872,357.2425,-1
325.6312,2.398061,234.0062,4.248587,250.7957,0.3746565,-1
322.7788,2.40603,233.0573,5.581979,251.3215,5.159078,-1
319.1555,2.411471,231.7685,8.020282,248.851,8.993871,-1
315.3178,2.411953,230.2512,7.899186,248.0411,9.875598,-1
311.5743,2.408213,228.7355,8.169775,247.5824,10.48742,-1
307.7209,2.412377,227.1696,7.859256,247.4993,10.65293,-1
303.7729,2.406664,225.5107,8.309178,246.6626,10.63365,-1
299.8908,2.402382,223.8458,8.928491,246.8591,10.63057,-1
295.9903,2.412828,222.167,10.17162,246.5897,11.55801,-1
291.9584,2.413023,220.3964,11.91567,245.8726,11.99239,-1
287.3276,2.412987,218.2964,11.90633,244.6935,11.92454,-1
282.648,2.411729,216.0721,11.53081,244.8068,9.568039,-1
277.9441,2.411742,213.849,12.06179,244.3084,9.611248,-1
273.3181,2.411878,211.6051,12.10263,243.5917,9.866204,-1
268.7598,2.405381,209.3457,12.38863,243.5494,9.839876,-1
264.2413,2.408983,207.1115,12.23916,243.9061,9.610511,-1
259.3972,2.411432,204.744,11.4188,244.4431,9.014595,-1
255.8171,1.031517,203.0612,0,315,0,enter1
255.2876,2.409772,202.873,7.517547,251.1948,5.888849,-1
255.1519,2.406841,202.8094,1.170535,283.2417,0.5797573,-1
255.1699,2.40498,202.7977,5.041364,322.3952,357.2357,-1
255.1748,2.403816,202.7882,7.977875,341.2451,355.1115,-1
255.1764,2.406919,202.7773,11.14402,2.052819,0.733334,-1
255.1761,2.410545,202.776,9.062078,5.284358,7.322838,-1
255.176,2.411374,202.781,7.848785,356.3646,8.814183,-1
255.1747,2.411258,202.7876,6.823914,343.9295,8.58232,-1
255.1743,2.411366,202.7888,6.718109,341.7373,8.775985,-1
255.1743,2.412656,202.7881,6.819022,343.2306,11.1407,-1
255.1743,2.412857,202.7881,7.179075,343.2375,11.51875,-1
255.1739,2.413538,202.7886,8.113631,342.5733,12.80435,-1
255.1733,2.413905,202.79,8.732412,339.9975,13.50742,-1
255.1445,1.031517,202.7783,0,315,0,exit1
253.9877,2.41251,205.7637,9.049465,336.4411,16.36596,-1
252.3615,2.40804,209.4741,9.194438,338.5207,11.52765,-1
250.9861,2.406446,213.3309,12.16953,343.4391,359.87,-1
249.8257,2.405748,217.1883,13.60334,343.1848,358.583,-1
248.6096,2.40712,221.132,14.28115,341.8526,1.114549,-1
247.1583,2.40738,225.2193,13.17101,336.7863,8.099442,-1
245.2608,2.413772,229.3386,10.45502,330.9158,13.3284,-1
243.02,2.41507,233.1414,8.81164,326.7173,15.69196,-1
240.7009,2.415282,236.6951,8.999096,326.8948,16.10074,-1
238.3102,2.414215,240.4398,9.34936,328.7456,14.12783,-1
236.0255,2.412656,244.2798,8.799901,330.6926,11.1934,-1
234.3015,1.031517,247.3486,0,315,0,enter2
234.1215,2.40944,247.762,5.177883,335.2679,5.26142,-1
234.0568,2.406409,247.8819,1.9469,352.9461,359.8065,-1
234.0539,2.406888,247.8641,3.002441,25.85523,0.6641461,-1
234.0461,2.406396,247.854,5.868344,48.86045,359.7819,-1
234.0408,2.405755,247.8503,6.469641,60.28608,358.6271,-1
234.0394,2.407307,247.8495,7.225895,63.58275,1.426146,-1
234.0422,2.410115,247.8513,5.033454,57.94246,6.481317,-1
234.0438,2.411887,247.8527,5.41527,54.50432,9.704797,-1
234.0413,2.411912,247.851,5.45111,59.93093,9.750264,-1
234.0411,2.408277,247.8505,5.592824,60.07371,3.167094,-1
234.0393,2.406395,247.8494,6.984031,63.51318,359.7803,-1
234.0397,2.408252,247.8497,7.612926,63.05015,3.135545,-1
234.0397,2.408035,247.8496,10.21847,63.26538,2.762728,-1
234.0251,1.031517,247.8781,0,315,0,exit2
236.2198,2.404977,248.9688,10.83122,62.17663,5.803759,-1
239.9968,2.41119,250.8993,9.705556,64.37642,8.520176,-1
243.5554,2.413036,252.6927,7.977416,60.16919,11.87133,-1
247.0371,2.414463,254.7234,6.369711,58.22501,14.46843,-1
250.4207,2.414148,256.9241,5.913293,54.4341,13.87225,-1
253.8147,2.414464,259.3601,6.248667,54.44866,14.46797,-1
257.2674,2.414468,261.7984,6.816233,55.24152,14.49216,-1
260.7436,2.415397,264.253,6.198264,52.68332,16.20837,-1
264.0927,2.416053,266.8671,6.121413,51.65443,17.44006,-1
267.4254,2.412585,269.4108,6.175133,54.5288,16.26777,-1
270.9679,2.413969,271.8363,5.235525,60.45412,13.52407,-1
273.973,2.405628,274.0428,4.509317,66.89351,9.672916,-1
277.9181,2.40443,275.43,3.289771,83.99041,5.371185,-1
281.9478,2.402916,275.2272,359.5467,112.8434,9.380704,-1
285.9217,2.403385,273.3347,358.8487,115.4552,8.127337,-1
288.8401,2.409479,272.3037,1.177974,86.90073,14.08086,-1
291.6654,2.41564,272.7232,3.204796,74.24337,16.59086,-1
295.51,2.41465,273.8872,4.418458,72.10635,14.76796,-1
299.4359,2.404372,275.1039,4.72943,75.4936,9.404552,-1
303.5219,2.409286,276.0326,4.769351,80.71595,4.980967,-1
307.174,2.407699,276.5405,3.278009,87.85962,2.119876,-1
309.9679,2.39929,276.4233,3.585297,107.5379,0.603416,-1
312.2297,2.406079,275.3933,3.450879,128.1549,0.6053139,-1
313.456,2.407135,274.3494,4.252304,146.1115,1.174623,-1
314.0714,2.406287,273.2815,4.591153,161.6891,359.5878,-1
314.2244,2.404991,272.7881,3.507529,174.4181,357.2621,-1
314.2325,2.403681,272.4887,5.39632,183.2221,356.0963,-1
314.2556,1.02938,272.3287,0,315,0,enter0
