*Subject
4
*Layout
0
*Condition
True,False,True
*Marks
233.091,0,183.5899
285.6481,0,256.6498
327.8281,0,226.3069
*Path
x,y,z,flag
223.0465,2.410684,311.6709,0.04264066,210.478,7.481344,-1
223.0464,2.410675,311.6707,1.081671,210.9643,7.467167,-1
223.0471,2.410177,311.6717,2.791582,213.4662,6.574412,-1
223.0471,2.409879,311.6719,2.094934,213.748,6.034545,-1
223.0472,2.409563,311.6721,2.053915,214.0578,5.465521,-1
223.0474,2.4093,311.6723,1.936999,214.4898,4.99161,-1
223.0473,2.409024,311.6723,1.689968,214.4619,4.49568,-1
223.0483,2.408888,311.6737,0.627241,217.4044,4.250046,-1
223.0538,2.40889,311.6793,358.8586,231.4286,4.253186,-1
223.054,2.408642,311.6795,358.5485,231.8338,3.809427,-1
223.0529,2.408434,311.6786,359.8867,229.3286,3.434383,-1
223.0578,2.408976,311.682,0.5398068,240.228,4.40782,-1
223.0606,2.408978,311.6834,8.658517,246.3913,4.462653,-1
223.0585,2.408753,311.6824,7.93128,242.1791,4.044986,-1
223.0597,2.408514,311.683,7.4604,244.4935,3.607373,-1
223.0714,2.410256,311.686,2.032391,266.0685,6.714893,-1
223.0636,2.410648,311.6844,3.620905,251.974,7.432246,-1
223.0476,2.410299,311.6724,6.522998,215.4904,6.832005,-1
223.05,2.411575,311.6753,0.2479249,221.5295,9.094488,-1
223.0453,2.410329,311.6685,6.177854,207.3459,6.880884,-1
223.043,2.40955,311.6628,9.497972,196.2665,5.514693,-1
223.0427,2.409043,311.6619,8.407841,194.3114,4.577103,-1
223.043,2.409331,311.6629,9.41701,196.4903,5.114804,-1
223.0445,2.412474,311.666,2.775783,202.3549,10.74071,-1
223.0501,2.412817,311.675,352.821,219.8959,11.44406,-1
223.0514,2.410799,311.6769,353.0191,224.4136,7.747301,-1
223.0517,2.408462,311.6775,351.8258,225.8927,3.520376,-1
223.0556,2.40587,311.6807,351.9555,235.7532,358.8293,-1
223.0603,2.406855,311.6834,354.7746,245.2025,0.6080018,-1
223.0594,2.406824,311.683,356.8145,243.3908,0.5508865,-1
223.0561,2.40741,311.6811,358.8566,236.671,1.598578,-1
223.0563,2.40752,311.6812,359.2617,237.0578,1.795643,-1
223.0553,2.408231,311.6805,359.3579,234.9521,3.070189,-1
223.055,2.408575,311.6802,359.6063,234.096,3.686347,-1
223.0547,2.408622,311.68,359.9815,233.5347,3.770848,-1
233.072,2.408571,183.6156,0.2345171,233.497,3.67965,-1
233.0723,2.408313,183.6158,0.6740471,234.0918,3.217398,-1
233.073,2.407914,183.6163,0.8272285,235.6447,2.502624,-1
233.0734,2.407728,183.6166,1.280035,236.5835,2.169222,-1
233.0733,2.408197,183.6165,1.702353,236.5333,3.011331,-1
233.0737,2.40817,183.6168,2.14075,237.3073,2.963222,-1
233.0736,2.408364,183.6167,2.284203,237.0631,3.310821,-1
233.0735,2.408329,183.6167,2.182002,236.9955,3.248338,-1
233.0735,2.408296,183.6167,2.026736,236.987,3.188925,-1
233.0724,2.40927,183.6158,2.216332,234.5696,4.939867,-1
233.0725,2.409167,183.6159,2.257038,234.72,4.754426,-1
233.0735,2.408803,183.6166,2.369396,236.8027,4.09994,-1
233.091,1.031517,183.5899,0,315,0,exit0
232.9818,2.408763,183.5571,2.578954,237.0551,4.029238,-1
232.7333,2.408771,183.425,1.355617,274.0204,4.040782,-1
232.4386,2.407632,183.4859,2.823615,298.6823,2.003367,-1
231.7318,2.406841,184.0686,2.474791,322.5263,0.5813442,-1
231.1934,2.404112,184.914,0.94367,346.268,355.6892,-1
231.1022,2.404913,185.3665,2.022592,12.671,357.1247,-1
231.1118,2.405465,185.4506,0.3720203,39.03756,358.1162,-1
231.1041,2.405434,185.4438,0.9153185,57.57843,358.0605,-1
231.1058,2.407703,185.4449,1.598199,54.1378,2.124067,-1
231.1129,2.408872,185.4521,2.019262,36.02582,4.223292,-1
231.1129,2.408992,185.4521,4.036524,36.16891,4.447033,-1
231.2264,2.401953,185.6176,4.822555,34.29363,5.970979,-1
232.7213,2.409444,187.8058,5.955117,34.43266,7.574865,-1
234.2923,2.410714,190.0972,5.955068,34.43185,7.577987,-1
236.0489,2.410714,192.6593,5.955068,34.43185,7.577987,-1
238.1511,2.408207,195.1848,6.4844,38.17788,5.059385,-1
240.4271,2.408702,198.0703,5.651723,37.39025,3.934373,-1
242.703,2.409659,201.1709,4.802386,35.6875,6.199337,-1
245.0251,2.409083,204.3643,5.250973,36.21157,4.618603,-1
247.3842,2.409076,207.6437,4.745915,35.40105,4.602167,-1
249.7695,2.408912,211.0341,4.525888,35.37064,4.305777,-1
252.0895,2.408599,214.2454,4.323727,36.43165,3.741691,-1
254.5031,2.408249,217.5099,4.296236,37.48015,3.110842,-1
256.9976,2.408005,220.6901,4.421699,38.32018,2.755646,-1
259.5225,2.408061,223.8977,4.439391,37.93583,2.77313,-1
262.0944,2.40834,227.228,4.41637,37.06791,3.276025,-1
264.5876,2.401952,230.5288,4.378356,37.07976,3.155227,-1
267.2139,2.40759,233.9982,4.259141,37.25279,2.854749,-1
269.8178,2.407966,237.4093,4.27071,37.50456,2.602866,-1
272.4383,2.40786,240.8165,4.14235,37.55209,2.411728,-1
275.1444,2.407861,244.3385,4.307081,37.46324,2.414038,-1
277.8039,2.407848,247.805,4.266726,37.45885,2.391123,-1
280.408,2.407729,251.2178,3.346117,37.27165,2.173979,-1
282.9186,2.407515,254.5474,1.556343,36.11337,1.788535,-1
285.3719,2.407553,257.9282,2.387367,34.15809,1.857414,-1
285.5215,1.031324,258.1974,0,315,0,enter1
285.5515,2.4072,258.1842,3.289719,34.76427,1.621796,-1
285.5476,2.405434,258.1797,1.644467,45.94156,358.4575,-1
285.5339,2.406504,258.1718,2.171179,74.64516,0.3742424,-1
285.5192,2.407537,258.1713,1.06289,101.2589,2.223279,-1
285.508,2.406166,258.1758,0.4928717,122.8912,359.7689,-1
285.5016,2.407071,258.1812,1.855211,137.9403,1.389144,-1
285.4937,2.40682,258.1984,1.185853,172.2623,0.9395832,-1
285.4975,2.406068,258.2184,4.083846,209.3288,359.5926,-1
285.4971,2.406105,258.2177,2.19548,208.0148,359.6582,-1
285.4965,2.407921,258.2163,355.7798,204.9534,2.920785,-1
285.4964,2.408032,258.2161,357.3761,204.732,3.113836,-1
285.495,2.408681,258.2124,357.9894,197.5548,4.279134,-1
285.5254,1.031295,258.2027,0,315,0,exit1
285.4937,2.409003,258.2056,357.6032,185.0163,4.858377,-1
285.5035,2.411309,258.1793,0.8010842,136.6514,8.921072,-1
285.5468,2.410913,258.141,3.222501,114.6951,7.908127,-1
285.687,2.408263,258.0559,3.303561,124.6718,3.13312,-1
287.9201,2.409739,256.5031,4.79919,123.9414,5.79888,-1
291.0654,2.405395,254.3925,4.081958,124.1736,6.192785,-1
294.4393,2.408978,252.067,3.938381,125.0098,4.421029,-1
297.7983,2.40845,249.6942,3.909777,125.7634,3.470774,-1
301.1819,2.408258,247.2656,4.511646,125.7095,3.128697,-1
304.5814,2.408068,244.8167,4.795552,125.8895,2.788383,-1
308.3618,2.398158,242.0875,4.845592,125.709,2.620501,-1
311.9543,2.407875,239.4969,4.799337,126.2129,2.440195,-1
315.574,2.407635,236.8239,4.558362,126.8629,2.007987,-1
319.1593,2.406851,234.1448,3.292431,127.8757,0.5981981,-1
322.4302,2.405705,231.3966,1.448518,133.6831,358.5461,-1
324.0832,2.40546,229.7938,359.6159,136.6318,358.1066,-1
324.1246,2.406085,229.7512,359.5225,136.1623,359.2273,-1
324.1409,2.405959,229.7347,1.073734,135.3895,359.0011,-1
325.6194,2.406697,228.2527,3.049248,134.8176,0.3233146,-1
327.9501,2.405802,225.9531,359.6334,135.3642,358.7206,-1
328.5096,1.031517,225.4362,0,315,0,enter2
328.5517,2.405059,225.3484,359.6486,138.2717,357.3893,-1
328.5455,2.404776,225.3615,0.9614331,167.5562,356.8801,-1
328.548,2.405099,225.3823,2.658696,205.9043,357.4572,-1
328.5554,2.405049,225.392,4.508658,227.6825,357.3621,-1
328.5634,2.40617,225.3974,4.855329,245.1551,359.3769,-1
328.5615,2.40733,225.3965,359.5811,241.5863,1.454999,-1
328.5593,2.408252,225.3951,350.4357,236.2583,3.152596,-1
328.5608,2.407518,225.396,349.8283,239.6898,1.820841,-1
328.5634,2.40742,225.3974,350.8291,245.0914,1.637554,-1
328.569,2.407103,225.3994,352.7772,255.9092,1.057446,-1
328.5631,2.407845,225.3972,352.742,244.4115,2.398616,-1
328.5564,2.407951,225.3929,352.6712,230.1201,2.589117,-1
328.5768,1.031517,225.3683,0,315,0,exit2
328.3842,2.407295,225.2444,353.3963,228.7874,1.401839,-1
326.3539,2.407478,223.3463,353.9766,224.9617,1.73087,-1
323.6187,2.407439,220.5449,353.7211,223.5734,1.661628,-1
320.8179,2.407634,217.5682,353.694,222.9213,2.012562,-1
318.0032,2.408013,214.5319,354.0437,223.0972,2.693903,-1
315.1033,2.407606,211.5001,354.548,225.9291,1.95905,-1
311.8473,2.404802,208.6274,355.7882,237.2112,356.9204,-1
308.5815,2.402583,206.7441,357.1175,245.2151,352.932,-1
305.6049,2.402772,205.3571,357.8556,244.1416,353.2748,-1
302.8736,2.403629,204.0073,358.5831,241.9749,354.8211,-1
300.16,2.405413,202.5345,357.8795,239.7818,358.0219,-1
297.4197,2.40767,200.7894,358.403,234.552,2.086869,-1
296.8284,2.407058,200.372,354.1525,236.6449,0.9734989,-1
295.6119,2.406768,199.5963,354.7447,238.2569,0.4517544,-1
292.5495,2.408175,197.6949,357.5518,237.6468,2.973223,-1
289.3655,2.407774,195.6913,358.2785,238.3871,3.165539,-1
286.2208,2.408319,193.7601,358.4246,238.601,3.229738,-1
283.3125,2.408228,191.9883,358.5409,238.6588,3.06618,-1
280.1801,2.40822,190.0853,359.0832,239.057,3.050387,-1
276.9662,2.407631,188.1678,359.3147,239.3712,2.555415,-1
273.8529,2.407491,186.3204,359.3092,239.0913,1.744313,-1
270.6497,2.407252,184.408,358.6611,238.8771,1.316087,-1
267.5615,2.407023,182.5596,358.2266,239.3627,0.9070587,-1
264.3956,2.40625,180.7239,358.619,241.6062,1.318543,-1
261.2132,2.407369,179.0338,359.079,242.7755,1.526712,-1
257.9061,2.407778,177.3056,358.8654,240.439,2.258253,-1
254.7879,2.409059,175.4482,358.408,235.1623,4.557012,-1
251.7186,2.41163,173.1007,358.1064,228.4125,9.199718,-1
248.8022,2.411889,170.4894,357.9044,227.8541,9.671258,-1
245.8226,2.399156,167.8802,359.1228,232.5336,4.006968,-1
242.6008,2.403524,165.5706,0.3465787,236.8402,359.549,-1
239.3383,2.396534,163.4192,0.4363496,237.2388,359.4112,-1
235.9955,2.406511,161.3325,0.5405002,238.0351,359.9885,-1
232.6748,2.406547,159.2312,0.3465764,236.3009,1.165083,-1
229.4492,2.408532,156.953,0.1194593,231.7647,3.609224,-1
226.8701,2.409513,154.4942,1.149089,202.2026,5.374334,-1
225.8354,2.409002,152.4371,358.6461,159.4348,4.454338,-1
226.4628,2.409136,150.6997,358.0526,125.6797,4.69764,-1
228.1306,2.407419,149.6724,357.3062,97.42154,1.61762,-1
228.9825,2.405043,149.4269,356.424,87.55405,0.9603363,-1
229.0445,2.408959,149.112,357.6676,68.65495,4.379719,-1
229.2182,2.409992,148.8029,359.7177,47.33636,6.234215,-1
229.2579,2.408427,148.762,359.8158,39.57916,3.421783,-1
229.2596,2.408208,148.7644,0.310149,34.42459,3.02929,-1
229.2598,2.407838,148.7647,0.6456296,34.01737,2.365348,-1
229.261,2.408509,148.7667,1.787906,29.91205,3.570093,-1
229.2639,2.40911,148.7736,3.106168,16.61608,4.653875,-1
229.3122,2.406736,148.9624,5.028088,5.610581,0.3929334,-1
229.2589,2.407211,149.7081,3.530637,352.3505,1.244147,-1
229.0541,2.407139,151.6971,4.924847,3.378842,1.117981,-1
229.3583,2.406528,154.1375,5.333587,12.21003,0.1607938,-1
229.6479,2.408512,156.279,5.739737,348.6821,4.506237,-1
229.1463,2.412035,158.3586,7.018685,342.8667,10.00528,-1
228.4037,2.412368,160.9242,6.300089,345.8843,10.60106,-1
228.1176,2.407915,163.6471,1.578463,25.18885,3.071176,-1
229.896,2.406793,166.1859,358.2361,47.79718,0.4951527,-1
230.2495,2.411976,166.5114,0.03459491,10.53606,9.82289,-1
230.2442,2.411174,166.6644,4.493936,352.5227,8.393515,-1
229.9902,2.410714,168.3791,6.657332,351.8468,7.58855,-1
229.493,2.411519,171.594,9.41188,347.1068,9.117109,-1
228.7233,2.411715,174.782,9.05877,346.4285,9.466855,-1
227.9895,2.411017,177.9382,8.099049,349.741,8.166763,-1
228.1404,2.410606,181.2107,2.064545,30.83903,7.347031,-1
229.7691,2.409621,183.7076,0.8741891,40.02035,5.566377,-1
229.9513,1.031517,183.984,0,315,0,enter0
