*Subject
15
*Layout
1
*Condition
True,False,False
*Marks
177.6015,0,289.9742
151.4622,0,189.393
209.5315,0,174.3002
*Path
x,y,z,flag
317.1796,2.404971,189.4354,8.644219,128.6203,357.2901,-1
317.1812,2.405708,189.434,4.485443,126.22,358.6271,-1
317.1831,2.405962,189.4328,3.597447,122.0179,359.0878,-1
317.1808,2.406868,189.4344,3.866306,127.2439,0.7127593,-1
317.1798,2.407601,189.4352,357.6286,129.4106,2.025381,-1
317.1786,2.406815,189.4362,357.0161,132.2199,0.6161351,-1
317.1783,2.406408,189.4365,1.334909,132.9344,359.8879,-1
317.1773,2.404766,189.4375,6.474942,135.1586,356.9254,-1
317.1757,2.404951,189.4393,6.693014,139.4537,357.2581,-1
317.1759,2.403772,189.4391,6.507898,138.8185,355.1309,-1
317.1769,2.404537,189.438,6.070859,136.1646,356.5155,-1
317.1793,2.40476,189.4357,6.670024,130.4631,356.9146,-1
317.1812,2.405656,189.4341,8.482163,126.0026,358.5242,-1
317.1804,2.405221,189.4347,7.734412,127.6655,357.7402,-1
317.1804,2.405544,189.4348,8.475322,127.9646,358.3212,-1
317.1805,2.405428,189.4347,8.439027,127.6419,358.1115,-1
317.1812,2.405192,189.4342,7.574105,126.0958,357.6896,-1
317.1816,2.405594,189.4338,7.365312,125.1407,358.4166,-1
317.1811,2.405118,189.4342,7.468675,126.1919,357.5569,-1
317.1812,2.405247,189.4342,7.180521,126.0545,357.7911,-1
317.1811,2.405046,189.4342,7.628218,126.1294,357.4256,-1
317.1809,2.40501,189.4344,7.800083,126.6206,357.3591,-1
317.1811,2.405141,189.4342,7.87725,126.2386,357.5952,-1
317.1813,2.405584,189.434,8.350781,125.7356,358.3947,-1
317.1812,2.405389,189.4341,8.118588,125.9466,358.0424,-1
317.1813,2.405418,189.4341,7.915301,125.8233,358.0969,-1
317.1813,2.405405,189.4341,7.424586,125.7234,358.0744,-1
317.1812,2.405473,189.4341,7.557713,125.9723,358.1965,-1
317.1813,2.405521,189.4341,7.76181,125.8735,358.2826,-1
317.181,2.40555,189.4343,7.634597,126.594,358.3353,-1
317.1815,2.405902,189.4339,7.532228,125.4463,358.9724,-1
317.1818,2.405752,189.4337,7.129393,124.7357,358.7026,-1
317.1819,2.4057,189.4336,7.248702,124.4579,358.608,-1
177.5833,2.403449,289.9479,7.19742,124.4419,358.6511,-1
177.5833,2.40345,289.9479,7.457941,124.5296,358.6525,-1
177.5751,2.405454,289.9561,7.979267,145.8886,2.274543,-1
177.5697,2.405134,289.9709,5.501559,174.1053,1.687866,-1
177.5696,2.404905,289.9766,5.572467,184.366,1.27578,-1
177.5698,2.404085,289.9784,2.119481,187.4574,359.8018,-1
177.57,2.407211,289.9793,2.618753,189.3593,5.412498,-1
177.5698,2.406077,289.978,5.293836,187.099,3.384473,-1
177.5699,2.403827,289.979,5.232521,188.5087,359.3376,-1
177.5699,2.40328,289.9793,7.004668,188.9449,358.348,-1
177.5698,2.403227,289.9788,7.095011,187.9238,358.2521,-1
177.5701,2.402533,289.98,7.661492,190.0731,356.9948,-1
177.6015,1.029196,289.9742,0,15.00002,0,exit0
177.5699,2.403092,289.9789,9.079731,188.1255,357.9987,-1
177.5688,2.403075,289.9724,11.48444,189.9843,357.1908,-1
177.4142,2.399544,289.1407,14.28765,190.0368,356.8143,-1
176.9167,2.403994,286.3175,17.34714,190.578,355.2611,-1
176.0652,2.403644,281.9785,16.42489,192.7424,354.6287,-1
174.9997,2.394812,277.4438,13.38709,194.0344,354.0245,-1
173.8564,2.399564,272.9616,13.53691,194.054,353.5963,-1
172.6742,2.402921,268.2325,13.67202,193.8332,353.3581,-1
171.4451,2.402508,263.2861,13.79871,194.2092,352.61,-1
170.1774,2.401678,258.2707,13.80883,194.8525,351.0417,-1
168.8424,2.401653,253.2276,13.82659,194.8759,350.9942,-1
167.4851,2.39785,248.1177,13.82659,194.8759,350.9942,-1
166.1091,2.402041,242.9537,14.02708,195.0089,351.7105,-1
164.6928,2.402102,237.6702,14.48303,195.6499,351.8082,-1
163.1166,2.398306,232.0654,14.59123,195.5939,351.6589,-1
161.5048,2.401786,226.373,14.58535,196.1033,351.2126,-1
159.972,2.401082,221.2486,14.71227,197.8576,349.8854,-1
158.5152,2.40092,216.7366,15.01007,197.4982,349.5665,-1
156.9088,2.401267,212.2859,15.78459,198.0116,350.1833,-1
155.3048,2.397206,208.0435,16.16159,196.8699,350.7951,-1
153.8565,2.402097,203.5115,15.21328,194.1181,351.7704,-1
152.8537,2.40382,199.0771,13.15516,188.1278,355.0346,-1
152.4074,2.395091,195.4328,12.68743,185.1966,355.8779,-1
152.0728,2.404726,191.9383,12.19958,186.0517,356.7166,-1
151.8261,2.40474,189.5658,10.02384,184.4603,356.767,-1
151.8153,1.025808,189.0313,0,15.00002,0,enter1
151.7792,2.404711,188.9673,10.54434,180.695,358.6573,-1
151.7823,2.408236,188.946,9.367645,154.1443,4.57819,-1
151.7954,2.408681,188.9323,5.628973,119.4198,5.344625,-1
151.8018,2.406549,188.9295,5.438977,106.4521,1.499965,-1
151.8041,2.404417,188.929,5.677555,101.8795,357.6647,-1
151.8073,2.404699,188.9284,4.277321,96.10289,358.1755,-1
151.806,2.405107,188.9286,5.631356,98.52012,358.9059,-1
151.8048,2.404792,188.9288,5.518808,100.6482,358.3398,-1
151.8063,2.405057,188.9286,5.672531,97.92378,358.8158,-1
151.8061,2.405179,188.9286,5.775872,98.3819,359.0345,-1
151.8056,2.405766,188.9286,8.204539,99.46029,0.09216265,-1
151.8058,2.405108,188.9286,10.33564,98.82682,358.8958,-1
151.8108,1.030715,188.9602,0,15.00002,0,exit1
151.8054,2.404593,188.9287,12.37361,99.40716,357.9441,-1
155.5072,2.405064,188.3204,12.52467,99.14481,357.333,-1
160.38,2.404417,187.4581,12.3757,101.8677,356.1473,-1
164.9853,2.404059,186.4287,12.52835,103.6854,355.4865,-1
169.6943,2.403934,185.2757,12.46121,103.7079,355.2588,-1
174.5594,2.403966,184.0775,12.68216,104.0267,355.3126,-1
179.4891,2.403937,182.8634,12.79418,103.8949,355.2576,-1
184.5075,2.402738,181.6023,12.11589,104.2121,355.0843,-1
189.6407,2.403927,180.3036,12.46713,104.203,355.2452,-1
194.6153,2.400272,179.0523,12.1165,103.1065,355.2249,-1
199.6921,2.404083,177.8625,11.91803,103.1958,355.5422,-1
204.739,2.404009,176.669,11.1225,103.4786,355.419,-1
209.7105,2.404162,175.4664,10.05107,102.886,355.7141,-1
212.3962,1.031517,174.9042,0,15.00002,0,enter2
212.4332,2.396333,174.864,7.952319,101.0061,356.5519,-1
212.6052,2.402207,174.8287,5.625514,99.34232,357.8069,-1
212.6156,2.40591,174.8286,4.291222,81.28028,4.452723,-1
212.6202,2.404229,174.8296,2.060803,72.56133,1.426484,-1
212.6278,2.403565,174.8332,5.163343,57.4855,0.2372677,-1
212.632,2.403746,174.8363,5.223348,48.19432,0.5624332,-1
212.6379,2.402287,174.8435,7.118474,31.10836,357.933,-1
212.6404,2.402174,174.8486,7.287563,20.94504,357.7262,-1
212.6419,2.401878,174.8537,5.751014,11.3955,357.2012,-1
212.6425,2.401195,174.8592,6.882286,1.260643,355.9604,-1
212.6424,2.400713,174.863,6.511865,354.2856,355.0932,-1
212.6419,2.400841,174.8662,6.875479,348.4608,355.3198,-1
212.6415,2.402607,174.8685,8.303648,344.6606,358.5056,-1
212.6106,1.028433,174.8601,0,15.00002,0,exit2
212.6402,2.403521,174.8723,7.148364,337.741,0.1579683,-1
212.6399,2.404253,174.873,8.132465,336.4856,1.484702,-1
212.6404,2.403779,174.8718,8.724779,338.7881,0.6261982,-1
212.6092,2.405963,174.9525,11.8441,340.0495,358.986,-1
212.0771,2.405673,176.5134,13.81829,341.6057,358.4437,-1
210.9841,2.405025,179.899,14.58818,343.5761,357.7039,-1
209.8061,2.405198,183.9949,15.86634,345.7931,357.5435,-1
208.7221,2.404591,188.3898,15.7099,346.5658,356.4151,-1
207.7182,2.40606,193.0744,18.21217,355.2889,0.2225297,-1
207.3294,2.405984,197.9339,16.93001,352.9108,359.0021,-1
206.4029,2.405952,202.7896,11.08021,342.0249,358.9692,-1
204.8939,2.405993,207.53,10.20429,342.8152,359.0461,-1
203.3801,2.405104,212.3957,10.16213,341.7559,357.4285,-1
201.73,2.404336,217.3601,11.51584,341.0188,356.6045,-1
199.8909,2.404232,222.6419,12.12379,340.3818,355.8119,-1
198.0706,2.404204,227.7224,12.80281,339.9684,355.7484,-1
196.1474,2.404313,232.8871,12.74018,338.0544,355.9497,-1
194.1248,2.404182,237.8037,13.11106,336.3216,355.704,-1
191.8783,2.404489,242.9361,13.14834,334.8094,356.2679,-1
189.571,2.396542,247.7833,12.79905,333.9975,356.3396,-1
187.1988,2.403869,252.6488,12.98659,334.3114,356.3127,-1
184.7491,2.404294,257.7398,12.96135,334.2228,355.9113,-1
182.1553,2.404244,263.1849,13.21332,335.0466,355.8166,-1
179.7099,2.404099,268.463,12.98223,335.5746,355.5527,-1
177.3271,2.404035,273.7885,12.20342,336.5851,355.4474,-1
175.2418,2.404039,278.6405,11.75837,336.8204,355.4629,-1
174.5176,1.031517,280.2531,0,15.00002,0,enter0
