*Subject
0
*Layout
4
*Condition
True,True,False
*Marks
169.6255,0,196.8289
223.6639,0,268.8001
182.1125,0,299.9983
*Path
x,y,z,flag
115.9628,2.402172,172.2209,7.347557,232.4281,352.1316,-1
115.9608,2.403569,172.2196,4.855134,228.743,354.6956,-1
115.9597,2.40407,172.2187,3.355762,226.3429,355.6064,-1
115.9598,2.404119,172.2187,3.033761,226.5333,355.6964,-1
115.9612,2.404018,172.2199,3.184542,229.824,355.5146,-1
115.9609,2.404254,172.2197,2.949409,229.1344,355.9388,-1
115.9609,2.404321,172.2198,3.693063,229.2852,356.056,-1
115.961,2.404194,172.2198,3.804968,229.3071,355.8271,-1
115.9607,2.404794,172.2196,4.252881,228.9118,356.9042,-1
115.9608,2.404243,172.2196,5.895345,228.7163,355.9044,-1
115.9603,2.40397,172.2192,6.289099,227.4908,355.4063,-1
115.9603,2.403743,172.2191,6.798421,227.3145,354.9911,-1
115.9625,2.399927,172.2203,7.812373,230.723,348.0035,-1
115.9633,2.397373,172.22,7.523517,230.9939,343.248,-1
115.963,2.397963,172.22,7.432785,230.6302,344.36,-1
115.9632,2.397786,172.2201,7.015378,231.1321,344.0438,-1
115.9623,2.400067,172.2202,7.490061,230.4179,348.27,-1
115.96,2.404903,172.2189,9.126828,226.8113,357.0726,-1
115.9606,2.407195,172.2196,9.927948,229.1697,1.232867,-1
115.962,2.409494,172.2205,9.360543,232.6939,5.411204,-1
115.963,2.409468,172.2213,7.129206,234.7368,5.333516,-1
115.9568,2.405203,172.2155,1.029493,218.8747,357.6458,-1
115.9547,2.407852,172.2126,358.518,212.3215,2.391024,-1
115.9578,2.406826,172.2168,356.5212,221.7641,0.5542642,-1
115.9586,2.406076,172.2176,357.4455,223.8691,359.2097,-1
115.9592,2.405604,172.2182,357.9687,225.4739,358.364,-1
115.9594,2.405239,172.2184,0.3408466,225.9069,357.7102,-1
115.9598,2.405089,172.2188,359.9566,226.9368,357.4422,-1
115.9604,2.407226,172.2193,356.3207,228.1868,1.272274,-1
115.9613,2.405562,172.2202,358.4023,230.5624,358.2901,-1
115.9617,2.404698,172.2204,359.9841,231.2916,356.7409,-1
169.6059,2.404231,196.8541,5.923069,231.6709,355.881,-1
169.6088,2.403733,196.856,7.139562,237.7501,354.9703,-1
169.6345,2.403134,196.8595,8.892843,285.3385,353.8566,-1
169.6229,2.404478,196.8607,6.881432,264.8763,356.3201,-1
169.5985,2.404679,196.8459,8.438641,211.7068,356.671,-1
169.5936,2.404587,196.8293,8.802482,180.2413,356.5005,-1
169.5958,2.404855,196.8173,7.873387,158.2831,356.9956,-1
169.6054,2.404403,196.8042,7.4151,128.6875,356.1799,-1
169.6163,2.404235,196.7984,8.569671,106.2105,355.8645,-1
169.6284,2.40473,196.7971,6.749923,84.54044,356.7766,-1
169.6395,2.404532,196.8002,6.826548,63.68098,356.4187,-1
169.649,2.404002,196.8073,6.106157,42.23497,355.4661,-1
169.6255,1.031517,196.8289,0,345,0,exit0
169.6212,2.403956,196.7804,8.227549,46.89299,355.3612,-1
169.5941,2.404297,196.7347,6.83036,42.64713,355.9926,-1
169.5297,2.404401,196.6628,5.650733,37.0053,356.1902,-1
169.5302,2.403962,196.6637,6.54027,33.66832,355.3892,-1
169.5303,2.403343,196.6639,7.457148,33.12874,354.2588,-1
169.5307,2.404235,196.6645,5.913085,32.12134,355.8893,-1
169.4798,2.403722,196.5765,7.034316,25.86203,354.9507,-1
169.4658,2.40339,196.5514,6.735878,19.56345,354.3532,-1
169.4647,2.403426,196.5488,8.16169,24.49037,354.3997,-1
169.942,2.403156,197.5069,9.091791,25.74643,353.8934,-1
171.0338,2.402526,199.8016,10.55965,28.80705,352.7114,-1
172.5222,2.402057,202.2676,10.36131,34.22924,351.8544,-1
174.5563,2.402491,205.232,8.984554,34.9247,352.6823,-1
176.5584,2.396001,208.0701,6.871405,35.5199,352.972,-1
178.8314,2.394194,211.3196,6.84201,34.06492,353.9579,-1
181.1221,2.403074,214.711,6.928967,34.22487,353.7777,-1
183.4638,2.403071,218.1461,6.799516,34.40226,353.7736,-1
186.0135,2.402895,221.8938,6.72967,33.99536,353.4565,-1
188.558,2.399732,225.6535,7.008223,34.39577,353.3203,-1
191.1938,2.402034,229.4998,7.220337,34.62542,353.1185,-1
193.9538,2.402579,233.4915,7.249477,34.94929,352.8741,-1
196.7793,2.402607,237.4985,7.214829,35.812,352.9253,-1
199.8061,2.402966,241.6147,6.95501,37.56155,353.5808,-1
202.4916,2.403559,245.0318,5.789124,38.92155,354.6688,-1
205.2737,2.40373,248.5105,5.915254,38.33867,354.9765,-1
208.0617,2.402907,252.0545,5.831714,38.12202,355.0055,-1
210.5193,2.403979,255.2129,5.16122,37.55767,355.4327,-1
213.1014,2.403908,258.5769,4.939776,37.5277,355.3053,-1
215.4636,2.404064,261.6973,4.892015,36.25473,355.5873,-1
217.2022,2.402859,264.0839,3.584147,36.25984,355.8027,-1
218.6684,2.404341,266.1036,3.58381,36.08403,356.0933,-1
220.0571,2.394632,268.0033,3.352155,36.5335,356.2416,-1
220.4075,1.031517,268.5311,0,345,0,enter1
220.6319,2.404211,268.7805,3.302132,35.30943,355.8602,-1
220.6351,2.404487,268.7851,4.94899,30.08817,356.349,-1
220.6393,2.404655,268.7976,6.122858,6.139789,356.6439,-1
220.6379,2.403426,268.811,4.875194,341.7101,354.4369,-1
220.6325,2.402673,268.8209,3.338928,321.309,353.0889,-1
220.6294,2.402819,268.8243,4.878222,312.9036,353.34,-1
220.626,2.402704,268.8271,2.439515,305.3176,353.151,-1
220.6272,2.402035,268.8261,1.430708,308.179,351.9462,-1
220.6274,2.403489,268.8261,3.381701,308.3222,354.5608,-1
220.6277,2.403504,268.8259,3.023241,309.0097,354.5892,-1
220.628,2.403966,268.8257,4.204741,309.5738,355.4153,-1
220.6277,2.404022,268.8259,4.393472,308.948,355.5151,-1
220.6075,1.031517,268.8012,0,345,0,exit1
220.0973,2.404068,269.2503,5.155615,308.867,355.592,-1
218.0724,2.402461,270.8723,6.760875,308.6902,356.0292,-1
215.2459,2.404122,273.1409,6.963048,309.0355,355.6758,-1
212.4196,2.403793,275.4352,6.478637,309.0945,355.8041,-1
209.663,2.404163,277.6665,6.350961,308.9593,355.7561,-1
206.7964,2.404154,279.9887,6.449969,309.2219,355.7373,-1
203.6919,2.404102,282.5305,6.365158,309.4631,355.6457,-1
200.5705,2.404096,285.095,6.274668,309.3057,355.6356,-1
197.3403,2.401442,287.7508,5.942708,309.2395,356.1949,-1
194.2825,2.404492,290.2475,5.901086,309.4784,356.3525,-1
191.601,2.404621,292.4389,5.328365,309.1584,356.588,-1
189.1737,2.404893,294.4062,4.696893,308.5353,357.0815,-1
186.9857,2.405186,296.1516,4.915221,308.6485,357.6074,-1
184.6188,2.404405,298.0509,5.029779,307.8134,357.6936,-1
183.4306,1.031517,298.9316,0,345,0,enter2
183.3352,2.405396,299.0444,4.696632,305.9029,357.9865,-1
183.305,2.405504,299.0662,5.331133,293.5285,358.1775,-1
183.2907,2.405726,299.0689,7.057985,267.4176,358.5735,-1
183.2803,2.40451,299.0666,8.499179,247.7825,356.3641,-1
183.2701,2.40556,299.0602,5.367219,226.4409,358.2798,-1
183.2664,2.404804,299.056,6.630443,216.3205,356.9102,-1
183.2643,2.404881,299.0527,6.427437,209.2219,357.0513,-1
183.2638,2.404202,299.0517,5.948675,207.0837,355.8293,-1
183.2644,2.40453,299.0529,6.296186,209.5774,356.4185,-1
183.2645,2.404397,299.0531,4.73532,210.1351,356.1889,-1
183.2645,2.405005,299.0532,3.925587,210.3777,357.2861,-1
183.2655,2.40458,299.0546,5.067743,213.3279,356.516,-1
183.2656,2.404581,299.0547,4.045585,213.6501,356.5232,-1
183.2921,1.031517,299.0369,0,345,0,exit2
183.265,2.404353,299.0539,4.65171,211.8432,356.109,-1
182.1015,2.404168,297.0935,6.297601,210.4365,355.7645,-1
180.7334,2.394848,294.7623,7.861602,210.616,355.9557,-1
178.885,2.40397,291.674,8.30678,211.5506,355.3866,-1
177.1329,2.403703,288.8234,8.096841,211.3413,354.9037,-1
175.1914,2.401823,285.6465,7.862596,211.3855,354.725,-1
173.3859,2.403397,282.6979,7.685171,211.7985,354.354,-1
171.4646,2.402773,279.6068,6.730397,211.4766,353.2336,-1
169.6564,2.40246,276.593,5.59043,210.2458,352.6815,-1
167.863,2.397727,273.5189,5.04117,210.5528,351.7781,-1
166.0932,2.396103,270.6057,5.401113,213.5141,352.8679,-1
164.3594,2.396209,268.0313,5.229838,214.6633,352.7949,-1
162.589,2.402638,265.4755,5.718816,214.6369,353.0025,-1
160.5048,2.402641,262.4579,6.172811,214.584,353.0023,-1
158.164,2.402614,259.0601,6.685697,214.697,352.9465,-1
155.9366,2.40236,255.8332,6.024834,214.2742,352.4944,-1
153.6947,2.402325,252.544,6.098798,214.4373,352.4292,-1
151.2783,2.401756,249.0169,5.90553,214.437,352.716,-1
148.9573,2.402517,245.629,6.120001,214.1722,352.777,-1
146.6304,2.402475,242.1731,6.020132,213.3215,352.7027,-1
144.3176,2.402514,238.6491,6.125234,213.3003,352.7734,-1
141.981,2.402259,235.0923,6.343575,213.0939,352.3064,-1
139.6863,2.39801,231.5551,6.132284,213.0553,352.1037,-1
137.2291,2.401947,227.8064,6.869102,213.582,351.7299,-1
134.9429,2.401924,224.3204,6.883393,213.4651,351.6869,-1
132.6302,2.401929,220.8402,6.779795,214.1924,351.6992,-1
130.4108,2.402179,217.5667,7.173407,213.2021,352.1476,-1
128.6645,2.403156,214.8419,5.727139,210.8834,353.9412,-1
126.8627,2.402844,211.8009,5.123091,210.4153,353.3827,-1
124.9529,2.402594,208.6039,5.012687,211.1237,352.9309,-1
123.4097,2.403224,206.042,4.6827,210.563,354.0736,-1
122.5396,2.403783,204.5505,4.447413,208.0132,355.084,-1
122.3867,2.404865,204.0221,6.596298,173.4419,357.0217,-1
122.4517,2.403123,203.7302,7.717786,126.2759,353.8556,-1
123.0687,2.401084,203.3384,9.499677,105.8812,351.8837,-1
123.625,2.395864,203.1758,7.38344,108.8884,352.5508,-1
123.9686,2.402638,203.0372,8.159159,156.0269,352.9662,-1
124.0109,2.40191,202.3965,10.3469,218.1705,351.8416,-1
123.2549,2.4029,201.6289,9.192587,225.7729,353.4241,-1
120.6107,2.395597,198.9092,9.209197,221.3866,355.2655,-1
118.8111,2.404248,196.8288,9.202402,217.995,355.8814,-1
118.566,1.031517,196.4679,0,345,0,enter0
