*Subject
1
*Layout
2
*Condition
True,True,False
*Marks
324.9144,0,229.3366
222.8729,0,209.6546
256.851,0,307.8653
*Path
x,y,z,flag
304.6466,2.406877,188.5709,347.5799,136.884,0.6598623,-1
304.6463,2.407022,188.5712,346.3865,137.5073,0.930454,-1
304.6463,2.407037,188.5712,346.0312,137.4285,0.9589183,-1
304.6462,2.407008,188.5713,345.6641,137.6606,0.907742,-1
304.6461,2.406808,188.5714,345.6496,138.0588,0.5387246,-1
304.6461,2.406666,188.5714,345.6352,138.147,0.2747589,-1
304.6458,2.40657,188.5717,345.6385,138.9937,0.09862137,-1
304.6457,2.406445,188.5719,345.5779,139.4834,359.8667,-1
304.6456,2.40632,188.572,345.5832,139.7778,359.635,-1
304.6452,2.406085,188.5724,345.3563,140.9063,359.201,-1
304.6449,2.406281,188.5729,346.6495,141.7876,359.5653,-1
304.6444,2.406388,188.5735,348.4305,143.0804,359.7641,-1
304.6447,2.40588,188.5731,350.6689,142.3491,358.8446,-1
304.6445,2.405917,188.5734,351.233,142.9591,358.9135,-1
304.6445,2.406181,188.5733,351.8671,142.855,359.3932,-1
324.8879,2.397502,229.3186,350.4889,146.0543,358.0205,-1
324.8873,2.397206,229.3196,350.3542,148.1878,357.4818,-1
324.8873,2.398087,229.3195,350.217,147.8163,359.081,-1
324.8876,2.398491,229.3191,351.1332,146.8738,359.8173,-1
324.8876,2.398658,229.319,351.8117,146.5216,0.1200375,-1
324.8878,2.398844,229.3188,352.2321,145.9612,0.4550593,-1
324.8878,2.398686,229.3188,352.3738,145.9887,0.1690421,-1
324.8878,2.398626,229.3188,352.5421,146.0548,0.06174712,-1
324.8878,2.398586,229.3188,352.7676,146.2461,359.9893,-1
324.8878,2.398662,229.3188,352.6757,146.1327,0.126493,-1
324.8878,2.398733,229.3188,352.6197,146.1863,0.2536659,-1
324.8878,2.398708,229.3187,352.6886,145.901,0.2097238,-1
324.9144,1.023592,229.3366,0,15.00002,0,exit0
324.8897,2.398452,229.3163,352.9545,140.4451,359.7478,-1
324.9035,2.396998,229.3065,355.8445,110.0008,357.1366,-1
324.9363,2.399179,229.3058,356.6149,81.35559,357.5764,-1
324.9564,2.399297,229.3104,356.7252,60.33661,356.1866,-1
325.1985,2.406402,229.3999,359.8596,89.1941,359.808,-1
325.7465,2.408022,229.3123,2.374716,172.177,2.697403,-1
325.7667,2.40524,229.3357,359.8223,229.5334,357.7119,-1
325.7838,2.405176,229.3431,357.8946,263.6913,357.5964,-1
325.7947,2.405676,229.3425,358.276,283.3735,358.4932,-1
325.8035,2.405711,229.339,359.1197,300.3561,358.5562,-1
325.7932,2.406905,229.3428,1.164972,280.6053,0.6947237,-1
325.848,2.39825,229.3333,0.3084795,267.2816,0.8257364,-1
325.8481,2.396637,229.3333,359.074,267.4245,357.9156,-1
325.8453,2.397341,229.3331,0.9934561,262.243,359.1697,-1
323.9694,2.405834,229.0354,6.19456,260.6252,358.7697,-1
320.7121,2.405591,228.505,6.976922,260.9034,358.3301,-1
317.5388,2.405511,228.0184,7.456452,260.9967,358.1834,-1
313.7043,2.405556,227.3865,7.87707,260.2221,358.2631,-1
310.0196,2.405781,226.7418,8.964253,259.673,358.6659,-1
306.2625,2.405839,226.059,9.354694,259.6417,358.7698,-1
302.4341,2.405206,225.358,9.359286,259.7083,358.7466,-1
298.3671,2.405995,224.6347,9.035316,260.4239,359.0532,-1
294.4543,2.406305,223.9801,7.907752,260.7837,359.6176,-1
290.6976,2.406714,223.3634,6.842854,260.5791,0.4809299,-1
286.949,2.409494,222.7066,7.662996,259.6734,6.049009,-1
283.0129,2.411233,222.0502,12.00399,263.2024,8.666373,-1
279.0515,2.404832,221.5839,12.16793,265.9453,9.120958,-1
275.002,2.411532,221.3078,12.57027,266.8322,9.240191,-1
270.9894,2.409493,220.9615,7.004487,260.4994,5.377439,-1
267.09,2.409839,220.2312,3.72398,258.4048,5.97092,-1
263.3522,2.409173,219.458,2.516743,257.9052,4.922656,-1
259.7436,2.408627,218.4771,1.046401,258.1695,3.781964,-1
256.0635,2.40827,217.7038,0.3560431,258.4394,3.139752,-1
252.1899,2.403088,216.9014,0.03632786,257.9736,3.53941,-1
248.4621,2.408551,216.0957,358.9492,257.4663,3.644345,-1
244.5216,2.408462,215.2191,358.3285,257.3856,3.486419,-1
240.7429,2.408383,214.3678,358.023,257.1762,3.345094,-1
236.8313,2.407335,213.4763,357.3434,257.1305,3.228305,-1
232.9938,2.405167,212.6002,356.2509,257.6147,2.806321,-1
229.1515,2.407824,211.767,354.1367,258.5393,2.353283,-1
226.12,2.40538,211.2062,359.9287,262.1892,357.9648,-1
224.947,2.402417,211.0429,355.5736,262.4772,2.454805,-1
224.9471,1.026133,211.0107,0,15.00002,0,enter1
224.9403,2.402569,211.0419,355.5736,262.4772,2.454805,-1
224.9397,2.403231,211.0418,356.6258,261.2993,3.641493,-1
224.9403,2.40312,211.0419,357.2454,262.511,3.439599,-1
224.9404,2.403094,211.0419,356.5922,262.6764,3.395288,-1
224.9408,2.402865,211.042,356.0813,263.2899,2.985745,-1
224.941,2.403,211.042,355.9474,263.7199,3.228958,-1
224.9413,2.402949,211.042,355.7287,264.2935,3.137945,-1
224.9414,2.402849,211.042,355.5051,264.4666,2.959076,-1
224.9413,2.402831,211.042,355.3128,264.2484,2.927678,-1
224.9417,2.402879,211.0421,355.0326,264.8956,3.014946,-1
224.9418,2.402352,211.0421,353.3011,265.2441,2.072955,-1
224.9461,2.401552,211.0422,352.8764,273.0083,0.6307933,-1
224.9444,1.026202,211.0102,0,15.00002,0,exit1
224.9681,2.398954,211.0316,354.4755,318.3511,355.9525,-1
224.9754,2.399014,211.0176,354.3389,346.9737,356.0587,-1
224.9762,2.401268,211.0066,354.4073,6.556391,0.1185822,-1
224.9744,2.39925,210.9993,355.9445,20.27385,356.4934,-1
224.9735,2.400651,210.997,355.3976,24.51313,359.0085,-1
224.9748,2.40141,211.0003,358.9462,18.00453,0.371197,-1
225.1948,2.406506,211.689,2.074401,17.75526,359.9801,-1
226.2219,2.40649,214.9746,3.8849,16.78482,359.9512,-1
227.168,2.406421,218.1518,3.73675,16.57649,359.8281,-1
228.0678,2.406123,221.2092,4.278464,16.30817,359.5522,-1
228.9701,2.406007,224.2766,4.95986,16.4498,359.083,-1
229.9734,2.405648,227.6575,5.213773,16.70389,358.4365,-1
231.0018,2.401041,231.0557,5.540807,17.04103,358.1195,-1
232.0533,2.405415,234.4833,5.832368,17.13973,358.0152,-1
233.1232,2.405326,237.959,5.971218,17.09715,357.8555,-1
234.1698,2.405219,241.369,6.147212,17.01394,357.662,-1
235.2085,2.405185,244.7667,6.45744,17.0385,357.5986,-1
236.2851,2.405126,248.2837,6.792569,16.96401,357.4904,-1
237.3431,2.404869,251.7709,6.919009,16.43227,357.1372,-1
238.3946,2.398047,255.3409,7.006342,16.43265,357.1615,-1
239.4566,2.404973,258.9338,7.124416,16.4918,357.2129,-1
240.5484,2.405018,262.6176,7.138241,16.49758,357.2942,-1
241.657,2.405008,266.3545,7.096064,16.55817,357.2768,-1
242.7798,2.404676,270.1107,6.892994,16.68844,357.3435,-1
243.8804,2.404979,273.7718,7.094634,16.74207,357.2234,-1
245.0042,2.404963,277.5087,7.173336,16.73206,357.194,-1
246.1413,2.401017,281.3009,7.229426,16.62273,357.1739,-1
247.2706,2.404788,285.093,7.415341,16.4387,356.8772,-1
248.3827,2.404501,288.8615,7.326411,16.44528,356.3591,-1
249.4483,2.403493,292.5732,7.057766,14.64876,354.5367,-1
250.3875,2.402269,296.2272,6.15345,14.0439,352.3275,-1
251.1916,2.401498,299.4521,5.337969,14.45986,350.9362,-1
251.9755,2.400752,302.3996,4.726807,15.96863,349.5845,-1
252.8558,2.401794,305.338,3.502638,20.53798,351.4968,-1
254.0405,2.406226,308.2159,3.251167,25.67083,359.4781,-1
254.2177,2.406161,308.5915,0.4158888,23.72792,359.5647,-1
254.1886,1.031394,308.6049,0,15.00002,0,enter2
254.218,2.406081,308.5922,358.752,23.35611,359.442,-1
254.2179,2.405966,308.5919,358.7177,24.03706,359.2347,-1
254.2177,2.405879,308.5915,358.2935,24.72143,359.0785,-1
254.2179,2.40585,308.5919,357.064,24.03975,359.0272,-1
254.218,2.405872,308.5921,356.4389,23.68352,359.0651,-1
254.218,2.405952,308.5922,356.1455,23.48268,359.2096,-1
254.2181,2.406004,308.5923,355.619,23.12714,359.3013,-1
254.2181,2.405859,308.5923,355.4187,23.19872,359.0419,-1
254.2179,2.405413,308.5919,354.754,24.01914,358.2385,-1
254.2179,2.405303,308.592,354.0977,23.92016,358.0375,-1
254.2179,2.405165,308.592,353.1108,24.06102,357.7852,-1
254.2176,2.405176,308.5912,353.1957,25.59292,357.8048,-1
254.1887,1.031393,308.6049,0,15.00002,0,exit2
254.3184,2.403741,308.7099,3.237122,55.65047,355.0149,-1
254.4182,2.403451,308.7974,7.652599,96.86237,354.4534,-1
254.4501,2.405195,308.7914,6.621831,113.8218,357.6173,-1
254.4506,2.405388,308.7914,3.278201,113.9583,357.9754,-1
254.4756,2.406033,308.7777,4.656346,118.5809,359.1296,-1
256.8192,2.406682,307.4953,7.431895,119.8556,0.2966035,-1
260.8652,2.406427,305.1856,8.678235,118.9221,359.8379,-1
264.6141,2.406625,303.0881,8.616835,119.8237,0.1962458,-1
268.0016,2.407331,301.1362,7.958052,120.6275,1.470812,-1
271.4602,2.407764,299.116,8.675124,119.6748,2.26004,-1
275.0692,2.407876,297.0699,8.825412,119.2552,2.462681,-1
278.5754,2.407955,295.1107,8.836063,119.0786,2.60547,-1
282.2076,2.407892,293.092,8.710345,118.9539,2.490986,-1
285.8519,2.398727,291.0821,8.241896,118.9436,2.214993,-1
289.4351,2.401941,289.1092,7.702598,118.7169,1.91512,-1
293.2541,2.407583,287.012,7.333516,118.8597,1.924899,-1
296.9265,2.403235,284.9911,7.246756,118.7138,2.153195,-1
300.48,2.40786,283.0518,7.199191,118.466,2.424631,-1
304.2152,2.407925,281.0314,7.287244,118.2768,2.541493,-1
307.9508,2.407964,279.0275,7.254113,118.0841,2.612508,-1
311.7152,2.407982,277.023,7.284272,117.9563,2.64566,-1
315.4473,2.40694,275.047,7.228156,117.7712,2.663002,-1
319.225,2.407966,273.0613,7.131907,117.6714,2.614862,-1
323.0874,2.407928,271.0391,7.239442,117.609,2.547434,-1
326.9229,2.407889,269.0327,7.291015,117.6329,2.477097,-1
330.9025,2.407738,266.9425,7.202037,117.6832,2.204587,-1
334.774,2.407614,264.9107,6.575729,117.6735,1.977195,-1
338.7738,2.407485,262.8139,4.837936,117.7852,1.739888,-1
342.5755,2.400105,260.795,355.8293,118.2274,0.3441912,-1
345.3187,2.405405,259.3501,352.0663,116.4776,357.9895,-1
345.8934,2.400371,259.0619,351.4579,116.2998,357.4971,-1
345.9085,1.026928,259.09,0,15.00002,0,enter0
