*Subject
1
*Layout
3
*Condition
True,True,False
*Marks
343.6348,0,195.8299
307.7887,0,243.9433
248.1984,0,236.9549
*Path
x,y,z,flag
161.4684,2.407681,218.9408,339.8626,217.7672,2.221235,-1
161.4683,2.407692,218.9407,339.2917,217.5813,2.249488,-1
161.4684,2.407491,218.9409,338.196,218.0096,1.879357,-1
161.4705,2.40779,218.9432,333.1929,223.1891,2.553921,-1
161.4746,2.41029,218.9466,329.5211,229.8647,7.863143,-1
161.4746,2.417399,218.9444,337.9639,222.927,21.52155,-1
161.4647,2.417873,218.9293,358.5231,195.8022,20.79262,-1
161.4621,2.412199,218.9171,4.483148,173.9124,10.26049,-1
161.4622,2.41307,218.9181,4.75961,175.9048,11.85906,-1
161.4622,2.413377,218.9183,5.006733,176.319,12.42728,-1
161.4622,2.41344,218.9185,4.640586,176.7097,12.53676,-1
161.4622,2.413457,218.9187,4.432456,176.9209,12.5644,-1
161.4622,2.413462,218.9187,4.51608,176.9225,12.57345,-1
161.4622,2.413474,218.9187,4.573534,177.0091,12.59775,-1
161.4622,2.413519,218.9188,4.538587,177.1777,12.68054,-1
161.4622,2.413612,218.9188,4.394684,177.2286,12.84825,-1
161.4622,2.413718,218.9189,3.984617,177.3446,13.0369,-1
161.4622,2.413652,218.919,3.854074,177.3735,12.9131,-1
161.4622,2.413593,218.919,3.730044,177.3878,12.80236,-1
161.4622,2.41357,218.919,3.687042,177.3661,12.75997,-1
161.4622,2.413472,218.9191,3.311902,177.4099,12.57362,-1
161.4624,2.414423,218.9224,0.4199284,182.8359,14.30428,-1
161.4625,2.414185,218.9242,359.7301,185.9915,13.86496,-1
161.4624,2.414,218.924,359.9916,185.7815,13.5225,-1
161.4624,2.413944,218.9241,0.2099386,185.8953,13.41975,-1
161.4624,2.413883,218.9242,0.1064383,186.0589,13.30724,-1
161.4706,2.416342,218.9411,359.7834,221.4191,17.88052,-1
161.4714,2.407594,218.9442,1.80289,226.6954,1.930486,-1
161.4745,2.409978,218.9465,0.6758322,233.6047,6.209895,-1
161.474,2.408212,218.9463,359.7366,232.6501,3.036701,-1
161.4732,2.407448,218.9457,357.8286,230.8048,1.668595,-1
161.4716,2.403974,218.9442,353.5043,227.5029,355.4124,-1
161.4707,2.404745,218.9434,350.6125,225.3533,356.7821,-1
161.4712,2.403826,218.9438,349.8477,226.769,355.0982,-1
161.4716,2.403262,218.9441,347.4185,228.1418,354.0184,-1
161.4705,2.405431,218.9432,349.7785,224.7089,358.0243,-1
161.4702,2.404931,218.9429,351.8561,223.9173,357.1305,-1
161.4698,2.401979,218.942,352.8081,222.9,351.7816,-1
161.4689,2.401494,218.9409,353.316,220.3058,350.9058,-1
161.4666,2.401115,218.9376,7.321631,210.6275,350.2,-1
161.4677,2.398994,218.9384,14.58447,210.5575,345.9404,-1
161.4804,2.400259,218.9495,26.60251,239.8904,347.3672,-1
161.4859,2.406092,218.952,26.29484,256.1427,359.1501,-1
161.483,2.407316,218.9512,31.13509,252.0082,1.671633,-1
161.4848,2.408031,218.9517,27.55219,255.9072,3.058677,-1
161.4857,2.409165,218.9518,17.76022,257.593,4.98526,-1
161.4854,2.40918,218.9518,7.10288,256.0489,4.810152,-1
161.4839,2.40893,218.9514,5.128277,253.1541,4.342535,-1
161.4793,2.409268,218.9495,8.885008,244.6002,4.992737,-1
161.4761,2.407528,218.9478,15.58168,237.7972,1.88031,-1
161.4748,2.403755,218.9468,2.390047,234.0727,355.0439,-1
161.4777,2.3973,218.9472,9.337216,236.3533,343.0285,-1
161.4818,2.401604,218.9503,44.08784,239.8634,347.6566,-1
161.4901,2.398215,218.9516,60.9846,112.9525,212.3338,-1
161.5009,2.40318,218.9518,38.87603,108.5206,187.698,-1
161.5056,2.401022,218.95,40.06567,121.2132,192.9662,-1
161.5056,2.404938,218.9504,68.11142,119.5336,187.6086,-1
161.5108,2.405182,218.9477,74.03865,131.3781,188.7287,-1
161.5149,2.406258,218.9446,70.62016,133.4965,181.3962,-1
161.5113,2.412645,218.9467,57.84103,106.6114,158.9124,-1
161.515,2.413399,218.9435,71.9514,91.14688,136.0364,-1
161.5147,2.412014,218.9441,73.7851,95.75837,142.0401,-1
161.5159,2.412183,218.943,73.63713,97.75265,141.0592,-1
161.5157,2.412315,218.943,72.38117,99.85513,143.2266,-1
161.516,2.410058,218.9433,73.5598,113.1197,156.9865,-1
161.5172,2.405422,218.9422,73.15092,144.6981,186.7813,-1
161.5175,2.405257,218.9419,73.90913,146.8526,188.1688,-1
161.5176,2.405695,218.9417,74.3834,144.5704,185.4739,-1
161.5175,2.406036,218.9419,74.73941,142.1684,183.2748,-1
161.5175,2.406089,218.9419,74.62281,141.7397,182.8903,-1
161.5168,2.406049,218.9426,73.7488,140.0787,182.9956,-1
161.5171,2.405734,218.9424,72.86921,142.3898,184.7683,-1
161.5173,2.405462,218.9422,72.90482,144.4829,186.4392,-1
161.5175,2.405196,218.9419,72.72385,146.4913,187.9918,-1
161.5176,2.405098,218.9418,72.61472,147.3755,188.5314,-1
161.5176,2.405057,218.9418,72.7606,147.6521,188.8543,-1
161.5175,2.405132,218.9418,72.9562,147.2581,188.4915,-1
161.5176,2.405159,218.9418,73.03573,147.1702,188.3627,-1
161.5176,2.40512,218.9418,73.08393,147.4444,188.6309,-1
161.5176,2.4051,218.9418,73.07378,147.5279,188.7466,-1
161.5175,2.405113,218.9418,73.07991,147.3524,188.6712,-1
161.5175,2.405054,218.9418,73.13113,147.7514,189.0655,-1
161.5175,2.40499,218.9418,73.11991,148.106,189.4568,-1
161.5175,2.404943,218.9419,73.05715,148.325,189.7151,-1
161.5175,2.404909,218.9419,73.2944,148.6221,190.0692,-1
161.5173,2.404823,218.9421,72.85696,148.2876,190.3467,-1
161.5168,2.404711,218.9427,72.58274,147.4754,190.8708,-1
161.5164,2.404609,218.943,72.63384,147.1707,191.5241,-1
161.517,2.404695,218.9424,72.83276,148.4041,191.1253,-1
161.5172,2.404802,218.9422,72.78407,148.1281,190.4332,-1
161.5166,2.404749,218.9429,72.68553,146.7573,190.6983,-1
161.5163,2.404758,218.9431,72.77243,146.172,190.6936,-1
161.5167,2.404812,218.9428,72.8353,146.7036,190.4025,-1
161.5167,2.404775,218.9428,72.78515,146.9287,190.6008,-1
161.5167,2.404761,218.9428,72.73161,146.9503,190.6533,-1
161.5166,2.404728,218.9428,72.76968,147.0977,190.879,-1
161.5167,2.404749,218.9427,72.76035,147.0976,190.7442,-1
161.5167,2.404771,218.9427,72.66961,146.9311,190.555,-1
161.5165,2.404756,218.9429,72.56268,146.4849,190.5836,-1
161.5157,2.404633,218.9437,72.49699,145.2512,191.2909,-1
161.5147,2.404477,218.9446,72.19985,143.4517,192.0365,-1
161.5134,2.40424,218.9458,71.90526,141.3576,193.2467,-1
161.513,2.404244,218.9461,71.53317,140.2557,192.9569,-1
161.5146,2.404476,218.9447,71.73071,142.8448,191.7377,-1
161.5164,2.40468,218.9431,72.26849,146.4599,190.8643,-1
161.5172,2.404568,218.9422,72.44563,149.1956,191.6521,-1
161.5158,2.404242,218.9436,72.20555,147.4712,193.4555,-1
161.515,2.404147,218.9443,71.98817,145.97,193.8595,-1
161.5161,2.404312,218.9433,71.87419,147.6516,192.7938,-1
161.5179,2.404378,218.9413,72.09865,152.2166,192.5613,-1
161.5183,2.404261,218.9409,72.08848,153.8568,193.2531,-1
161.5171,2.404141,218.9422,71.83038,151.2164,193.7752,-1
161.5164,2.404192,218.943,71.97289,148.9962,193.5781,-1
161.5171,2.404569,218.9422,72.52676,149.2269,191.6987,-1
161.521,2.404129,218.9369,71.54188,162.8177,193.6328,-1
161.5236,2.401295,218.93,67.8299,187.1185,205.6246,-1
161.5249,2.402234,218.9244,70.3536,195.7867,203.4601,-1
161.5251,2.405184,218.9167,81.15078,203.1397,195.7082,-1
161.5238,2.405164,218.9111,69.72482,204.368,187.0093,-1
161.5231,2.405261,218.909,64.82895,206.5501,185.2948,-1
161.5228,2.404855,218.9085,60.97667,208.2364,186.1458,-1
161.5227,2.4054,218.9081,60.03029,206.9805,184.0059,-1
161.5229,2.405604,218.9086,60.17836,205.4168,183.29,-1
161.524,2.404806,218.9118,61.87323,202.2197,186.5138,-1
161.5253,2.407213,218.9228,83.20069,166.0146,169.4191,-1
161.5251,2.406586,218.9251,90,352.4886,0,-1
161.5252,2.406764,218.9245,90,353.5683,0,-1
161.5252,2.407319,218.9238,84.62134,159.3803,164.4929,-1
161.5253,2.407675,218.9225,83.37008,158.865,161.7282,-1
161.5253,2.407907,218.9222,82.42446,158.5075,160.7652,-1
161.5252,2.408244,218.9242,82.91448,148.3287,154.0528,-1
161.5253,2.407613,218.9218,81.59531,164.8637,166.4442,-1
161.5253,2.407558,218.9187,83.15576,168.2484,164.153,-1
161.525,2.406701,218.9157,84.97917,185.5295,176.2299,-1
161.5248,2.406447,218.9148,85.10383,192.5138,181.4744,-1
161.5246,2.406276,218.914,85.22582,197.6628,185.1977,-1
161.5246,2.406135,218.9137,85.16556,201.127,188.1489,-1
161.5245,2.406106,218.9135,85.72089,203.3476,189.915,-1
161.5245,2.406295,218.9135,86.04884,199.2128,185.7829,-1
161.5245,2.406425,218.9134,86.18946,195.9508,182.4804,-1
161.5246,2.406856,218.9137,86.26976,183.6708,170.6468,-1
161.5245,2.406809,218.9135,86.57028,184.616,171.232,-1
161.5245,2.406832,218.9134,86.4818,184.3973,170.7639,-1
161.5246,2.406867,218.9141,86.62513,181.5841,169.3035,-1
161.5248,2.406921,218.9147,86.8544,177.8613,166.7056,-1
161.5248,2.407034,218.9148,87.2843,171.1187,160.0674,-1
161.5248,2.40714,218.9149,87.35004,165.968,155.1185,-1
161.5248,2.407057,218.9149,87.31824,169.713,158.8638,-1
161.5247,2.406795,218.9144,87.26913,181.2977,169.5165,-1
161.5246,2.40667,218.914,87.38004,186.4542,174.0111,-1
161.5245,2.406341,218.9135,90,13.40062,0,-1
161.5244,2.406028,218.913,87.34178,213.4526,199.249,-1
161.5244,2.405862,218.913,87.15105,218.5025,204.3089,-1
161.5242,2.406072,218.9124,90,15.26625,0,-1
161.524,2.406347,218.9117,90,16.79817,0,-1
161.524,2.406373,218.9117,90,16.7945,0,-1
161.5242,2.407146,218.9123,90,15.60245,0,-1
161.524,2.407116,218.9116,90,16.90213,0,-1
161.5239,2.407225,218.9113,90,17.31669,0,-1
161.5239,2.407285,218.9113,90,17.35353,0,-1
161.5239,2.4075,218.9114,90,17.25529,0,-1
161.5239,2.407599,218.9113,90,17.31147,0,-1
161.5239,2.407514,218.9113,90,17.3945,0,-1
161.5239,2.407481,218.9113,90,17.33001,0,-1
161.5239,2.407488,218.9114,90,17.23569,0,-1
161.5239,2.407517,218.9115,90,17.09589,0,-1
161.524,2.407491,218.9115,90,17.00237,0,-1
161.524,2.407519,218.9115,90,17.01241,0,-1
161.524,2.407588,218.9116,87.35989,63.51283,46.55773,-1
161.524,2.407698,218.9116,87.0312,62.32141,45.43963,-1
161.524,2.407771,218.9116,86.80965,61.62058,44.75648,-1
161.524,2.407907,218.9117,86.54725,62.88268,46.13484,-1
161.524,2.40784,218.9116,86.54424,60.26001,43.32933,-1
161.524,2.408018,218.9116,86.14223,61.04266,44.1833,-1
161.524,2.408155,218.9116,85.84093,61.68894,44.91306,-1
161.524,2.408151,218.9116,85.83957,61.52356,44.72031,-1
161.524,2.408142,218.9116,85.88116,61.77376,44.98463,-1
161.524,2.408157,218.9117,85.93085,62.97322,46.25255,-1
161.524,2.408243,218.9117,85.81025,64.11089,47.57071,-1
161.524,2.408361,218.9119,85.5249,63.95494,47.62228,-1
161.524,2.40834,218.9119,85.54701,63.54993,47.21269,-1
161.524,2.408333,218.9119,85.55424,63.35841,47.06915,-1
161.524,2.408396,218.9119,85.45969,64.16208,47.86946,-1
161.524,2.408691,218.9119,85.05517,68.21111,52.02682,-1
161.524,2.408796,218.912,84.94781,70.07559,53.97785,-1
161.524,2.408896,218.912,84.80824,71.29745,55.24377,-1
161.524,2.408966,218.912,84.75481,72.8699,56.82505,-1
161.524,2.409044,218.912,84.65411,73.99864,57.93464,-1
161.524,2.409045,218.9121,84.5541,72.255,56.36167,-1
161.524,2.408791,218.912,84.55468,64.48251,48.481,-1
161.524,2.408431,218.9119,84.30673,53.24318,37.08056,-1
161.5241,2.408344,218.912,83.92017,48.62372,32.62086,-1
161.5241,2.408535,218.9122,83.5254,49.64928,34.009,-1
161.5241,2.408437,218.9122,83.11359,45.62568,30.03626,-1
161.5242,2.408315,218.9124,82.12548,39.53281,24.21734,-1
161.5242,2.408387,218.9126,81.39137,37.78666,22.98503,-1
161.5242,2.4084,218.9126,81.20023,37.43111,22.61615,-1
161.5242,2.408378,218.9125,81.29063,37.58657,22.5815,-1
161.5241,2.408214,218.9123,81.47179,36.4165,20.95614,-1
161.5241,2.408232,218.9123,81.47682,36.63364,21.19359,-1
161.5242,2.408334,218.9124,81.31364,37.29675,22.08657,-1
161.5242,2.408419,218.9125,80.94568,37.09771,22.19251,-1
161.5242,2.408492,218.9127,80.80748,37.42519,22.72792,-1
161.5242,2.408492,218.9127,80.84653,37.43147,22.82422,-1
161.5243,2.408485,218.9128,80.9449,37.51912,23.00286,-1
161.5243,2.408464,218.9128,81.11723,37.69177,23.21222,-1
161.5243,2.408499,218.9128,81.17964,38.2215,23.82578,-1
161.5243,2.408535,218.9129,81.05269,38.22243,23.92345,-1
161.5243,2.408625,218.9129,80.82633,38.5764,24.40184,-1
161.5243,2.40871,218.9129,80.75278,39.37331,25.24173,-1
161.5243,2.408778,218.913,80.90223,40.64815,26.54524,-1
161.5243,2.4088,218.913,81.09898,41.51193,27.45917,-1
161.5243,2.408792,218.913,81.1831,41.61757,27.62867,-1
161.5243,2.40877,218.913,81.32629,41.80416,27.82649,-1
161.5243,2.408641,218.913,81.61447,41.21105,27.0788,-1
161.5243,2.408527,218.9129,81.66608,39.97218,25.678,-1
161.5243,2.408444,218.9128,81.73682,39.15162,24.77295,-1
161.5243,2.408408,218.9128,81.66608,38.4168,24.06335,-1
161.5243,2.408374,218.9129,81.6098,37.76973,23.43871,-1
161.5243,2.408378,218.9129,81.48009,37.41926,23.11442,-1
161.5243,2.408428,218.9128,81.319,37.64535,23.3134,-1
161.5243,2.40852,218.9129,81.18631,38.42173,24.10983,-1
161.5243,2.40858,218.9129,81.1041,38.83825,24.63292,-1
161.5243,2.408581,218.913,81.08515,38.68713,24.59765,-1
161.5243,2.408619,218.9131,80.99996,38.75578,24.82878,-1
161.5243,2.408674,218.9131,81.07176,39.65796,25.74088,-1
161.5244,2.408748,218.9131,80.90955,39.92703,26.17802,-1
161.5244,2.40888,218.9133,80.66879,40.54538,27.08849,-1
161.5244,2.409027,218.9135,80.55,41.61075,28.54186,-1
161.5244,2.409097,218.9137,80.39091,41.6409,28.87587,-1
161.5245,2.409057,218.9137,80.18933,40.43233,27.76403,-1
161.5245,2.409142,218.9138,79.7949,40.13768,27.57575,-1
161.5245,2.409273,218.9138,79.53751,40.71741,28.31323,-1
161.5245,2.409163,218.9138,79.44499,39.27483,26.82938,-1
161.5245,2.409019,218.9138,79.67194,38.2742,25.85651,-1
161.5244,2.408632,218.9135,80.30945,36.32707,23.12415,-1
161.5244,2.408328,218.9131,80.55067,33.9999,20.16669,-1
161.5239,2.408165,218.9115,81.80116,38.01507,21.16366,-1
161.5223,2.407839,218.9073,84.22456,49.35947,24.24609,-1
161.5219,2.407722,218.9065,84.7541,50.99315,24.32262,-1
161.5224,2.408524,218.9075,84.01886,61.61005,37.00183,-1
161.5225,2.409032,218.9079,83.10335,64.76791,40.87968,-1
161.5221,2.409473,218.907,84.06331,88.96486,63.27816,-1
161.5208,2.411541,218.9052,80.77376,131.4924,101.6852,-1
161.5204,2.412579,218.9048,78.1157,144.3022,113.0909,-1
161.5206,2.412347,218.9052,78.52819,144.0995,113.6502,-1
161.5218,2.411211,218.907,81.43587,126.1073,99.90619,-1
161.5235,2.410867,218.911,81.76966,89.66165,71.73977,-1
161.5242,2.41122,218.9138,80.59343,76.66389,64.05873,-1
161.5242,2.411273,218.9137,80.91844,83.2516,70.3171,-1
161.5241,2.411692,218.9138,80.051,82.17362,69.40852,-1
161.5238,2.411169,218.9121,80.77448,80.8556,65.0508,-1
161.5235,2.410824,218.9109,81.04566,77.91896,59.84512,-1
161.5235,2.411149,218.9112,80.77987,82.09241,64.61816,-1
161.5236,2.411342,218.9114,80.61309,84.74509,67.57738,-1
161.5235,2.411549,218.9114,80.36926,87.21488,70.04848,-1
161.5235,2.411476,218.9114,80.33575,84.48856,67.38312,-1
161.5235,2.411346,218.9112,80.58672,84.83887,67.3326,-1
161.5235,2.411426,218.9111,80.50357,86.14475,68.40801,-1
161.5234,2.411291,218.9109,80.66919,85.10142,66.95407,-1
161.5234,2.411442,218.9109,80.38234,85.13173,67.11021,-1
161.5234,2.411993,218.9112,79.21578,83.58589,66.12675,-1
161.5233,2.412192,218.9112,78.78379,83.20741,65.75251,-1
161.523,2.411908,218.9101,79.05771,82.23488,62.56979,-1
161.5228,2.411715,218.9094,78.86565,78.15101,57.25083,-1
161.5235,2.411666,218.9113,79.46815,78.87793,61.68129,-1
161.5239,2.411702,218.9127,79.74832,80.28804,65.5737,-1
161.5235,2.411782,218.9115,79.65559,83.38452,66.37522,-1
161.5231,2.411527,218.9102,80.07091,84.62602,65.22476,-1
161.5223,2.409591,218.9075,80.13965,58.59753,34.11847,-1
161.5217,2.409304,218.9063,79.76093,56.22721,29.33553,-1
161.5208,2.409312,218.9045,83.83484,85.1237,54.42036,-1
161.5205,2.409018,218.9042,85.46948,113.2129,81.61941,-1
161.5208,2.409715,218.9047,84.17718,110.6667,80.06556,-1
161.5229,2.41041,218.9091,82.97192,117.8898,96.13035,-1
161.5239,2.411618,218.9128,80.79713,109.5222,94.64402,-1
161.5244,2.41021,218.9142,82.16654,134.5585,122.1419,-1
161.5249,2.410195,218.9167,80.924,141.2516,133.2321,-1
161.525,2.411231,218.9217,75.14471,144.4192,144.9288,-1
161.5249,2.411897,218.9215,71.22607,148.6928,148.5044,-1
161.5237,2.416343,218.9234,59.1813,142.5865,143.1752,-1
161.5238,2.411156,218.9297,65.0705,145.5683,159.8833,-1
161.5226,2.41536,218.9305,59.16251,133.0957,147.3762,-1
161.5221,2.41416,218.9089,73.16634,148.2565,124.4326,-1
161.5247,2.400648,218.9184,76.94402,238.1026,234.2738,-1
161.525,2.40151,218.9199,80.62667,255.4597,253.8909,-1
161.5246,2.39952,218.92,48.82769,346.751,340.6025,-1
161.5248,2.402711,218.9258,39.85627,345.3925,351.0882,-1
161.5253,2.407395,218.9224,37.41873,358.4723,1.979377,-1
161.5253,2.40657,218.9223,34.80523,357.5468,0.1159371,-1
161.5253,2.40696,218.9225,17.95589,357.2992,0.8333907,-1
161.5251,2.406209,218.9254,7.275975,351.9137,359.4427,-1
161.5251,2.406901,218.9254,355.9211,351.8322,0.6899435,-1
161.5249,2.407947,218.9261,352.0596,350.2908,2.586526,-1
161.525,2.407429,218.9256,351.007,351.3098,1.653744,-1
161.5252,2.40688,218.9237,352.4993,354.8192,0.6560296,-1
161.5252,2.404037,218.9234,353.3944,355.9958,355.5261,-1
161.5254,2.405472,218.9217,355.6495,358.7243,358.123,-1
161.5254,2.406078,218.9218,2.113626,358.4242,359.2131,-1
161.5253,2.406464,218.9224,2.923593,357.3844,359.9042,-1
161.5254,2.406908,218.9219,1.748179,358.2482,0.6997304,-1
161.5254,2.40687,218.92,356.8881,1.672232,0.633771,-1
161.5253,2.408969,218.9208,354.3446,359.7458,4.416208,-1
161.5253,2.408428,218.9217,354.7809,358.2378,3.438639,-1
161.5253,2.408291,218.9228,352.9895,356.1217,3.201641,-1
161.5254,2.40731,218.9212,354.7112,359.3099,1.426086,-1
161.5254,2.406989,218.9216,354.0302,358.6862,0.8499678,-1
161.5254,2.40585,218.9206,357.6903,0.6292087,358.8052,-1
161.5252,2.408855,218.9229,352.4381,355.8282,4.226322,-1
161.5254,2.406265,218.9215,353.5304,358.8668,359.5459,-1
161.5251,2.410371,218.9232,353.0277,354.8997,6.96881,-1
161.525,2.408544,218.9255,354.1721,351.299,3.649435,-1
161.5249,2.406626,218.9263,357.7915,350.3412,0.1959512,-1
161.5251,2.406754,218.9251,0.03545682,352.4467,0.423482,-1
161.5251,2.407582,218.9246,359.1289,353.3528,1.906944,-1
161.5252,2.407493,218.9245,358.8076,353.5161,1.748568,-1
161.5251,2.407585,218.9246,358.8326,353.3601,1.91336,-1
161.5251,2.40773,218.9248,359.0453,352.9216,2.173487,-1
161.5251,2.407769,218.9249,358.9815,352.8,2.242812,-1
161.5251,2.407617,218.9245,358.8665,353.4074,1.970761,-1
161.5251,2.407581,218.9246,359.0312,353.2567,1.905754,-1
161.5252,2.407531,218.9245,359.8425,353.5376,1.815184,-1
161.5253,2.407223,218.9235,6.2234,355.472,1.27216,-1
161.5254,2.407461,218.9201,13.55137,1.743065,1.738223,-1
161.5241,2.410349,218.9127,18.59482,17.34417,7.258527,-1
161.5236,2.411481,218.9115,14.62856,19.67242,9.225804,-1
161.5251,2.409478,218.9181,12.8569,6.326515,5.446846,-1
161.5245,2.407851,218.9283,11.6916,347.1013,2.439682,-1
161.5244,2.408149,218.9283,9.460682,346.979,2.963553,-1
161.5249,2.407692,218.9264,7.36964,350.3476,2.121755,-1
161.5251,2.408229,218.9243,5.966027,354.1978,3.083416,-1
161.5253,2.409155,218.9219,4.399014,358.5536,4.742661,-1
161.5249,2.409686,218.9167,358.5273,7.422616,5.684991,-1
161.5253,2.408298,218.9196,358.0285,2.192147,3.193098,-1
161.5254,2.40745,218.9205,359.3788,0.6544971,1.671529,-1
161.5253,2.406964,218.9223,1.344224,357.5523,0.8003913,-1
161.5253,2.40687,218.9228,2.855283,356.6701,0.6334255,-1
161.5253,2.407288,218.9197,7.537068,2.3358,1.392318,-1
161.5252,2.408189,218.9184,9.489141,4.985762,3.036579,-1
161.5251,2.408993,218.9179,13.62517,6.52093,4.567007,-1
161.5252,2.408902,218.9182,14.55157,6.052163,4.415384,-1
161.5253,2.408237,218.9195,12.41689,3.175082,3.154785,-1
161.5254,2.406394,218.9209,17.90792,359.8964,359.7682,-1
161.5254,2.406468,218.9213,33.01867,359.2304,359.8947,-1
161.5253,2.4073,218.9227,28.01355,357.544,1.588542,-1
161.5248,2.409716,218.9262,24.46572,353.0147,6.305113,-1
161.5247,2.407959,218.9272,34.2005,350.3456,3.12388,-1
161.5247,2.407254,218.9274,48.20984,349.7136,1.980062,-1
161.5248,2.402913,218.9256,44.21399,345.1454,350.9592,-1
161.5253,2.408063,218.9197,31.83942,3.907263,3.260759,-1
161.5253,2.407707,218.9223,37.34999,359.1026,2.681449,-1
161.5254,2.405937,218.9213,26.0117,358.8287,358.8441,-1
161.5253,2.404616,218.9209,10.49514,359.3897,356.5363,-1
161.5253,2.40433,218.9213,6.677452,358.7893,356.0547,-1
161.5254,2.405564,218.9207,9.105064,0.05868706,358.2719,-1
161.5251,2.405534,218.9171,9.012604,6.615828,358.2181,-1
161.5251,2.404748,218.9173,5.037018,6.176331,356.8184,-1
161.5253,2.403907,218.9207,3.628194,0.06215348,355.3115,-1
161.5253,2.403907,218.9207,3.628194,0.06215348,355.3115,-1
161.5253,2.403907,218.9207,3.628194,0.06215348,355.3115,-1
161.5252,2.406552,218.924,9.030799,354.3331,0.06343088,-1
161.5254,2.40604,218.9202,13.89263,0.9544806,359.121,-1
161.5254,2.406079,218.9212,16.53387,359.1307,359.1818,-1
161.5254,2.406055,218.9216,17.35521,358.4787,359.1339,-1
161.5254,2.405807,218.922,20.64283,357.5111,358.6405,-1
161.5251,2.405948,218.9249,15.62498,352.5479,358.9423,-1
161.5215,2.403405,218.9359,0.9934279,331.8333,354.4186,-1
161.5158,2.403706,218.9435,358.9049,314.8796,354.9596,-1
161.521,2.40611,218.937,6.816118,329.569,359.2666,-1
161.5214,2.40719,218.9364,9.878164,331.2466,1.223503,-1
161.5212,2.404019,218.9365,15.72427,329.4739,355.3489,-1
161.5197,2.404768,218.939,13.14814,324.7815,356.7825,-1
161.5136,2.406845,218.9456,13.75132,309.4389,0.6035153,-1
161.5161,2.407015,218.9434,17.1904,315.5658,0.9339466,-1
161.519,2.405373,218.9401,27.83644,322.0856,357.682,-1
161.5178,2.398284,218.9398,37.73446,310.3506,341.0151,-1
161.5194,2.40141,218.9388,28.93802,320.4367,349.4928,-1
161.5234,2.40914,218.9315,5.821511,340.9643,4.726316,-1
161.5223,2.407429,218.9346,353.0305,334.353,1.644459,-1
161.521,2.403517,218.9367,336.6913,332.5792,354.1405,-1
161.5223,2.404976,218.9345,342.5596,335.5704,357.1064,-1
161.5205,2.406476,218.9379,350.3329,327.9915,359.9266,-1
161.5214,2.406342,218.9364,350.6105,331.0622,359.6812,-1
161.5209,2.405136,218.9372,352.4462,329.6085,357.5045,-1
161.522,2.401904,218.9344,3.106699,334.2411,351.6987,-1
161.5203,2.401624,218.9375,340.0062,331.4931,350.6354,-1
161.5204,2.402828,218.9376,343.615,330.2323,353.098,-1
161.5224,2.405903,218.9344,357.9615,334.9648,358.9001,-1
161.5238,2.408096,218.9305,11.63493,343.0382,2.887855,-1
161.5173,2.398806,218.9407,11.22382,317.5051,345.7787,-1
161.5219,2.406448,218.9354,8.65114,333.0218,359.8755,-1
161.5225,2.405093,218.934,353.5122,336.0708,357.4331,-1
161.5221,2.403377,218.9347,349.6678,335.2808,354.2748,-1
161.5221,2.403345,218.9346,350.8873,335.3777,354.2375,-1
161.52,2.401159,218.9379,353.3759,328.5287,350.2953,-1
161.518,2.397413,218.9392,1.227253,323.0705,343.4665,-1
161.5147,2.396352,218.9424,7.300373,312.3059,341.3214,-1
161.5144,2.397156,218.9431,10.61103,310.0148,342.6856,-1
161.5132,2.398959,218.9448,11.29657,306.9237,346.0628,-1
161.519,2.404529,218.9399,6.696056,323.0766,356.4143,-1
161.524,2.405858,218.9302,357.5455,343.0373,358.8191,-1
161.5233,2.40568,218.9322,341.1271,339.8179,358.4158,-1
161.5237,2.405868,218.9312,332.0532,341.9006,358.684,-1
161.5219,2.40854,218.9354,324.8849,330.5034,4.433395,-1
161.5215,2.408462,218.9361,321.8708,328.7643,4.43172,-1
161.5215,2.408295,218.9361,321.7231,329.0186,4.058871,-1
161.521,2.408826,218.9368,321.5338,326.7637,5.286819,-1
161.521,2.409014,218.9369,321.9831,326.359,5.68382,-1
161.521,2.409091,218.9369,321.9921,326.2536,5.859199,-1
161.5211,2.408286,218.9367,325.0734,328.1404,3.866712,-1
161.5227,2.405218,218.9336,332.0232,337.7462,357.3656,-1
161.5231,2.405306,218.9326,344.1597,339.1072,357.7464,-1
161.5233,2.405423,218.9322,349.4961,339.7054,358.0069,-1
161.5235,2.40502,218.9317,351.7455,340.7049,357.2906,-1
161.5235,2.404591,218.9314,352.5824,341.2297,356.5202,-1
161.5235,2.404692,218.9316,351.9771,340.9122,356.6978,-1
161.5234,2.404908,218.9319,352.7776,340.2076,357.0942,-1
161.5215,2.40318,218.9359,353.1529,332.5954,353.9705,-1
161.5216,2.403634,218.9357,354.2924,332.8356,354.8057,-1
161.5215,2.403861,218.936,354.3751,332.2356,355.2155,-1
161.5213,2.403771,218.9363,354.2446,331.5595,355.0524,-1
161.5215,2.403692,218.936,355.1727,332.1567,354.9162,-1
161.5225,2.404621,218.9339,359.6485,335.908,356.6024,-1
161.5227,2.405524,218.9336,1.333616,336.4816,358.2208,-1
161.5238,2.406031,218.9309,9.007178,341.6313,359.1183,-1
161.5236,2.407092,218.9313,11.43047,341.2036,1.051086,-1
161.5234,2.406625,218.932,12.26323,339.6997,0.1974204,-1
161.523,2.406963,218.9331,9.258118,337.745,0.8097584,-1
161.5227,2.40602,218.9336,357.6934,336.6267,359.1103,-1
161.5231,2.405561,218.9326,355.8606,338.5892,358.2834,-1
161.5226,2.406478,218.9339,353.1373,335.9489,359.9306,-1
161.5225,2.405627,218.9341,350.2902,335.9128,358.3828,-1
161.5229,2.404054,218.9329,348.3729,338.7498,355.4924,-1
161.5225,2.404905,218.9341,353.8569,335.9592,357.0959,-1
161.5222,2.405396,218.9347,357.0084,334.619,357.9904,-1
161.5222,2.405218,218.9347,358.7994,334.4891,357.6728,-1
161.5218,2.404116,218.9354,359.704,332.9978,355.6968,-1
161.5219,2.404282,218.9351,359.5819,333.5305,355.9948,-1
161.5224,2.404172,218.9343,358.6668,335.3349,355.7971,-1
161.5222,2.404602,218.9346,358.3761,334.6862,356.5681,-1
161.5223,2.404444,218.9345,358.491,334.8956,356.2851,-1
161.5222,2.404408,218.9345,358.5135,334.8198,356.2201,-1
161.5222,2.404407,218.9345,358.6892,334.7762,356.2185,-1
161.5223,2.404387,218.9345,358.8924,334.8369,356.1826,-1
161.5222,2.404436,218.9346,358.8245,334.7161,356.2703,-1
161.5222,2.404451,218.9346,358.6138,334.6872,356.2973,-1
343.6635,2.404546,195.8437,358.5985,334.4243,356.4681,-1
343.6636,2.404411,195.8436,358.301,334.6791,356.2249,-1
343.6636,2.404562,195.8436,358.1157,334.7792,356.4957,-1
343.6636,2.404732,195.8435,358.0377,334.9305,356.7996,-1
343.6637,2.404884,195.8434,357.9766,335.0883,357.0732,-1
343.6637,2.405029,195.8434,357.7985,335.1252,357.3333,-1
343.6638,2.405075,195.8434,357.5033,335.2202,357.4149,-1
343.6638,2.405171,195.8434,357.6379,335.1408,357.5881,-1
343.6638,2.405138,195.8433,357.5459,335.3767,357.5282,-1
343.6639,2.405082,195.8431,357.5419,335.7416,357.428,-1
343.6639,2.405023,195.8429,357.5312,336.1214,357.3213,-1
343.6637,2.405174,195.8434,357.5779,335.0132,357.5923,-1
343.6348,1.031517,195.8299,0,15.00002,0,exit0
343.6627,2.405357,195.8454,357.5989,331.0527,357.9209,-1
343.6617,2.405818,195.8471,358.1177,327.5081,358.7475,-1
343.6605,2.406528,195.8488,359.9105,323.6422,0.01921148,-1
343.6594,2.406156,195.8503,6.365498,320.221,359.3501,-1
343.0618,2.406099,196.5366,3.131583,318.1915,359.2504,-1
341.0456,2.40583,198.8819,4.727347,322.278,358.7664,-1
339.1376,2.405732,201.3385,4.784898,321.816,358.589,-1
337.2653,2.405875,203.7177,5.00598,322.0697,358.8463,-1
335.2325,2.405342,206.3474,4.939539,322.6501,358.5555,-1
333.2221,2.405747,209.0004,4.80612,323.1275,358.6162,-1
331.2707,2.40575,211.6152,4.718626,323.2061,358.6221,-1
329.2084,2.399122,214.3636,4.616209,322.7776,358.6681,-1
327.1517,2.40578,217.0586,4.843015,322.5142,358.675,-1
324.9675,2.405741,219.9048,4.877474,322.5727,358.6063,-1
322.8879,2.405453,222.6197,6.003739,322.0724,358.0844,-1
320.7233,2.40537,225.3983,6.725895,322.2201,357.9311,-1
318.4644,2.39903,228.3073,6.89394,322.2628,358.0207,-1
316.1603,2.40048,231.2926,7.00106,322.3784,358.0296,-1
313.8986,2.405475,234.2356,6.926894,322.5374,358.1207,-1
311.5827,2.405216,237.2989,3.297723,323.7514,359.6784,-1
309.7744,2.407099,239.7755,356.1108,324.0709,1.044719,-1
308.458,2.407185,241.5933,350.7644,324.1112,1.21114,-1
308.1403,2.407305,242.0302,349.8924,322.2111,1.433992,-1
308.1373,2.40746,242.0341,350.4165,322.8044,1.71301,-1
308.1375,2.407679,242.0339,351.1095,323.1939,2.106097,-1
308.1378,2.407311,242.0335,351.1922,324.1735,1.439181,-1
308.1379,2.407142,242.0333,350.6488,324.7916,1.133875,-1
308.1118,1.031517,242.0149,0,15.00002,0,enter1
308.1381,2.407144,242.0331,350.4108,325.0925,1.138188,-1
308.1381,2.407213,242.033,350.3843,325.2935,1.26358,-1
308.1382,2.407214,242.0329,350.192,325.5884,1.266533,-1
308.1383,2.407218,242.0328,349.8986,325.7979,1.274854,-1
308.1383,2.407197,242.0327,349.6903,325.9741,1.238458,-1
308.1384,2.407156,242.0326,349.7326,326.2054,1.162139,-1
308.1385,2.407122,242.0325,349.7263,326.4754,1.101844,-1
308.1386,2.407076,242.0323,349.6415,326.7769,1.016663,-1
308.1386,2.407137,242.0323,349.6286,326.8032,1.129004,-1
308.1384,2.4073,242.0327,349.1048,325.9539,1.427488,-1
308.1382,2.4074,242.0329,348.239,325.5548,1.614274,-1
308.138,2.407354,242.0331,347.727,324.9109,1.533429,-1
308.135,2.404755,242.0369,353.0341,317.0079,356.8193,-1
308.1118,1.031517,242.0149,0,15.00002,0,exit1
308.1242,2.404678,242.0443,355.2575,293.209,356.6941,-1
307.8253,2.405273,242.0765,356.8263,269.6277,357.769,-1
307.5519,2.404742,242.0823,357.528,267.964,356.8179,-1
307.551,2.404418,242.0823,358.6503,266.8883,356.2384,-1
305.2739,2.399947,241.9259,358.4323,265.6507,356.2163,-1
301.7334,2.404737,241.6561,0.04222018,265.5562,356.8118,-1
298.5909,2.404817,241.4117,359.2215,265.7328,356.9538,-1
295.3341,2.404837,241.1703,359.3715,266.0414,356.9904,-1
291.8434,2.404975,240.9291,359.3575,266.1497,357.2384,-1
288.3519,2.404971,240.696,359.2516,266.1671,357.2298,-1
285.1138,2.404999,240.4789,359.1202,266.1772,357.2811,-1
281.4503,2.404988,240.2383,359.1039,266.4007,357.2603,-1
278.1159,2.404941,240.0308,359.0819,266.5458,357.1768,-1
274.5057,2.396101,239.8135,359.1282,266.6251,357.1641,-1
270.921,2.404964,239.6051,359.056,266.7275,357.2185,-1
267.6002,2.404353,239.4191,358.8444,266.9977,357.1383,-1
264.0358,2.404999,239.2263,358.9578,266.8401,357.2813,-1
260.6022,2.40517,239.0297,358.7619,266.625,357.5863,-1
257.0869,2.405408,238.8242,357.8487,266.5556,358.0125,-1
253.5531,2.405681,238.6149,351.8807,266.5408,358.4872,-1
250.7708,2.404061,238.4458,349.241,267.1944,355.5187,-1
249.7969,2.395694,238.4002,347.0472,270.9852,354.1549,-1
249.7925,2.396838,238.4002,348.5709,270.5377,356.2603,-1
249.7926,1.023884,238.3683,0,15.00002,0,enter2
249.7923,2.396863,238.4002,349.0758,270.2002,356.3126,-1
249.7921,2.396865,238.4002,349.6171,269.8583,356.3227,-1
249.7924,2.396722,238.4002,350.1947,270.3822,356.0688,-1
249.7925,2.396667,238.4002,349.8127,270.5769,355.965,-1
249.7926,2.396859,238.4002,349.3436,270.7702,356.3092,-1
249.7925,2.396928,238.4002,349.0882,270.481,356.4324,-1
249.7924,2.397067,238.4002,349.1549,270.3442,356.686,-1
249.792,2.397282,238.4002,349.2876,269.5128,357.0803,-1
249.7913,2.396966,238.4002,350.6628,268.3393,356.5181,-1
249.7916,2.396147,238.4001,351.2169,269.0562,355.0361,-1
249.7936,2.394643,238.4,350.6768,273.0611,352.282,-1
249.7947,2.39448,238.3999,354.5946,274.6448,352.0542,-1
249.7926,1.023884,238.3683,0,15.00002,0,exit2
249.784,2.396055,238.399,355.7383,254.7888,354.9148,-1
249.764,2.396545,238.3825,358.1875,206.5667,355.8074,-1
249.6593,2.394653,238.0998,357.8487,178.1519,353.6735,-1
249.6816,2.405202,237.8451,359.1977,153.7329,357.6444,-1
249.9481,2.405666,237.486,358.8474,137.1928,358.4758,-1
249.9632,2.405485,237.4678,358.6988,133.772,358.1504,-1
250.0507,2.4016,237.3904,358.0374,131.1942,0.4803217,-1
251.7837,2.407306,235.8775,356.0507,131.1371,1.415916,-1
255.0908,2.407399,233.0253,356.4183,130.2869,1.58192,-1
258.5931,2.40743,230.0336,355.9578,130.8274,1.639623,-1
261.8933,2.407283,227.1667,355.9988,131.3647,1.374526,-1
265.1497,2.407188,224.2934,356.5341,131.5759,1.20335,-1
268.7304,2.40722,221.1165,356.7232,131.567,1.260706,-1
272.1003,2.407306,218.1316,356.6366,131.4191,1.414857,-1
275.5748,2.406319,215.0706,356.6974,131.3614,1.499091,-1
279.0889,2.399657,211.9775,356.6624,131.4162,1.494841,-1
282.577,2.407374,208.8966,356.4655,131.5373,1.538453,-1
286.1702,2.403925,205.7118,356.0756,131.6239,1.557858,-1
289.67,2.407375,202.5859,355.6302,131.9031,1.541166,-1
293.1309,2.403615,199.4651,354.015,132.3655,1.481493,-1
296.2799,2.407322,196.5871,352.8899,132.5458,1.453039,-1
299.4636,2.407142,193.6606,350.902,132.9397,1.132847,-1
302.6561,2.406793,190.6272,351.0134,135.0518,0.4997781,-1
304.3984,2.406666,188.8412,348.5605,137.654,0.2718827,-1
304.6452,2.40668,188.5723,348.679,138.6031,0.2973304,-1
304.6463,2.406769,188.5711,348.4032,137.5448,0.4610071,-1
304.6467,2.406687,188.5708,348.6443,136.6305,0.3110571,-1
304.67,1.031517,188.5927,0,15.00002,0,enter0
