*Subject
14
*Layout
5
*Condition
True,True,False
*Marks
295.6996,0,318.4878
230.5835,0,237.4956
183.8224,0,275.0887
*Path
x,y,z,flag
268.6649,2.400151,176.3301,352.0251,343.8363,359.9815,-1
268.6659,2.39876,176.3249,353.8762,353.6572,357.4748,-1
268.666,2.398881,176.3179,355.6375,6.081262,357.7005,-1
268.6652,2.400117,176.3136,356.7361,13.83172,359.92,-1
268.6652,2.400356,176.3135,356.8791,13.91659,0.3493342,-1
268.6661,2.400699,176.3199,357.7939,2.306356,0.9621925,-1
268.6661,2.400672,176.3199,357.7915,2.260192,0.9148194,-1
268.6661,2.400881,176.3208,357.5173,0.6757773,1.289874,-1
268.6661,2.40071,176.3201,357.1353,1.874514,0.9825319,-1
268.6656,2.400356,176.3153,356.2766,10.54198,0.3491092,-1
268.6642,2.399256,176.3102,356.3026,20.2963,358.3743,-1
268.6649,2.401795,176.3124,356.6718,15.86633,2.931198,-1
268.6651,2.401857,176.3133,0.1429654,14.30778,3.037963,-1
268.665,2.401458,176.3128,1.557811,15.23806,2.322008,-1
268.6646,2.401024,176.3113,6.098601,18.23077,1.553419,-1
268.6639,2.400143,176.3093,4.287138,21.82042,359.9666,-1
268.6639,2.401013,176.3094,359.8364,21.69233,1.525517,-1
268.6641,2.400944,176.3099,356.7043,20.70211,1.402659,-1
268.6651,2.401458,176.3131,357.3613,14.61468,2.323187,-1
268.6659,2.401591,176.3172,358.3522,7.183343,2.560917,-1
268.6659,2.401589,176.3173,358.6753,6.99622,2.557372,-1
268.6658,2.401525,176.3167,358.0799,8.100673,2.44427,-1
268.6657,2.40133,176.3161,358.7315,9.153843,2.093823,-1
268.6657,2.401462,176.3159,358.1449,9.507161,2.329936,-1
268.6653,2.401101,176.314,358.5311,13.03185,1.682685,-1
268.6647,2.401007,176.3119,359.7627,16.9342,1.514109,-1
268.6661,2.400136,176.3198,359.8174,2.539926,359.9535,-1
268.6661,2.40064,176.3203,359.5658,1.730515,0.8577684,-1
268.6661,2.400646,176.3204,359.4763,1.515218,0.866856,-1
268.6661,2.400593,176.3207,359.2874,0.9412421,0.7723594,-1
268.6661,2.40061,176.3207,359.2903,0.9755753,0.803332,-1
268.6661,2.400596,176.3207,359.3123,0.8391666,0.7778833,-1
268.6661,2.400558,176.3208,359.2297,0.7844076,0.7109736,-1
268.6661,2.400613,176.3208,359.2073,0.7703828,0.8083037,-1
268.6661,2.400588,176.3207,359.3124,0.9195563,0.7623525,-1
268.6661,2.400528,176.3205,0.4013343,1.246635,0.6559043,-1
268.6658,2.400638,176.3167,3.076044,8.135201,0.8535176,-1
268.6641,2.401661,176.31,22.17052,21.69079,2.900628,-1
268.6639,2.401642,176.3097,27.28353,22.55766,2.984209,-1
268.663,2.4009,176.3073,28.55823,26.46512,1.506222,-1
268.6628,2.40148,176.307,21.36657,27.32777,2.535032,-1
268.663,2.400222,176.3073,0.572872,25.83531,0.1086224,-1
268.6639,2.400312,176.3095,2.237924,21.38837,0.2697927,-1
268.6634,2.399194,176.3083,2.245747,23.83346,358.266,-1
268.6636,2.399818,176.3088,0.5844539,22.87443,359.3848,-1
268.6646,2.4002,176.3114,10.37357,17.7788,0.07029182,-1
268.6656,2.400036,176.3154,21.15683,10.31305,359.7587,-1
268.6658,2.398739,176.3168,27.04227,6.541151,357.1397,-1
268.6656,2.398619,176.3158,28.75093,8.209079,356.8482,-1
268.6655,2.398157,176.3149,28.45024,9.475457,355.9143,-1
268.6652,2.396199,176.3147,29.67078,7.723792,351.8066,-1
268.6644,2.394896,176.3122,32.60344,10.49837,348.7362,-1
268.6638,2.394203,176.3106,33.48288,12.56461,347.1002,-1
268.664,2.394081,176.3115,36.0318,9.881799,346.4095,-1
268.6649,2.395319,176.3138,39.10704,6.449378,348.7534,-1
268.6643,2.397258,176.3109,39.78972,14.55045,353.2184,-1
268.6636,2.400911,176.3087,34.81602,23.99691,1.634511,-1
268.6627,2.402643,176.307,35.69217,29.64539,5.478213,-1
268.6626,2.402513,176.3068,34.29469,29.70867,5.101532,-1
268.6628,2.402384,176.3071,21.33972,27.82338,4.274968,-1
268.6627,2.403162,176.307,7.999752,27.3104,5.43214,-1
268.6623,2.401722,176.306,12.41539,29.0244,2.862343,-1
268.6582,2.393935,176.301,18.58169,36.20034,348.1543,-1
268.6468,2.394151,176.2924,14.3109,63.43398,348.8228,-1
268.6421,2.39648,176.2904,14.51968,73.83787,353.1738,-1
268.6378,2.397189,176.2896,12.67321,82.29954,354.5368,-1
268.6341,2.399183,176.2892,8.252529,89.80753,358.2286,-1
268.6329,2.400117,176.2892,13.00576,92.17274,359.9185,-1
268.6411,2.408505,176.2911,26.59447,84.80321,16.95228,-1
268.6407,2.406653,176.2906,16.22586,81.37436,12.19774,-1
268.649,2.409684,176.2945,29.13364,70.81795,19.91864,-1
268.6582,2.402585,176.3003,40.40651,44.74936,5.706689,-1
268.6558,2.402293,176.2977,48.60537,51.81018,5.782127,-1
268.66,2.400287,176.3023,52.8041,36.45555,0.3719862,-1
268.6627,2.399266,176.3069,56.28244,24.27972,357.1091,-1
268.6632,2.400023,176.3077,57.6263,24.50351,359.5378,-1
268.6653,2.400154,176.3136,55.09758,13.67477,359.9768,-1
268.6616,2.399623,176.3048,55.20863,29.46227,358.3106,-1
268.6615,2.400527,176.3046,54.20607,32.28001,1.116898,-1
268.6602,2.400084,176.3025,53.31248,35.51254,359.7664,-1
268.6619,2.400175,176.3052,49.33561,29.99035,0.03648826,-1
268.6619,2.400209,176.3052,47.5739,30.13767,0.1267629,-1
268.6619,2.40049,176.3053,46.72559,30.49896,0.8584087,-1
268.6619,2.400444,176.3053,46.73432,30.3125,0.7368559,-1
268.6619,2.400385,176.3053,46.96657,30.30857,0.5860673,-1
268.6619,2.400439,176.3053,46.68445,30.26975,0.7250867,-1
268.662,2.400504,176.3054,46.42299,30.26009,0.8890465,-1
268.662,2.400509,176.3054,46.4338,30.26869,0.9022877,-1
268.662,2.400485,176.3054,46.53831,30.26968,0.8412871,-1
268.662,2.400518,176.3054,46.41471,30.26175,0.926487,-1
268.662,2.40056,176.3055,46.23231,30.24201,1.031018,-1
268.662,2.400586,176.3055,46.22153,30.24479,1.098458,-1
268.662,2.400558,176.3055,46.32898,30.21536,1.026349,-1
268.662,2.400545,176.3055,46.34911,30.16619,0.9936189,-1
268.662,2.400563,176.3055,46.26503,30.13672,1.038925,-1
268.662,2.400569,176.3055,46.23075,30.10932,1.054172,-1
268.662,2.400574,176.3055,46.21796,30.09256,1.067354,-1
268.662,2.400568,176.3055,46.24131,30.06209,1.051311,-1
268.662,2.40058,176.3056,46.20175,30.03994,1.084091,-1
268.6621,2.400558,176.3056,46.10728,29.95006,1.024118,-1
268.6621,2.400533,176.3056,45.99209,29.83546,0.9560196,-1
268.6621,2.400499,176.3056,45.89856,29.71962,0.8676428,-1
268.6621,2.400479,176.3057,45.82127,29.62877,0.8163133,-1
268.6621,2.400465,176.3057,45.76163,29.54045,0.7798756,-1
268.6622,2.400419,176.3058,45.60992,29.34858,0.6586584,-1
268.6622,2.400403,176.3058,45.52436,29.24822,0.6176811,-1
268.6622,2.400381,176.3058,45.45496,29.14141,0.558721,-1
268.6622,2.400369,176.3059,45.40108,29.05103,0.5298596,-1
268.6622,2.400356,176.3059,45.34035,28.96687,0.4953157,-1
268.6623,2.400335,176.3059,45.29372,28.86855,0.4422776,-1
268.6623,2.400324,176.3059,45.25341,28.78597,0.4129272,-1
268.6623,2.400307,176.306,45.20564,28.68794,0.3702932,-1
268.6623,2.400296,176.306,45.16974,28.60008,0.3417264,-1
268.6624,2.400284,176.306,45.13311,28.5074,0.3098321,-1
268.6624,2.400275,176.3061,45.09935,28.4282,0.2886284,-1
268.6624,2.400266,176.3061,45.09393,28.3522,0.2643389,-1
268.6624,2.400262,176.3061,45.06717,28.28315,0.2549129,-1
268.6624,2.400252,176.3062,45.06195,28.20996,0.2284039,-1
268.6624,2.400244,176.3062,45.04209,28.13331,0.2094084,-1
268.6624,2.400243,176.3062,45.01403,28.06655,0.2055099,-1
268.6624,2.400231,176.3062,45.0164,27.99297,0.1765126,-1
268.6625,2.400227,176.3063,44.99046,27.92211,0.1661978,-1
268.6625,2.400221,176.3063,44.98922,27.84798,0.1500021,-1
268.6625,2.400214,176.3063,44.9953,27.77786,0.1338375,-1
268.6625,2.400211,176.3064,44.98259,27.70633,0.1258896,-1
268.6625,2.400205,176.3064,44.98413,27.64004,0.1086014,-1
268.6625,2.400202,176.3064,44.95476,27.56017,0.101237,-1
268.6626,2.400202,176.3065,44.94863,27.49375,0.102248,-1
268.6626,2.400201,176.3065,44.93933,27.42483,0.1002027,-1
268.6626,2.400198,176.3065,44.93738,27.35607,0.09368633,-1
268.6626,2.400194,176.3066,44.92854,27.27975,0.08302247,-1
268.6626,2.400191,176.3066,44.92584,27.21436,0.0740952,-1
268.6627,2.400194,176.3066,44.92067,27.1545,0.08195484,-1
268.6627,2.400188,176.3067,44.91824,27.08385,0.06766142,-1
268.6627,2.400185,176.3067,44.90723,27.01511,0.05769612,-1
268.6627,2.400181,176.3067,44.90551,26.95701,0.04800271,-1
268.6627,2.400182,176.3068,44.90517,26.89337,0.05105698,-1
268.6627,2.400178,176.3068,44.92233,26.84016,0.04222538,-1
268.6627,2.400189,176.3068,44.88483,26.77857,0.06993573,-1
268.6628,2.400205,176.3069,44.84104,26.73197,0.1087576,-1
268.6628,2.4002,176.3069,44.86422,26.67424,0.09729173,-1
268.6628,2.400188,176.3069,44.90208,26.60381,0.06634907,-1
268.6628,2.400188,176.3069,44.89217,26.53476,0.06803328,-1
268.6628,2.400197,176.307,44.8665,26.47706,0.08854162,-1
268.6628,2.400196,176.307,44.87506,26.41898,0.08693434,-1
268.6628,2.400191,176.307,44.87155,26.35715,0.07358314,-1
268.6628,2.40019,176.3071,44.86453,26.29309,0.07312004,-1
268.6629,2.400189,176.3071,44.86846,26.23003,0.06983753,-1
268.6629,2.400187,176.3071,44.87487,26.1679,0.06303943,-1
268.6629,2.400185,176.3072,44.87709,26.1025,0.0593852,-1
268.6629,2.400184,176.3072,44.8738,26.0379,0.05755055,-1
268.6629,2.400185,176.3072,44.87003,25.97959,0.05977667,-1
268.663,2.400187,176.3073,44.86638,25.9274,0.06455518,-1
268.663,2.400184,176.3073,44.87038,25.86198,0.05747605,-1
268.663,2.400183,176.3073,44.86129,25.78979,0.0535174,-1
268.663,2.400177,176.3073,44.87944,25.72231,0.03768281,-1
268.663,2.40018,176.3074,44.86514,25.66638,0.04699695,-1
268.663,2.400179,176.3074,44.8688,25.6049,0.04356785,-1
268.663,2.400261,176.3074,44.81232,25.76464,0.2510954,-1
268.663,2.400185,176.3074,44.85471,25.60691,0.05939945,-1
268.663,2.400188,176.3074,44.84356,25.54922,0.06669465,-1
268.6631,2.400185,176.3075,44.85124,25.48583,0.05990047,-1
268.6631,2.400187,176.3075,44.85276,25.44026,0.06382936,-1
268.6631,2.400186,176.3075,44.86423,25.384,0.06174734,-1
268.6631,2.400188,176.3076,44.86094,25.32806,0.06600532,-1
268.6631,2.400191,176.3076,44.85099,25.26871,0.07330758,-1
268.6631,2.400184,176.3076,44.86227,25.20577,0.05668983,-1
268.6631,2.400182,176.3076,44.85918,25.15045,0.0525615,-1
268.6631,2.400181,176.3076,44.87087,25.10271,0.04879422,-1
268.6631,2.400182,176.3077,44.87665,25.0632,0.05214011,-1
268.6631,2.40018,176.3077,44.86942,25.01078,0.04692333,-1
268.6632,2.400178,176.3077,44.89076,24.96424,0.04224318,-1
268.6632,2.40018,176.3077,44.8841,24.91271,0.04728114,-1
268.6632,2.400181,176.3078,44.89108,24.87143,0.04916929,-1
268.6632,2.400183,176.3078,44.87925,24.82037,0.05423294,-1
268.6632,2.400192,176.3078,44.86468,24.77856,0.07699536,-1
268.6632,2.400187,176.3078,44.88415,24.7361,0.06313155,-1
268.6632,2.400185,176.3079,44.88474,24.68879,0.05979074,-1
268.6633,2.40018,176.3079,44.86183,24.62659,0.04770008,-1
268.6633,2.40018,176.3079,44.89105,24.5749,0.04735675,-1
268.6633,2.400191,176.308,44.82685,24.51032,0.07442288,-1
268.6633,2.400178,176.308,44.88018,24.46629,0.04042202,-1
268.6633,2.40018,176.308,44.87305,24.4199,0.045736,-1
268.6633,2.400172,176.308,44.88782,24.37232,0.02532195,-1
268.6633,2.400176,176.308,44.88122,24.33937,0.03652844,-1
268.6633,2.400183,176.3081,44.86252,24.28679,0.05359202,-1
268.6633,2.400184,176.3081,44.86686,24.24938,0.05653415,-1
268.6633,2.400182,176.3081,44.8625,24.19642,0.05223088,-1
268.6634,2.400182,176.3081,44.86787,24.1505,0.05103714,-1
268.6634,2.400181,176.3082,44.85505,24.10589,0.0502068,-1
268.6634,2.400184,176.3082,44.86293,24.06563,0.05570396,-1
268.6634,2.400185,176.3082,44.86969,24.01991,0.05813552,-1
268.6634,2.400185,176.3082,44.86675,23.9743,0.0591083,-1
268.6634,2.400187,176.3083,44.86725,23.9365,0.06516811,-1
268.6634,2.400184,176.3083,44.86268,23.88896,0.05707328,-1
268.6635,2.400184,176.3083,44.86532,23.85263,0.05533285,-1
268.6635,2.400184,176.3083,44.87395,23.82383,0.05554476,-1
268.6635,2.400183,176.3083,44.86801,23.78384,0.05460542,-1
268.6635,2.400178,176.3083,44.86591,23.74726,0.0423743,-1
268.6635,2.400175,176.3083,44.85601,23.71169,0.03431924,-1
268.6635,2.400179,176.3084,44.84901,23.68044,0.04465235,-1
268.6635,2.400175,176.3084,44.86245,23.6529,0.03479888,-1
268.6635,2.400177,176.3084,44.84858,23.61307,0.03926063,-1
268.6635,2.400174,176.3084,44.86013,23.57309,0.03135868,-1
268.6635,2.400173,176.3084,44.86154,23.53937,0.02840237,-1
268.6635,2.400171,176.3085,44.85544,23.50755,0.02360471,-1
268.6635,2.400171,176.3085,44.85765,23.47805,0.02431503,-1
268.6635,2.400172,176.3085,44.86539,23.45182,0.02734303,-1
268.6635,2.400174,176.3085,44.87731,23.42365,0.0320066,-1
268.6635,2.400176,176.3085,44.87951,23.39373,0.03525018,-1
268.6635,2.400174,176.3085,44.8913,23.36337,0.03200836,-1
268.6635,2.400177,176.3086,44.87289,23.33072,0.04001331,-1
268.6636,2.400179,176.3086,44.87823,23.30171,0.0440256,-1
268.6636,2.400177,176.3086,44.88535,23.27091,0.04037866,-1
268.6636,2.400178,176.3086,44.88215,23.23956,0.04233324,-1
268.6636,2.400185,176.3086,44.85715,23.21652,0.0577495,-1
268.6636,2.400176,176.3086,44.86764,23.18813,0.03567658,-1
268.6636,2.400174,176.3086,44.8662,23.15681,0.03095482,-1
268.6636,2.400181,176.3087,44.85472,23.13372,0.04814944,-1
268.6636,2.400177,176.3087,44.87318,23.1126,0.03975932,-1
268.6636,2.400183,176.3087,44.86846,23.08757,0.05434685,-1
268.6636,2.400179,176.3087,44.86726,23.05743,0.04525195,-1
268.6636,2.400182,176.3087,44.86406,23.03514,0.0519685,-1
268.6636,2.400183,176.3087,44.85277,23.01027,0.05517628,-1
268.6636,2.400184,176.3087,44.85854,22.99557,0.05720045,-1
268.6636,2.400183,176.3087,44.86164,22.96955,0.05498362,-1
268.6636,2.40018,176.3087,44.87424,22.9465,0.04628631,-1
268.6636,2.400181,176.3088,44.86044,22.92454,0.0485758,-1
268.6636,2.400183,176.3088,44.85712,22.90786,0.05308716,-1
268.6636,2.400182,176.3088,44.86356,22.88065,0.05069725,-1
268.6636,2.400177,176.3088,44.87601,22.87337,0.03870344,-1
268.6636,2.400204,176.3088,44.95767,22.90509,0.1083354,-1
268.6637,2.4001,176.3088,45.07322,22.62109,359.8424,-1
268.6637,2.400163,176.3089,44.92529,22.64656,0.002931414,-1
268.6637,2.400081,176.3089,44.95618,22.52334,359.7968,-1
268.6637,2.400094,176.3089,44.91544,22.50877,359.8297,-1
268.6637,2.400084,176.3088,44.81086,22.63729,359.8044,-1
268.6636,2.400088,176.3088,44.97241,22.70573,359.8145,-1
268.6637,2.400132,176.3089,44.78899,22.66605,359.9261,-1
268.6636,2.400114,176.3088,45.13528,22.74035,359.8796,-1
268.6637,2.400069,176.3089,44.99093,22.39068,359.7663,-1
268.6637,2.400041,176.3089,44.9916,22.32481,359.6944,-1
268.6637,2.400038,176.3089,45.02693,22.31412,359.6859,-1
268.6637,2.400045,176.309,45.08092,22.23225,359.7046,-1
268.6638,2.399989,176.309,45.18692,22.09554,359.5619,-1
268.6638,2.400022,176.3091,45.01581,22.02866,359.6462,-1
268.6638,2.399983,176.3091,45.13834,22.0043,359.5477,-1
268.6638,2.399994,176.3091,45.05864,21.94778,359.5744,-1
268.6638,2.400012,176.3091,45.04179,21.99126,359.6214,-1
268.6638,2.400021,176.3091,45.06675,22.02654,359.6437,-1
268.6638,2.400054,176.3091,45.00585,22.07681,359.7288,-1
268.6638,2.400049,176.3091,45.05439,22.10161,359.7141,-1
268.6638,2.400063,176.3091,45.01189,22.11803,359.7512,-1
268.6638,2.400068,176.3091,45.00951,22.13317,359.7637,-1
268.6638,2.400067,176.3091,45.03734,22.1476,359.7611,-1
268.6638,2.400079,176.3091,44.9976,22.14822,359.79,-1
268.6638,2.400072,176.3091,45.02719,22.15935,359.7727,-1
268.6638,2.40007,176.3091,45.04075,22.15712,359.7676,-1
268.6638,2.400073,176.3091,45.02905,22.14897,359.7761,-1
268.6638,2.400065,176.3091,45.0551,22.13725,359.755,-1
268.6638,2.400066,176.3091,45.04893,22.11287,359.7585,-1
268.6638,2.400063,176.3091,45.04608,22.09494,359.7504,-1
268.6638,2.400054,176.3091,45.06736,22.08018,359.728,-1
268.6638,2.400058,176.3091,45.06266,22.06672,359.7359,-1
268.6638,2.400054,176.3091,45.0627,22.04918,359.7268,-1
268.6638,2.400044,176.3091,45.08434,22.03027,359.702,-1
268.6638,2.400046,176.3091,45.07835,22.02051,359.7073,-1
268.6638,2.400041,176.3091,45.08518,22.01661,359.6952,-1
268.6638,2.400036,176.3091,45.08776,22.00689,359.6825,-1
268.6638,2.400033,176.3091,45.07883,21.98901,359.674,-1
268.6638,2.400027,176.3091,45.10297,21.98434,359.6577,-1
268.6638,2.400027,176.3091,45.09316,21.97954,359.6591,-1
268.6638,2.400025,176.3091,45.08594,21.97004,359.6544,-1
268.6638,2.400019,176.3091,45.09868,21.95373,359.6392,-1
268.6638,2.400018,176.3091,45.09762,21.95078,359.6367,-1
268.6638,2.400017,176.3091,45.09613,21.93712,359.6327,-1
268.6638,2.400012,176.3091,45.10772,21.92699,359.6204,-1
268.6638,2.40001,176.3091,45.10585,21.9182,359.6156,-1
268.6638,2.400009,176.3091,45.10685,21.91083,359.612,-1
268.6638,2.4,176.3091,45.11245,21.88949,359.5897,-1
268.6638,2.399997,176.3091,45.10728,21.87818,359.5814,-1
268.6638,2.399993,176.3091,45.11138,21.87048,359.5727,-1
268.6638,2.39999,176.3091,45.10759,21.85856,359.5642,-1
268.6638,2.399992,176.3091,45.09904,21.85843,359.571,-1
268.6638,2.399991,176.3091,45.12096,21.86186,359.5667,-1
268.6638,2.399993,176.3091,45.11148,21.8737,359.5722,-1
268.6638,2.399994,176.3091,45.11646,21.88116,359.5755,-1
268.6638,2.399999,176.3091,45.1227,21.88978,359.588,-1
268.6638,2.4,176.3091,45.13406,21.89627,359.5893,-1
268.6638,2.399999,176.3091,45.13513,21.9003,359.5882,-1
268.6638,2.399999,176.3091,45.15128,21.90797,359.588,-1
268.6638,2.399999,176.3091,45.16182,21.91317,359.5881,-1
268.6638,2.400013,176.3091,45.1431,21.96206,359.623,-1
268.6638,2.400004,176.3091,45.16378,21.95605,359.6,-1
268.6638,2.400002,176.3091,45.16689,21.95431,359.5962,-1
268.6638,2.400011,176.3091,45.16473,21.96702,359.6166,-1
268.6638,2.400011,176.3091,45.16267,21.97849,359.6179,-1
268.6638,2.400008,176.3091,45.1601,21.97771,359.6107,-1
268.6638,2.400012,176.3091,45.15027,21.98935,359.6197,-1
268.6638,2.400002,176.3091,45.16579,21.98054,359.595,-1
268.6638,2.400005,176.3091,45.14811,21.98088,359.603,-1
268.6638,2.399997,176.3091,45.168,21.98018,359.5829,-1
268.6638,2.399994,176.3091,45.1602,21.97579,359.5746,-1
268.6638,2.399998,176.3091,45.13878,21.97091,359.5837,-1
268.6638,2.39999,176.3091,45.15131,21.97558,359.5629,-1
268.6638,2.399992,176.3091,45.14588,21.98101,359.5684,-1
268.6638,2.399992,176.3091,45.14501,21.98512,359.57,-1
268.6638,2.399991,176.3091,45.15459,21.99708,359.5654,-1
268.6638,2.399993,176.3091,45.15568,22.00665,359.5722,-1
268.6638,2.399996,176.3091,45.15082,22.01676,359.579,-1
268.6638,2.399995,176.3091,45.16809,22.02719,359.5778,-1
268.6638,2.400001,176.3091,45.16294,22.04039,359.5915,-1
268.6638,2.399997,176.3091,45.17619,22.04615,359.5821,-1
268.6638,2.399999,176.309,45.17756,22.0675,359.5868,-1
268.6638,2.399999,176.309,45.17273,22.08222,359.5864,-1
268.6638,2.4,176.309,45.17791,22.09737,359.5894,-1
268.6638,2.400004,176.309,45.17716,22.1158,359.599,-1
268.6638,2.400009,176.309,45.17899,22.13288,359.6114,-1
268.6638,2.400007,176.309,45.18809,22.1399,359.6057,-1
268.6637,2.400005,176.309,45.19881,22.1488,359.6029,-1
268.6637,2.400009,176.309,45.19691,22.15572,359.6117,-1
268.6637,2.400014,176.309,45.18641,22.17365,359.6266,-1
268.6637,2.400013,176.309,45.18221,22.18538,359.6233,-1
268.6637,2.40001,176.309,45.18732,22.19339,359.6159,-1
268.6637,2.400009,176.309,45.19002,22.2078,359.6112,-1
268.6637,2.400008,176.309,45.18319,22.21928,359.6097,-1
268.6637,2.400001,176.309,45.18733,22.22565,359.5926,-1
268.6637,2.39999,176.3089,45.2044,22.23365,359.5627,-1
268.6637,2.399992,176.3089,45.1897,22.24335,359.5675,-1
268.6637,2.399994,176.3089,45.1876,22.25944,359.5748,-1
268.6637,2.399999,176.3089,45.18557,22.28433,359.5864,-1
268.6637,2.39998,176.3089,45.20425,22.27665,359.5387,-1
268.6637,2.399988,176.3089,45.16899,22.3011,359.5602,-1
268.6637,2.399983,176.3089,45.18954,22.31483,359.5479,-1
268.6637,2.399989,176.3089,45.18214,22.33274,359.5609,-1
268.6637,2.399993,176.3089,45.17089,22.35917,359.572,-1
268.6637,2.399987,176.3089,45.19331,22.37708,359.5561,-1
268.6637,2.39999,176.3089,45.17059,22.40009,359.5639,-1
268.6637,2.399991,176.3088,45.17619,22.42905,359.5672,-1
268.6637,2.399991,176.3088,45.19313,22.45886,359.5672,-1
268.6637,2.399993,176.3088,45.18723,22.4773,359.5714,-1
268.6636,2.399994,176.3088,45.19132,22.49713,359.5746,-1
268.6636,2.399993,176.3088,45.20089,22.52391,359.5723,-1
268.6636,2.399995,176.3088,45.19835,22.54145,359.5775,-1
268.6636,2.399995,176.3088,45.21039,22.56879,359.5756,-1
268.6636,2.399997,176.3088,45.20842,22.5984,359.5815,-1
268.6636,2.399998,176.3087,45.20404,22.62443,359.5834,-1
268.6636,2.4,176.3087,45.20627,22.65302,359.5891,-1
268.6636,2.399996,176.3087,45.21176,22.6707,359.5801,-1
268.6636,2.400003,176.3087,45.19828,22.70216,359.5964,-1
268.6636,2.400003,176.3087,45.20478,22.72978,359.5969,-1
268.6636,2.400002,176.3087,45.21135,22.75255,359.5939,-1
268.6636,2.400008,176.3087,45.19369,22.78329,359.6089,-1
268.6636,2.400003,176.3087,45.20982,22.8086,359.5984,-1
268.6636,2.400004,176.3087,45.2047,22.83597,359.601,-1
268.6636,2.400008,176.3086,45.19249,22.86049,359.6097,-1
268.6636,2.400005,176.3086,45.19675,22.88277,359.6028,-1
268.6636,2.400005,176.3086,45.2035,22.90388,359.6035,-1
268.6636,2.400009,176.3086,45.19147,22.92304,359.6111,-1
268.6636,2.40001,176.3086,45.19207,22.96026,359.6143,-1
268.6636,2.400009,176.3086,45.19389,22.98447,359.6114,-1
268.6635,2.400006,176.3086,45.20361,23.00434,359.6055,-1
268.6635,2.400008,176.3086,45.19078,23.02943,359.6098,-1
268.6635,2.400004,176.3085,45.20479,23.05376,359.5999,-1
268.6635,2.400005,176.3085,45.19996,23.08196,359.6035,-1
268.6635,2.400009,176.3085,45.18549,23.10363,359.6117,-1
268.6635,2.400008,176.3085,45.18954,23.12657,359.6091,-1
268.6635,2.400007,176.3085,45.19138,23.15958,359.6084,-1
268.6635,2.400007,176.3085,45.18303,23.17859,359.6062,-1
268.6635,2.400004,176.3085,45.19838,23.20072,359.5983,-1
268.6635,2.400002,176.3084,45.19805,23.21953,359.5942,-1
268.6635,2.400002,176.3084,45.18057,23.2391,359.5957,-1
268.6635,2.400001,176.3084,45.19259,23.2795,359.5921,-1
268.6635,2.400004,176.3084,45.18027,23.31487,359.6007,-1
268.6635,2.400007,176.3084,45.18094,23.34355,359.607,-1
268.6635,2.400007,176.3084,45.18732,23.37519,359.606,-1
268.6635,2.400009,176.3083,45.18391,23.40648,359.6114,-1
268.6635,2.400008,176.3083,45.18311,23.43366,359.6088,-1
268.6635,2.400007,176.3083,45.19682,23.45625,359.6063,-1
268.6635,2.400009,176.3083,45.19436,23.4794,359.6111,-1
268.6635,2.400008,176.3083,45.20185,23.50679,359.6086,-1
268.6635,2.400005,176.3083,45.20922,23.53054,359.6023,-1
268.6634,2.400004,176.3083,45.2009,23.54963,359.6004,-1
268.6634,2.400003,176.3083,45.20438,23.57619,359.5986,-1
268.6634,2.400001,176.3083,45.20852,23.60355,359.5925,-1
268.6634,2.400002,176.3082,45.21003,23.63364,359.594,-1
268.6634,2.400001,176.3082,45.21366,23.65881,359.5918,-1
268.6634,2.400003,176.3082,45.20897,23.69707,359.5986,-1
268.6634,2.399999,176.3082,45.21358,23.72943,359.5865,-1
268.6634,2.399994,176.3082,45.21661,23.7529,359.5739,-1
268.6634,2.399999,176.3082,45.20263,23.79385,359.5864,-1
268.6634,2.399993,176.3081,45.21379,23.82583,359.5729,-1
268.6633,2.399994,176.3081,45.2128,23.8561,359.574,-1
268.6633,2.399992,176.3081,45.21815,23.89343,359.5706,-1
268.6633,2.399998,176.3081,45.21226,23.94042,359.5851,-1
268.6633,2.399996,176.3081,45.21106,23.96843,359.5783,-1
268.6633,2.4,176.308,45.20845,24.00742,359.5885,-1
268.6633,2.399998,176.308,45.20131,24.03663,359.5852,-1
268.6633,2.399998,176.308,45.1892,24.06985,359.5856,-1
268.6633,2.39999,176.308,45.21538,24.10111,359.5629,-1
268.6633,2.399999,176.308,45.18557,24.13462,359.5877,-1
268.6633,2.400003,176.308,45.18769,24.17802,359.598,-1
268.6633,2.400011,176.3079,45.19654,24.23303,359.6159,-1
268.6633,2.400003,176.3079,45.19755,24.2568,359.5986,-1
268.6633,2.400002,176.3079,45.19633,24.28095,359.5939,-1
268.6633,2.399995,176.3079,45.20456,24.31351,359.5763,-1
268.6632,2.399997,176.3079,45.20349,24.35106,359.5821,-1
268.6632,2.399998,176.3079,45.19916,24.38529,359.5837,-1
268.6632,2.399993,176.3078,45.2087,24.40641,359.5711,-1
268.6632,2.399986,176.3078,45.22215,24.42723,359.5547,-1
268.6632,2.399989,176.3078,45.21332,24.45976,359.5623,-1
268.6632,2.399988,176.3078,45.22235,24.49602,359.5595,-1
268.6632,2.399991,176.3078,45.21514,24.52547,359.5668,-1
268.6632,2.399996,176.3078,45.22002,24.56494,359.5796,-1
268.6632,2.399989,176.3077,45.22803,24.59478,359.5601,-1
268.6632,2.399989,176.3077,45.2213,24.63242,359.562,-1
268.6631,2.399996,176.3077,45.18166,24.66459,359.58,-1
268.6631,2.399969,176.3077,45.28864,24.7064,359.5107,-1
268.6631,2.399991,176.3077,45.20889,24.73776,359.5664,-1
268.6631,2.400003,176.3077,45.16403,24.76456,359.5977,-1
268.6631,2.399973,176.3076,45.2751,24.80196,359.5199,-1
268.6631,2.399982,176.3076,45.21447,24.82481,359.5451,-1
268.6631,2.399996,176.3076,45.17914,24.86259,359.5798,-1
268.6631,2.39998,176.3076,45.25449,24.91073,359.5383,-1
268.6631,2.399995,176.3076,45.19771,24.9445,359.5769,-1
268.6631,2.399992,176.3075,45.21272,24.98087,359.5682,-1
268.6631,2.399987,176.3075,45.23834,25.01905,359.5558,-1
268.6631,2.399998,176.3075,45.1975,25.0636,359.5856,-1
268.6631,2.399993,176.3075,45.21239,25.09949,359.5725,-1
268.6631,2.399993,176.3075,45.22215,25.14407,359.5709,-1
268.663,2.4,176.3075,45.19741,25.17507,359.5901,-1
268.663,2.400002,176.3074,45.20057,25.2153,359.5959,-1
268.663,2.399997,176.3074,45.21912,25.25007,359.582,-1
268.663,2.400001,176.3074,45.20551,25.28404,359.5905,-1
268.663,2.4,176.3074,45.20501,25.32062,359.5898,-1
268.663,2.399994,176.3074,45.22136,25.35019,359.5745,-1
268.663,2.399997,176.3073,45.21286,25.38198,359.5814,-1
268.663,2.399996,176.3073,45.20715,25.41251,359.58,-1
268.663,2.399996,176.3073,45.21212,25.44941,359.5801,-1
268.663,2.399995,176.3073,45.21534,25.47437,359.5762,-1
268.663,2.399993,176.3073,45.22078,25.50575,359.5726,-1
268.663,2.399993,176.3073,45.21439,25.54004,359.572,-1
268.663,2.399996,176.3073,45.21087,25.57623,359.5788,-1
268.6629,2.399993,176.3072,45.22212,25.60398,359.5721,-1
268.6629,2.399991,176.3072,45.23282,25.63038,359.5651,-1
268.6629,2.399991,176.3072,45.21888,25.64453,359.5661,-1
268.6629,2.39999,176.3072,45.2227,25.67341,359.5645,-1
268.6629,2.399989,176.3072,45.22332,25.70007,359.5616,-1
268.6629,2.399993,176.3072,45.22032,25.74297,359.573,-1
268.6629,2.399993,176.3071,45.21938,25.7803,359.5726,-1
268.6629,2.399993,176.3071,45.22336,25.81958,359.5721,-1
268.6629,2.399996,176.3071,45.22639,25.84977,359.5792,-1
268.6629,2.4,176.3071,45.22759,25.88601,359.5883,-1
268.6628,2.399997,176.3071,45.22814,25.92272,359.5813,-1
268.6628,2.399993,176.3071,45.2266,25.94913,359.5723,-1
268.6628,2.399993,176.307,45.22468,25.98145,359.5723,-1
268.6628,2.399991,176.307,45.23528,26.01706,359.5649,-1
268.6628,2.399988,176.307,45.22884,26.04444,359.5587,-1
268.6628,2.399987,176.307,45.22418,26.07958,359.555,-1
268.6628,2.399987,176.307,45.22534,26.11885,359.5547,-1
268.6628,2.399989,176.3069,45.21928,26.14389,359.5618,-1
268.6628,2.399986,176.3069,45.22731,26.17576,359.5536,-1
268.6628,2.399986,176.3069,45.22604,26.20912,359.5537,-1
268.6628,2.399986,176.3069,45.22377,26.23917,359.5536,-1
268.6628,2.399988,176.3069,45.21721,26.27094,359.5577,-1
268.6628,2.399985,176.3069,45.22145,26.29084,359.5517,-1
268.6628,2.399982,176.3069,45.24366,26.31688,359.5441,-1
268.6628,2.399986,176.3069,45.22657,26.33866,359.5539,-1
268.6628,2.399984,176.3068,45.2308,26.36533,359.5495,-1
268.6627,2.399984,176.3068,45.23093,26.38739,359.5494,-1
268.6627,2.399983,176.3068,45.23053,26.4098,359.5472,-1
268.6627,2.399982,176.3068,45.23479,26.43849,359.545,-1
268.6627,2.399982,176.3068,45.24588,26.47387,359.5445,-1
268.6627,2.399989,176.3068,45.23085,26.50256,359.5599,-1
268.6627,2.399988,176.3068,45.23084,26.53277,359.5596,-1
268.6627,2.399989,176.3067,45.23121,26.56931,359.5608,-1
268.6627,2.399988,176.3067,45.22539,26.59721,359.5585,-1
268.6627,2.39998,176.3067,45.23308,26.61667,359.5371,-1
268.6627,2.399973,176.3067,45.24735,26.64176,359.5206,-1
268.6627,2.399986,176.3067,45.22308,26.68789,359.5541,-1
268.6627,2.399982,176.3067,45.23216,26.71482,359.5439,-1
268.6627,2.399979,176.3066,45.22995,26.74172,359.5355,-1
268.6627,2.39998,176.3066,45.22645,26.77439,359.5392,-1
268.6626,2.399981,176.3066,45.23232,26.80835,359.542,-1
268.6626,2.399981,176.3066,45.24998,26.84064,359.5425,-1
268.6626,2.399985,176.3066,45.2391,26.86828,359.5513,-1
268.6626,2.399985,176.3066,45.23264,26.8964,359.5508,-1
268.6626,2.399979,176.3066,45.24688,26.92128,359.5362,-1
268.6626,2.399983,176.3065,45.2454,26.95053,359.5456,-1
268.6626,2.399984,176.3065,45.24138,26.98286,359.5497,-1
268.6626,2.399982,176.3065,45.2477,27.01531,359.5444,-1
268.6626,2.39998,176.3065,45.24443,27.03838,359.5391,-1
268.6626,2.399982,176.3065,45.23639,27.06783,359.5432,-1
268.6626,2.399985,176.3065,45.23395,27.09607,359.5504,-1
268.6625,2.399986,176.3065,45.24057,27.13189,359.5536,-1
268.6625,2.399984,176.3065,45.23512,27.16108,359.549,-1
268.6625,2.399981,176.3064,45.24245,27.18207,359.5417,-1
268.6625,2.399979,176.3064,45.23982,27.19788,359.536,-1
268.6625,2.399975,176.3064,45.24406,27.21332,359.5266,-1
268.6625,2.399976,176.3064,45.24903,27.23377,359.5269,-1
268.6625,2.399977,176.3064,45.24947,27.26068,359.5306,-1
268.6625,2.399981,176.3064,45.24547,27.29991,359.5424,-1
268.6625,2.399978,176.3064,45.25354,27.31673,359.5333,-1
268.6625,2.39998,176.3064,45.25429,27.34453,359.5369,-1
268.6625,2.399977,176.3063,45.25777,27.37733,359.5311,-1
268.6625,2.39998,176.3063,45.25984,27.40948,359.5371,-1
268.6625,2.399981,176.3063,45.25309,27.43363,359.5396,-1
268.6625,2.399984,176.3063,45.25249,27.46874,359.548,-1
268.6625,2.399981,176.3063,45.26017,27.49266,359.5403,-1
268.6624,2.399978,176.3063,45.26869,27.51446,359.5325,-1
268.6624,2.399977,176.3062,45.27362,27.53778,359.5296,-1
268.6624,2.399977,176.3062,45.26485,27.56176,359.5299,-1
268.6624,2.399979,176.3062,45.2639,27.59031,359.534,-1
268.6624,2.399978,176.3062,45.26743,27.61624,359.5329,-1
268.6624,2.399977,176.3062,45.26675,27.6316,359.531,-1
268.6624,2.399979,176.3062,45.2531,27.65715,359.5359,-1
268.6624,2.399976,176.3062,45.24898,27.67081,359.5292,-1
268.6624,2.399971,176.3062,45.2501,27.68582,359.515,-1
268.6624,2.399973,176.3062,45.24537,27.70832,359.5199,-1
268.6624,2.399975,176.3062,45.24854,27.72777,359.5253,-1
268.6624,2.399971,176.3062,45.24768,27.74092,359.5145,-1
268.6624,2.399975,176.3061,45.24141,27.77353,359.5258,-1
268.6624,2.399964,176.3061,45.32923,27.82416,359.4964,-1
268.6624,2.399974,176.3062,45.07346,27.65936,359.5237,-1
268.6625,2.400046,176.3064,44.10974,27.34945,359.711,-1
268.6652,2.399639,176.3291,48.25607,344.6766,358.5951,-1
268.6624,2.394488,176.3351,46.05353,323.116,345.1993,-1
268.6398,2.401113,176.3527,41.34137,281.606,2.268817,-1
268.6403,2.399798,176.3526,53.47962,280.0826,358.9058,-1
268.645,2.401463,176.3513,57.45747,293.4414,4.334039,-1
268.646,2.405498,176.3505,79.24891,49.08791,116.6326,-1
268.6556,2.406971,176.344,71.2298,353.0916,41.39892,-1
268.655,2.397446,176.3453,69.12324,298.0035,346.2235,-1
268.6543,2.403447,176.3459,64.24177,321.5337,13.66524,-1
268.6585,2.400208,176.3419,74.07622,319.9114,0.3038708,-1
268.6587,2.394737,176.341,73.65153,285.2373,322.966,-1
268.6599,2.396006,176.3397,60.3885,311.0148,344.7619,-1
268.6594,2.401486,176.3409,29.00837,323.3006,2.712111,-1
268.6599,2.401871,176.3402,12.61187,324.1778,3.138733,-1
268.6595,2.401551,176.3408,13.43013,322.9042,2.557685,-1
268.6592,2.401811,176.341,16.62263,322.5115,3.083844,-1
268.6585,2.400911,176.3419,15.99778,320.0103,1.395954,-1
268.6579,2.400156,176.3427,11.86673,317.8001,359.9891,-1
268.6567,2.400311,176.3439,9.77569,314.9745,0.2725862,-1
268.6561,2.399783,176.3445,12.00692,313.0924,359.3068,-1
268.6563,2.400958,176.3443,12.23698,314.0596,1.459144,-1
268.6567,2.401989,176.3438,11.64994,315.6661,3.342753,-1
268.6566,2.402383,176.3439,11.61034,315.4719,4.063354,-1
268.6566,2.402419,176.3439,13.18426,315.6877,4.154561,-1
268.6575,2.403537,176.3428,19.92677,319.4867,6.442108,-1
268.657,2.403985,176.3433,26.19536,319.37,7.651206,-1
268.6562,2.402426,176.3443,31.06053,316.0301,4.738505,-1
268.6562,2.402021,176.3443,23.37786,315.0959,3.629599,-1
268.6555,2.402084,176.345,17.93627,312.9963,3.620546,-1
268.6547,2.402284,176.3457,17.1351,311.1612,3.980291,-1
268.6544,2.402552,176.3458,20.2084,311.0744,4.565437,-1
268.6539,2.40217,176.3463,19.0491,309.4717,3.807188,-1
268.6537,2.40038,176.3465,16.79974,307.7867,0.4085315,-1
268.6542,2.4009,176.3462,10.55513,308.937,1.344898,-1
268.6549,2.400185,176.3456,7.839174,310.3982,0.04191176,-1
268.6559,2.401619,176.3446,5.438447,313.1166,2.6226,-1
268.6555,2.40085,176.345,0.5124512,311.9665,1.233533,-1
268.6566,2.399833,176.344,357.7461,314.5442,359.4119,-1
268.657,2.399638,176.3436,358.8456,315.5016,359.0621,-1
268.6562,2.400321,176.3444,359.2708,313.5659,0.2859484,-1
268.6559,2.398999,176.3447,0.7839003,312.7698,357.9173,-1
268.656,2.400119,176.3446,3.139307,313.0162,359.9231,-1
268.6563,2.399865,176.3444,4.967626,313.6205,359.4674,-1
268.6564,2.400506,176.3442,5.634917,314.0444,0.6190965,-1
268.6566,2.400747,176.3441,3.964868,314.5172,1.050381,-1
268.658,2.400833,176.3426,4.509072,318.1777,1.205237,-1
268.6572,2.400426,176.3434,4.228884,316.0343,0.4754402,-1
268.6579,2.400882,176.3427,1.797279,317.9561,1.291562,-1
268.6599,2.400727,176.3401,359.9102,323.7158,1.011654,-1
268.6626,2.400956,176.3358,358.978,332.8083,1.423172,-1
268.6638,2.401091,176.3332,359.5405,337.9446,1.663453,-1
268.6638,2.400635,176.3333,0.3279444,337.8544,0.8481768,-1
268.6634,2.400273,176.3343,1.366858,335.9473,0.2002523,-1
268.6628,2.400073,176.3356,2.669033,333.3191,359.841,-1
268.6618,2.399831,176.3372,3.408516,329.8752,359.407,-1
268.6605,2.399707,176.3393,3.795739,325.4305,359.1836,-1
268.6593,2.400083,176.341,7.797289,321.692,359.8576,-1
268.6586,2.399096,176.3419,20.04126,319.0725,357.9696,-1
268.6582,2.399046,176.3423,23.52542,317.7868,357.8206,-1
268.6581,2.398814,176.3424,25.54572,317.249,357.3242,-1
268.6586,2.398761,176.3419,27.0155,318.483,357.1847,-1
268.658,2.400056,176.3426,26.0026,317.9593,359.7896,-1
268.6574,2.399587,176.3432,23.16343,316.2119,358.8813,-1
268.6574,2.3995,176.3432,19.13155,316.2208,358.7456,-1
268.656,2.399568,176.3446,16.84128,312.7631,358.8884,-1
268.655,2.39985,176.3455,19.89893,310.4581,359.4067,-1
268.6552,2.399774,176.3454,20.30347,310.7349,359.26,-1
268.6561,2.399712,176.3445,20.3281,313.0782,359.1406,-1
268.6564,2.3995,176.3442,19.27962,313.7599,358.7461,-1
268.6577,2.399417,176.3428,17.03382,317.0834,358.6067,-1
268.6587,2.400088,176.3418,8.601816,319.9731,359.8671,-1
268.6589,2.399854,176.3415,2.803902,320.6047,359.4482,-1
268.6605,2.399885,176.3393,359.1137,325.5179,359.5053,-1
268.6615,2.400374,176.3378,357.526,328.7596,0.3810531,-1
268.6606,2.400502,176.3391,358.5109,325.8941,0.6104419,-1
268.6588,2.400358,176.3417,1.360362,320.289,0.352216,-1
268.6575,2.400539,176.3431,358.9486,316.8207,0.6760734,-1
268.6566,2.400006,176.344,354.0875,314.588,359.7206,-1
268.6573,2.400197,176.3434,349.3165,316.207,0.06457479,-1
268.6628,2.400624,176.3355,354.0162,333.3398,0.833109,-1
268.6622,2.402597,176.3365,356.4072,331.0522,4.373055,-1
268.6588,2.403573,176.3413,4.810383,321.2776,6.141284,-1
268.6592,2.402156,176.341,3.942248,322.029,3.582582,-1
268.6605,2.401567,176.3393,2.064565,325.5879,2.517792,-1
268.6594,2.401036,176.3409,355.6745,321.9849,1.57,-1
268.6585,2.400352,176.3419,352.9508,319.5472,0.3430536,-1
268.6584,2.400548,176.3421,352.5473,319.0576,0.6975316,-1
268.6571,2.400831,176.3435,353.8216,315.6761,1.205,-1
268.6543,2.400981,176.3461,356.7,308.9221,1.469301,-1
268.6476,2.399691,176.3502,359.501,294.932,359.1569,-1
268.6494,2.399668,176.3494,358.3654,298.4231,359.1159,-1
268.6598,2.400574,176.3404,357.0277,323.1107,0.7396147,-1
268.6617,2.400213,176.3375,358.0379,329.3907,0.09224333,-1
268.6609,2.40105,176.3387,358.4549,326.7642,1.590702,-1
268.6606,2.40084,176.3391,358.364,325.9055,1.214506,-1
268.6603,2.400828,176.3397,358.3465,324.6722,1.194103,-1
268.66,2.400809,176.34,358.3527,323.9363,1.159253,-1
268.6593,2.401038,176.341,358.1547,321.6677,1.570382,-1
268.6567,2.401123,176.3439,357.8316,314.8214,1.722307,-1
268.6537,2.401065,176.3466,358.0426,307.5008,1.618342,-1
268.6534,2.400786,176.3468,357.974,306.8886,1.118837,-1
268.6555,2.400475,176.3451,357.9524,311.6734,0.5604146,-1
268.6562,2.400455,176.3444,357.9485,313.4942,0.5247991,-1
268.6565,2.400521,176.3441,357.9046,314.3312,0.64412,-1
268.6566,2.400493,176.344,358.2704,314.6454,0.5942883,-1
268.6574,2.400549,176.3432,358.6884,316.6938,0.6944425,-1
268.659,2.400293,176.3414,0.4185116,320.9323,0.2349652,-1
268.66,2.401022,176.34,3.761027,324.0493,1.544659,-1
268.66,2.400622,176.3401,1.04153,323.7852,0.8250964,-1
295.7249,2.407138,318.5074,359.6446,322.2007,1.11238,-1
295.7245,2.407002,318.5079,359.2771,321.0711,0.8687675,-1
295.7243,2.407001,318.5082,359.0667,320.4178,0.8665094,-1
295.7188,2.40696,318.5134,358.9251,306.8453,0.793675,-1
295.706,2.407168,318.5191,357.7818,281.4476,1.165987,-1
295.695,2.407272,318.5194,358.0643,261.7077,1.352685,-1
295.6867,2.407327,318.5171,358.5591,246.1998,1.451558,-1
295.6842,2.406752,318.5158,359.0867,241.258,0.4204752,-1
295.6802,2.406912,318.5132,359.3151,232.5718,0.7068573,-1
295.6814,2.405981,318.5141,3.079638,235.1797,359.0382,-1
295.6743,2.406359,318.5074,1.740875,217.7343,359.7165,-1
295.6695,2.406847,318.4986,358.4765,199.7281,0.5907897,-1
295.6677,2.407869,318.4892,352.1923,182.1729,2.443462,-1
295.6996,1.031517,318.4878,0,0,0,exit0
295.6687,2.407818,318.4797,354.3266,165.1694,2.341723,-1
295.6739,2.407754,318.4688,355.644,143.3542,2.222494,-1
295.6826,2.407853,318.4608,354.6317,122.0583,2.402818,-1
295.6884,2.407309,318.4578,354.7871,110.3573,1.423254,-1
295.6837,2.40692,318.46,354.7065,119.6835,0.7255534,-1
295.6686,2.405847,318.4798,354.0833,165.683,358.7937,-1
295.6688,2.405295,318.4964,354.0929,195.773,357.7993,-1
295.6719,2.406124,318.5038,353.6469,210.0761,359.2921,-1
295.6745,2.406434,318.5076,353.6248,218.2748,359.8508,-1
295.6797,2.406897,318.5128,352.9883,231.3866,0.6861348,-1
295.6883,2.406791,318.5177,353.3834,249.1525,0.4946915,-1
295.6991,2.405619,318.5198,353.6662,269.3017,358.3816,-1
295.7086,2.405576,318.5185,354.6781,286.5653,358.3072,-1
295.7139,2.405093,318.5164,353.0062,296.7614,357.4305,-1
295.7116,2.406211,318.5175,352.6715,292.0962,359.4475,-1
295.698,2.406844,318.5197,355.4272,267.066,0.5882449,-1
295.6965,2.406448,318.5197,355.6531,264.4619,359.8758,-1
295.6989,2.405254,318.5198,356.067,268.9444,357.732,-1
295.695,2.407134,318.5194,356.8342,261.6336,1.10601,-1
295.6969,2.40692,318.5197,357.9946,265.1154,0.7226051,-1
295.6967,2.406665,318.5197,358.9991,264.6476,0.2644986,-1
295.6929,2.40838,318.519,358.1519,257.8178,3.339731,-1
295.684,2.40854,318.5156,356.0544,240.3755,3.634197,-1
295.6814,2.408158,318.514,355.9088,235.0424,2.946342,-1
295.6796,2.407345,318.5128,1.247633,231.3571,1.483153,-1
295.6911,2.406733,318.5186,2.60322,254.6532,0.3875238,-1
295.7143,2.406459,318.5162,3.742736,297.2872,359.8965,-1
295.7202,2.405548,318.5123,2.135904,309.9783,358.2641,-1
295.7062,2.406359,318.5191,2.696949,281.9231,359.7161,-1
295.6884,2.406105,318.5178,2.513099,249.4978,359.2608,-1
295.6767,2.4072,318.5102,1.268714,224.357,1.222603,-1
295.6713,2.407653,318.5027,359.952,207.6975,2.033947,-1
295.675,2.406556,318.5082,1.900942,219.5877,0.07067475,-1
295.6762,2.406878,318.5096,3.513908,222.984,0.6472071,-1
295.6417,2.400348,318.4648,4.91216,216.0158,2.517202,-1
294.9838,2.399293,317.5518,5.677034,219.5351,0.5914383,-1
293.9138,2.406426,316.3076,5.461422,222.2712,359.8368,-1
292.8265,2.406278,315.1234,6.542786,223.3358,359.5689,-1
291.6052,2.406721,313.8538,7.723925,224.5981,0.3679703,-1
290.0743,2.403406,312.2931,7.960824,224.0771,0.5315341,-1
288.3924,2.407017,310.5374,7.852968,222.8567,0.9035555,-1
286.6775,2.405426,308.6572,7.936001,220.1559,1.362174,-1
285.0569,2.401505,306.6944,8.000112,219.0457,1.582544,-1
283.4164,2.407416,304.6929,8.394528,219.9715,1.627673,-1
281.7964,2.407587,302.7556,8.480286,219.6973,1.938609,-1
280.1241,2.405205,300.7475,8.499611,219.7082,2.147068,-1
278.4025,2.407866,298.6627,8.405519,219.4924,2.441465,-1
276.7421,2.407969,296.6397,8.669152,219.3686,2.631305,-1
274.9023,2.408039,294.3982,8.75422,219.0945,2.758557,-1
273.0894,2.408021,292.1346,8.679236,217.6661,2.724738,-1
271.3273,2.407988,289.8129,8.649529,216.2395,2.665407,-1
269.653,2.408212,287.5308,8.433347,216.3166,3.070289,-1
267.9149,2.408594,285.1507,7.927394,215.6123,3.757545,-1
266.2099,2.40849,282.7786,8.282723,216.4064,3.572573,-1
264.4713,2.408294,280.4472,8.474059,217.3564,3.217589,-1
262.5623,2.408151,277.9842,8.188,218.3251,2.956762,-1
260.7658,2.40561,275.716,7.687919,218.4107,2.679995,-1
258.9292,2.408023,273.4064,7.419573,218.8412,2.720484,-1
257.1117,2.408017,271.1564,7.506169,219.0929,2.710893,-1
255.2823,2.408126,268.9105,7.447701,219.3554,2.906166,-1
253.4268,2.407246,266.6514,7.248959,219.4905,2.904011,-1
251.4576,2.405518,264.2698,7.223041,219.8796,2.882566,-1
249.5078,2.408076,261.9259,7.217765,219.5472,2.8154,-1
247.6196,2.40807,259.6328,7.076386,219.4589,2.802253,-1
245.7392,2.408094,257.3482,7.069738,219.6284,2.847011,-1
243.8349,2.408088,255.0499,7.024638,219.7703,2.835737,-1
241.9057,2.407294,252.7328,7.04953,219.8993,2.838469,-1
239.8833,2.408103,250.3155,7.103914,220.0686,2.863858,-1
237.9124,2.408097,247.9703,7.005715,220.1428,2.851358,-1
235.9283,2.408079,245.6185,6.911231,220.2375,2.818933,-1
233.8742,2.408028,243.1943,6.900152,220.3698,2.896367,-1
231.8454,2.399765,240.8059,8.032314,220.6865,2.339833,-1
230.6042,2.399352,239.3698,2.254358,221.382,2.081126,-1
229.8231,2.407556,238.4968,0.2748453,222.8551,1.860463,-1
228.7501,2.406907,237.4756,358.8469,235.2724,0.6976892,-1
228.4221,2.406762,237.2299,358.5967,242.4464,0.4385216,-1
228.4253,2.40653,237.2313,359.1387,249.8671,0.02332221,-1
228.4369,2.405677,237.2332,359.1292,271.0506,358.4958,-1
228.4477,2.405791,237.2311,358.1837,290.8784,358.6996,-1
228.4537,2.405335,237.2281,355.3315,303.0268,357.8764,-1
228.4603,2.403315,237.2221,353.2822,319.6227,354.2166,-1
228.4581,2.408088,237.2246,352.6761,312.5204,2.836751,-1
228.4363,1.031517,237.2012,0,0,0,enter1
228.4564,2.407382,237.2261,354.5462,308.6736,1.555023,-1
228.4592,2.406246,237.2236,358.0234,315.5471,359.5146,-1
228.4655,2.405691,237.2143,359.9332,335.9666,358.521,-1
228.4683,2.405956,237.2005,0.05888199,1.278606,358.9945,-1
228.4682,2.406502,237.1982,0.7352896,5.42572,359.9736,-1
228.4681,2.40622,237.2048,0.6099333,353.6515,359.4677,-1
228.4565,2.406205,237.2261,3.067228,309.0012,359.4396,-1
228.4526,2.406486,237.2288,359.6563,300.6145,359.9446,-1
228.4541,2.406282,237.2278,0.7520091,303.8356,359.5788,-1
228.4558,2.405861,237.2266,357.4576,307.5588,358.8237,-1
228.4558,2.40634,237.2266,358.3026,307.58,359.683,-1
228.4557,2.406282,237.2267,358.7516,307.3502,359.5802,-1
228.4563,2.406421,237.2262,359.687,308.6113,359.8283,-1
228.4363,1.031517,237.2012,0,0,0,exit1
228.1795,2.406628,237.4484,2.191277,308.6703,0.1982444,-1
226.846,2.40663,238.5228,4.805286,309.2075,0.2031568,-1
224.8279,2.406509,240.1683,5.799723,308.9385,359.9864,-1
222.9334,2.406584,241.693,6.013271,308.6407,0.1199305,-1
220.9985,2.405199,243.2254,5.519107,307.7557,359.965,-1
218.9504,2.4065,244.7945,5.33687,306.4717,359.9702,-1
216.9963,2.406493,246.2446,5.799595,306.9323,359.9572,-1
214.9602,2.396861,247.7857,6.964371,307.4326,359.7162,-1
212.9115,2.406217,249.3615,7.160063,308.0868,359.4612,-1
210.8533,2.402382,250.9823,7.569164,308.3151,359.0347,-1
208.7886,2.406116,252.6278,7.591237,308.7772,359.2745,-1
206.6703,2.406157,254.3343,7.541175,308.95,359.3492,-1
204.5256,2.406155,256.0646,7.666148,309.0568,359.3461,-1
202.4883,2.406173,257.7232,7.722134,309.2745,359.3784,-1
200.3479,2.406144,259.4799,7.858438,309.5577,359.3258,-1
198.1529,2.406126,261.2947,8.069713,309.6525,359.2921,-1
195.9324,2.406113,263.1392,8.103407,309.7588,359.2684,-1
193.6881,2.405554,265.0132,8.050225,309.9385,359.194,-1
191.4369,2.405838,266.9005,8.094755,310.1696,358.9493,-1
189.1442,2.405704,268.8388,7.843037,310.5735,358.5315,-1
186.903,2.405435,270.7739,6.913382,311.4229,358.0475,-1
184.7718,2.405092,272.6685,3.159565,312.7214,357.4601,-1
184.7038,2.405131,273.3402,359.9106,313.2418,357.5176,-1
184.2688,1.031517,274.0588,0,0,0,enter2
184.291,2.405159,274.0819,358.914,313.9077,357.5672,-1
184.201,2.396675,274.1734,358.2468,316.3986,357.5603,-1
184.2029,2.396386,274.1711,357.4823,321.9731,357.0879,-1
184.2051,2.395819,274.1679,356.6756,329.1543,356.0673,-1
184.2079,2.394915,274.1617,355.8532,341.6039,354.4355,-1
184.2094,2.397891,274.1564,354.2805,350.941,359.7859,-1
184.2097,2.397792,274.1501,354.9503,2.299024,359.6085,-1
184.2089,2.39544,274.1443,354.8906,13.24292,355.3753,-1
184.2061,2.393492,274.1372,354.737,27.36513,351.8489,-1
184.2046,2.395691,274.1341,355.2758,33.21099,355.831,-1
184.2029,2.396148,274.1316,356.4559,38.48218,356.658,-1
184.2006,2.396248,274.1291,357.2263,44.42527,356.8404,-1
184.1977,2.396585,274.1264,358.0873,51.4758,357.4466,-1
184.1778,1.02301,274.1514,0,0,0,exit2
184.1936,2.396176,274.1237,359.5258,60.2959,356.7151,-1
184.1965,2.397714,274.1255,1.436567,54.16236,359.4704,-1
184.3,2.400245,274.2066,2.919799,50.31635,359.2635,-1
185.3882,2.406357,275.1547,4.488407,48.42876,359.7133,-1
187.4965,2.406529,277.0038,4.542958,49.33838,0.02207409,-1
189.3316,2.406333,278.5401,4.27873,52.0009,359.6693,-1
191.3285,2.406507,280.0735,4.731769,53.06493,359.982,-1
193.3811,2.406611,281.6151,4.70841,53.42083,0.1827256,-1
195.5811,2.403381,283.235,5.024148,54.37954,0.3948005,-1
197.8381,2.398674,284.8354,5.371524,55.08938,0.7170135,-1
200.0442,2.406984,286.3677,5.483353,55.20071,0.8401048,-1
202.3356,2.406785,287.9708,5.011859,54.64625,0.4826186,-1
204.6547,2.405085,289.6284,4.805256,54.15759,0.4036177,-1
207.0711,2.406142,291.3851,4.346518,52.88004,0.08642134,-1
209.2317,2.406496,293.0472,3.809408,51.91136,359.9614,-1
211.5172,2.406498,294.852,3.720673,51.48155,359.9666,-1
213.7429,2.406459,296.6321,3.993499,50.90214,359.8958,-1
216.0745,2.40661,298.537,5.026924,50.68522,0.1660445,-1
218.4942,2.405931,300.5182,4.853481,50.68012,0.2290723,-1
221.0434,2.406653,302.593,4.372269,51.95349,0.2437905,-1
223.4332,2.406371,304.4274,4.434597,54.13186,359.7367,-1
226.1071,2.406435,306.3359,3.950859,55.19214,359.8517,-1
228.7939,2.407197,308.1379,3.849565,57.84741,1.220892,-1
231.538,2.400814,309.7757,3.604773,61.63709,0.5920516,-1
233.9722,2.406413,311.0052,3.66772,63.66777,359.8134,-1
236.3895,2.404261,312.1884,4.5571,64.75887,0.05380138,-1
238.7142,2.406922,313.3499,3.260364,62.03009,0.7267533,-1
241.4705,2.406883,314.8364,3.682711,60.4542,0.6577522,-1
244.5796,2.406756,316.604,3.019856,60.05386,0.4281592,-1
247.4159,2.406744,318.2576,2.892408,58.25481,0.4056844,-1
250.2974,2.403918,320.3391,2.981138,46.44949,359.8045,-1
252.805,2.406182,322.666,2.617424,49.14084,359.3988,-1
255.4475,2.405185,324.7782,1.066035,55.53463,358.9936,-1
258.42,2.405015,326.7758,1.22661,58.54465,358.7741,-1
261.3229,2.406025,328.5264,1.98083,59.57004,359.1195,-1
264.3946,2.40598,330.3083,2.28865,60.96298,359.0371,-1
267.5423,2.405545,331.9786,1.743288,65.19996,358.847,-1
270.2388,2.40591,333.212,0.4785295,66.38023,358.9129,-1
271.293,2.405474,333.6747,358.2589,66.07117,358.131,-1
272.3629,2.405391,334.1549,358.0114,65.58552,357.9824,-1
273.4473,2.405214,334.6489,359.0854,65.40633,357.6663,-1
275.067,2.40523,335.3905,0.5788348,65.8932,357.695,-1
277.1774,2.405413,336.3166,1.580299,66.97458,358.0225,-1
279.5517,2.405441,337.3262,2.357314,66.59048,358.0718,-1
282.2276,2.405471,338.4894,2.187721,66.02242,358.1251,-1
284.7726,2.405465,339.6282,1.787277,65.6514,358.115,-1
287.3967,2.404724,340.8181,1.685093,65.58419,358.089,-1
289.9382,2.405425,341.9696,1.689578,65.62337,358.0427,-1
292.5674,2.405425,343.1609,1.576464,65.41399,358.0433,-1
295.2092,2.40533,344.3716,0.4912464,65.12699,357.8743,-1
297.7349,2.404929,345.554,358.8732,64.29162,357.2471,-1
300.2007,2.40519,346.7521,356.4273,63.32869,357.6181,-1
302.3862,2.40487,347.8573,354.2563,62.7208,357.0341,-1
303.15,2.407135,348.2605,357.3041,53.22577,1.108697,-1
303.3407,2.407908,348.4645,356.8338,34.74226,2.496115,-1
303.7251,2.408818,349.1606,356.2574,8.954926,4.131633,-1
303.8071,2.403817,349.2952,357.9214,338.0884,3.114053,-1
304.1678,2.407435,349.5662,356.1259,309.8039,1.647479,-1
304.3305,2.408396,349.7929,358.2967,289.874,3.36849,-1
304.4179,2.40811,350.3095,357.3197,274.4782,2.856585,-1
304.4474,2.408139,351.0586,357.1251,264.7126,2.909139,-1
304.4109,2.407457,351.3628,356.9351,258.0375,3.057605,-1
304.3539,2.408409,351.5969,355.8236,252.3199,3.424789,-1
304.3488,2.408103,351.5983,357.0179,244.1989,2.932981,-1
304.3441,2.40777,351.5956,356.436,234.4577,2.337257,-1
304.3405,2.407376,351.5926,356.3182,226.0074,1.62948,-1
304.3376,2.407065,351.5894,356.4999,218.298,1.071432,-1
304.3358,2.408162,351.5868,355.3628,212.4448,3.044237,-1
304.3344,2.408986,351.5843,357.9401,207.4571,4.515744,-1
304.3317,2.40808,351.5777,359.7503,194.8179,2.887013,-1
304.332,2.407324,351.5787,358.2933,196.6181,1.533626,-1
304.3327,2.407388,351.5807,2.622027,200.6445,1.648864,-1
304.243,2.407992,351.367,4.736099,202.9878,2.650883,-1
303.4709,2.404319,349.5005,7.674416,202.0049,3.331617,-1
302.4804,2.408348,347.0869,7.122684,202.9549,3.305763,-1
301.4077,2.408208,344.601,5.633602,204.7445,3.04313,-1
300.3977,2.406921,342.4779,3.829675,206.8055,2.553526,-1
299.1622,2.408038,340.0614,3.012018,207.6145,2.728308,-1
297.9255,2.407885,337.7228,1.679254,209.0694,2.450578,-1
296.6565,2.407709,335.5191,358.8509,214.2647,2.134874,-1
295.9569,2.400266,334.5162,357.7772,225.0672,0.6584302,-1
295.9513,2.400801,334.5092,353.1451,222.4553,0.3021749,-1
295.9489,2.401929,334.5061,353.5639,215.0983,2.335586,-1
295.9483,2.402197,334.5053,353.9033,213.2348,2.816011,-1
295.9475,2.402334,334.5041,353.8925,210.6358,3.063444,-1
295.9477,2.40223,334.5043,353.8708,211.2388,2.875228,-1
295.9478,2.402112,334.5046,353.9002,211.8436,2.662719,-1
295.9478,2.402374,334.5046,353.9766,211.739,3.134935,-1
295.9453,2.402879,334.4995,354.5822,201.4267,4.040611,-1
295.9452,2.402655,334.4992,354.177,200.9282,3.640626,-1
295.9466,2.402377,334.5024,354.505,207.2593,3.13727,-1
295.9481,2.401615,334.505,354.5539,212.7321,1.764399,-1
295.9481,2.401623,334.5051,354.566,212.9183,1.780189,-1
295.9483,2.401602,334.5053,354.5786,213.437,1.741138,-1
295.9484,2.40162,334.5054,354.5253,213.7003,1.773708,-1
295.9484,2.401638,334.5056,354.5036,213.9259,1.806364,-1
295.9749,1.025634,334.4876,0,0,0,enter0
