*Subject
13
*Layout
1
*Condition
False,True,True
*Marks
174.9371,0,291.0903
253.44,0,222.9939
292.7561,0,268.3159
*Path
x,y,z,flag
308.5055,2.406793,327.6375,11.03375,8.252093,0.5040329,-1
308.5049,2.40637,327.6348,11.37024,13.08479,359.7311,-1
308.5047,2.406682,327.634,11.04526,14.64067,0.3016771,-1
308.5044,2.406802,327.633,10.49268,16.51246,0.5193716,-1
308.5046,2.407019,327.6337,13.0254,15.36022,0.923173,-1
308.5057,2.407284,327.6425,12.33568,359.3607,1.405731,-1
308.5048,2.407093,327.6498,13.12739,346.1686,1.059393,-1
308.5042,2.405528,327.6516,13.2365,342.1544,358.1804,-1
308.5037,2.402262,327.6523,7.284071,340.0889,352.2958,-1
308.5036,2.402754,327.6528,10.3508,338.9266,353.1343,-1
308.5043,2.406214,327.6514,10.73558,342.8049,359.4475,-1
308.505,2.405792,327.6487,7.191477,347.7852,358.6914,-1
308.5054,2.405675,327.6463,6.700973,352.0676,358.4823,-1
308.5056,2.406619,327.6451,6.607587,354.5605,0.1834366,-1
308.5045,2.404448,327.6505,7.027384,344.2444,356.2639,-1
308.5037,2.40444,327.6532,5.826374,339.1797,356.2586,-1
308.5053,2.405673,327.6472,5.512118,350.5135,358.4814,-1
308.5055,2.405634,327.6458,4.352031,353.015,358.4137,-1
308.5054,2.405538,327.6465,4.545056,351.7304,358.2403,-1
308.5054,2.405518,327.6466,4.43633,351.5911,358.2055,-1
308.5053,2.405563,327.647,4.514108,350.9871,358.2855,-1
308.5053,2.405585,327.6472,4.416744,350.6588,358.3267,-1
308.5053,2.405762,327.6472,4.290045,350.6792,358.6441,-1
308.5052,2.405707,327.6473,4.855822,350.3217,358.5439,-1
308.5052,2.405544,327.6474,4.853732,350.2108,358.2517,-1
308.5052,2.405332,327.6473,4.647092,350.3914,357.8713,-1
308.5052,2.404969,327.6476,4.842232,349.784,357.2179,-1
308.5052,2.405281,327.6474,2.73353,350.2692,357.7832,-1
308.5052,2.405206,327.6474,0.4951514,350.2494,357.6528,-1
308.5042,2.400579,327.6497,5.699791,344.8808,349.2518,-1
308.5049,2.40169,327.6471,12.99297,348.742,351.0942,-1
308.5051,2.402367,327.6468,15.58537,349.2425,352.2624,-1
308.5055,2.404898,327.6457,11.71018,352.8955,357.0387,-1
308.5056,2.404822,327.6443,11.80919,355.284,356.8972,-1
308.5057,2.405443,327.6432,12.43117,357.5785,358.0305,-1
308.5056,2.40349,327.6421,20.15959,357.8212,354.2157,-1
308.5057,2.40536,327.6411,35.02879,0.2941786,357.4694,-1
308.5057,2.40445,327.6425,39.22096,356.151,355.2163,-1
308.5053,2.402062,327.6442,23.1497,352.6956,351.2919,-1
308.5053,2.402788,327.6453,23.28632,351.1491,352.7103,-1
308.5054,2.403149,327.6454,13.01846,352.503,353.7979,-1
308.5056,2.403438,327.6434,3.128729,357.1591,354.4698,-1
308.5049,2.399349,327.6439,24.63286,350.5009,345.7335,-1
308.4982,2.388991,327.653,20.38459,321.8653,324.2486,-1
308.489,2.382233,327.6562,13.54715,300.7285,308.6856,-1
308.4917,2.383207,327.6546,16.20822,306.9818,310.6599,-1
308.5001,2.391456,327.652,21.09929,327.4697,329.7038,-1
308.5034,2.413028,327.6522,14.92499,344.28,12.15589,-1
308.5044,2.410101,327.6503,19.41956,347.181,6.819995,-1
308.5055,2.407337,327.6455,23.35443,354.4716,1.598539,-1
308.5036,2.407096,327.6306,28.29105,21.46804,1.178226,-1
308.5041,2.403925,327.6322,36.94995,14.45829,354.1837,-1
308.4952,2.405812,327.6184,53.36791,45.99803,357.8836,-1
308.4917,2.40571,327.6155,60.02834,53.38521,357.1053,-1
308.4865,2.406821,327.6127,62.99244,67.55379,1.198297,-1
308.4776,2.408253,327.6103,65.02802,89.7979,7.382183,-1
308.4791,2.408074,327.6105,63.8983,86.04096,6.351231,-1
308.4818,2.407702,327.6111,62.69108,79.55941,4.631895,-1
308.4825,2.407608,327.6113,62.2592,77.87878,4.200324,-1
308.4825,2.407637,327.6113,62.65022,77.99204,4.368502,-1
308.4825,2.407598,327.6113,62.45061,77.76916,4.189638,-1
308.4825,2.407612,327.6113,62.64953,77.94881,4.271619,-1
308.4825,2.407649,327.6113,62.50111,78.00063,4.392898,-1
308.4825,2.407651,327.6113,62.44581,77.92926,4.395269,-1
308.4825,2.407669,327.6113,62.37252,77.908,4.452646,-1
308.4826,2.407676,327.6113,62.38079,77.85247,4.481726,-1
308.4826,2.407688,327.6113,62.28258,77.81285,4.511076,-1
308.4827,2.407688,327.6113,62.25546,77.7447,4.510279,-1
308.4827,2.407691,327.6113,62.31173,77.71846,4.527782,-1
308.4827,2.407703,327.6113,62.38313,77.79891,4.586071,-1
308.4827,2.407727,327.6113,62.52883,77.93404,4.702111,-1
308.4827,2.407739,327.6113,62.62769,78.01952,4.765146,-1
308.4826,2.407761,327.6113,62.68355,78.1308,4.859435,-1
308.4826,2.407777,327.6113,62.79041,78.23855,4.940823,-1
308.4826,2.407792,327.6113,62.87229,78.33301,5.011389,-1
308.4826,2.407803,327.6113,62.92511,78.41877,5.065218,-1
308.4825,2.407822,327.6113,63.00043,78.54952,5.155135,-1
308.4825,2.40783,327.6113,63.05983,78.63126,5.195991,-1
308.4825,2.407842,327.6113,63.09303,78.72836,5.250126,-1
308.4825,2.407849,327.6113,63.14499,78.80481,5.286421,-1
308.4825,2.407856,327.6113,63.17231,78.87515,5.317805,-1
308.4825,2.40787,327.6113,63.20683,78.97511,5.381552,-1
308.4824,2.407879,327.6113,63.25191,79.05472,5.424939,-1
308.4824,2.407881,327.6113,63.2944,79.10444,5.443384,-1
308.4824,2.407887,327.6113,63.33562,79.17627,5.475905,-1
308.4824,2.407896,327.6112,63.35488,79.24953,5.511795,-1
308.4823,2.407897,327.6112,63.38256,79.31392,5.523606,-1
308.4823,2.4079,327.6112,63.4418,79.37197,5.547995,-1
308.4823,2.407906,327.6112,63.44813,79.46806,5.571148,-1
308.4822,2.407903,327.6112,63.46451,79.49477,5.563313,-1
308.4822,2.407914,327.6112,63.48628,79.57154,5.613166,-1
308.4822,2.407907,327.6112,63.49352,79.66881,5.582365,-1
308.4822,2.407927,327.6112,63.49336,79.73256,5.664749,-1
308.4822,2.407923,327.6112,63.5399,79.74961,5.658279,-1
308.4821,2.407932,327.6112,63.55738,79.83328,5.697948,-1
308.4821,2.407927,327.6112,63.57337,79.85172,5.679731,-1
308.4821,2.407928,327.6112,63.57803,79.90155,5.68704,-1
308.4821,2.407927,327.6112,63.60075,79.94118,5.68722,-1
308.4821,2.407934,327.6112,63.60581,80.01164,5.716993,-1
308.4821,2.407935,327.6111,63.62205,80.0603,5.725231,-1
308.482,2.407937,327.6111,63.6306,80.10724,5.731139,-1
308.482,2.407936,327.6111,63.64989,80.15063,5.733112,-1
308.482,2.407934,327.6111,63.6624,80.18378,5.726808,-1
308.4819,2.407942,327.6111,63.65134,80.25439,5.757674,-1
308.4819,2.407937,327.6111,63.66748,80.2749,5.740124,-1
308.4819,2.407926,327.6111,63.68913,80.28936,5.699907,-1
308.4819,2.407998,327.6111,63.42092,80.56848,5.937888,-1
308.4821,2.407969,327.6112,63.68449,80.0777,5.877031,-1
308.482,2.407994,327.6111,63.62796,80.30656,5.963251,-1
308.482,2.407995,327.6111,63.611,80.35269,5.963494,-1
308.482,2.407998,327.6111,63.56335,80.40751,5.966074,-1
308.4817,2.407718,327.6111,63.85866,79.94265,4.888795,-1
308.4821,2.407839,327.6112,64.01686,79.61703,5.410765,-1
308.4819,2.407852,327.6111,63.8242,80.13674,5.425338,-1
308.482,2.407847,327.6111,63.91245,79.95256,5.423788,-1
308.4819,2.407813,327.6111,63.93925,79.9221,5.287749,-1
308.4819,2.407794,327.6111,63.98812,79.86934,5.220086,-1
308.4819,2.407765,327.6111,64.04753,79.84614,5.114389,-1
308.4818,2.407767,327.6111,64.03632,79.88799,5.118361,-1
308.4818,2.40776,327.6111,64.04929,79.91304,5.092239,-1
308.4818,2.407765,327.6111,64.04362,79.97581,5.11406,-1
308.4818,2.407764,327.6111,64.04411,80.02434,5.107759,-1
308.4818,2.407768,327.6111,64.04171,80.08829,5.125515,-1
308.4817,2.407767,327.6111,64.04888,80.12545,5.119802,-1
308.4817,2.407765,327.6111,64.05038,80.16597,5.112739,-1
308.4817,2.407762,327.6111,64.0535,80.20254,5.099281,-1
308.4816,2.407767,327.6111,64.05245,80.26153,5.12203,-1
308.4816,2.407766,327.6111,64.05287,80.29453,5.117884,-1
308.4816,2.407774,327.6111,64.0475,80.36695,5.14895,-1
308.4816,2.407776,327.611,64.05113,80.41145,5.15792,-1
308.4816,2.407779,327.611,64.04913,80.46106,5.16815,-1
308.4815,2.407777,327.611,64.04796,80.49323,5.163259,-1
308.4815,2.407782,327.611,64.03876,80.54498,5.18132,-1
308.4815,2.407783,327.611,64.03822,80.58044,5.183264,-1
308.4815,2.407786,327.611,64.03175,80.61685,5.194359,-1
308.4815,2.407794,327.611,64.01582,80.67876,5.223216,-1
308.4814,2.407794,327.611,64.01901,80.72005,5.226144,-1
308.4814,2.407793,327.611,64.01848,80.74483,5.220243,-1
308.4814,2.407795,327.611,64.0136,80.78874,5.230987,-1
308.4814,2.407793,327.611,64.01212,80.82024,5.219001,-1
308.4814,2.407796,327.611,64.0033,80.87009,5.231595,-1
308.4814,2.407796,327.611,64.00496,80.90452,5.231176,-1
308.4813,2.407796,327.611,64.0051,80.94112,5.231729,-1
308.4813,2.407795,327.611,64.00571,80.97388,5.229658,-1
308.4813,2.407797,327.611,64.00272,81.01336,5.235475,-1
308.4813,2.407797,327.611,64.00369,81.049,5.237252,-1
308.4813,2.407797,327.611,63.99579,81.08183,5.236246,-1
308.4813,2.407796,327.611,63.9931,81.10475,5.229739,-1
308.4812,2.407796,327.6109,63.99604,81.14007,5.232278,-1
308.4812,2.407796,327.6109,63.99732,81.17453,5.231648,-1
308.4812,2.407795,327.6109,63.99922,81.19722,5.227725,-1
308.4812,2.407798,327.6109,64.00795,81.24348,5.241516,-1
308.4811,2.407798,327.6109,64.01368,81.27776,5.242045,-1
308.4811,2.407796,327.6109,64.01471,81.31024,5.236297,-1
308.4811,2.4078,327.6109,64.01487,81.35844,5.250728,-1
308.4811,2.407802,327.6109,64.00915,81.39447,5.255838,-1
308.4811,2.407799,327.6109,64.00758,81.4117,5.243402,-1
308.4811,2.407799,327.6109,64.00336,81.4473,5.245548,-1
308.481,2.4078,327.6109,64.00631,81.48345,5.24801,-1
308.481,2.4078,327.6109,64.00356,81.51703,5.249077,-1
308.481,2.407801,327.6109,64.00565,81.55013,5.252183,-1
308.481,2.407799,327.6109,64.00015,81.57388,5.242652,-1
308.481,2.407799,327.6109,64.00206,81.61183,5.245419,-1
308.481,2.407802,327.6109,63.99658,81.64972,5.253422,-1
308.481,2.407803,327.6109,63.99859,81.67872,5.259458,-1
308.4809,2.407804,327.6109,63.99055,81.70375,5.262592,-1
308.4809,2.407806,327.6109,63.99087,81.73936,5.270406,-1
308.4809,2.407804,327.6109,63.9912,81.75727,5.262111,-1
308.4809,2.407807,327.6109,63.99087,81.80022,5.276084,-1
308.4809,2.407808,327.6109,63.98803,81.83366,5.279645,-1
308.4808,2.407809,327.6109,63.99303,81.86359,5.282861,-1
308.4808,2.407809,327.6109,63.99086,81.89433,5.28309,-1
308.4808,2.407806,327.6108,63.99299,81.91634,5.271179,-1
308.4808,2.407804,327.6108,63.98993,81.93968,5.263159,-1
308.4808,2.407803,327.6108,63.98681,81.96874,5.256196,-1
308.4808,2.407801,327.6108,63.9893,81.99261,5.249556,-1
308.4808,2.407799,327.6108,63.98652,82.00864,5.239016,-1
308.4807,2.407796,327.6108,63.99627,82.0294,5.231112,-1
308.4807,2.407794,327.6108,63.99687,82.04569,5.223083,-1
308.4807,2.407793,327.6108,63.99292,82.06552,5.215094,-1
308.4807,2.407793,327.6108,63.9903,82.09547,5.217135,-1
308.4807,2.407791,327.6108,63.98946,82.11358,5.209463,-1
308.4807,2.407793,327.6108,63.99133,82.14342,5.214365,-1
308.4807,2.407795,327.6108,63.9973,82.17584,5.226291,-1
308.4807,2.407801,327.6108,63.99545,82.21649,5.252946,-1
308.4807,2.407802,327.6108,64.00024,82.23229,5.255808,-1
308.4807,2.407802,327.6108,64.00253,82.24819,5.255086,-1
308.4806,2.407801,327.6108,64.00394,82.26505,5.251422,-1
308.4806,2.407801,327.6108,63.99843,82.28392,5.250226,-1
308.4806,2.407801,327.6108,64.00254,82.30396,5.252118,-1
308.4806,2.4078,327.6108,64.01192,82.32425,5.249025,-1
308.4806,2.407801,327.6108,64.00996,82.34789,5.254655,-1
308.4806,2.407804,327.6108,64.00994,82.3851,5.266469,-1
308.4805,2.407807,327.6108,64.00912,82.41596,5.276166,-1
308.4805,2.407808,327.6108,64.01102,82.45179,5.283514,-1
308.4805,2.407803,327.6108,64.00182,82.44778,5.258294,-1
308.4805,2.407804,327.6108,64.00526,82.4808,5.265715,-1
308.4805,2.407805,327.6108,64.00218,82.5058,5.268247,-1
308.4805,2.407805,327.6108,64.00188,82.53983,5.269931,-1
308.4805,2.407804,327.6108,64.0045,82.54984,5.262053,-1
308.4805,2.4078,327.6108,64.00742,82.56322,5.247275,-1
308.4805,2.407802,327.6108,63.99883,82.58478,5.254224,-1
308.4804,2.407807,327.6108,63.99162,82.62409,5.276248,-1
308.4804,2.407807,327.6108,63.98329,82.64532,5.27351,-1
308.4804,2.407808,327.6107,63.98616,82.67336,5.279427,-1
308.4804,2.407808,327.6107,63.9837,82.68971,5.277015,-1
308.4804,2.407805,327.6107,63.99034,82.69801,5.267687,-1
308.4804,2.407804,327.6107,63.99704,82.71561,5.264008,-1
308.4804,2.407805,327.6107,63.99439,82.73495,5.267315,-1
308.4803,2.407801,327.6107,63.99779,82.73556,5.251565,-1
308.4803,2.407804,327.6107,63.99513,82.75735,5.261416,-1
308.4803,2.407804,327.6107,63.98635,82.77799,5.261746,-1
308.4803,2.407804,327.6107,63.98946,82.79292,5.25999,-1
308.4803,2.407803,327.6107,63.99872,82.80569,5.258823,-1
308.4803,2.407803,327.6107,63.99849,82.826,5.260406,-1
308.4803,2.4078,327.6107,63.99627,82.82623,5.244948,-1
308.4803,2.407802,327.6107,63.99631,82.85323,5.252455,-1
308.4803,2.407805,327.6107,64.00356,82.8763,5.269544,-1
308.4803,2.407804,327.6107,64.00304,82.88785,5.264281,-1
308.4803,2.407803,327.6107,64.0049,82.88902,5.260075,-1
308.4803,2.407799,327.6107,64.00625,82.88259,5.244598,-1
308.4803,2.407797,327.6107,64.00694,82.88619,5.237821,-1
308.4803,2.407796,327.6107,64.00439,82.8933,5.231344,-1
308.4803,2.407798,327.6107,63.99799,82.91687,5.239116,-1
308.4803,2.407798,327.6107,63.999,82.93106,5.241103,-1
308.4802,2.4078,327.6107,64.00072,82.95512,5.248866,-1
308.4802,2.407803,327.6107,63.99363,82.98161,5.259572,-1
308.4802,2.407803,327.6107,63.99884,82.99708,5.260922,-1
308.4802,2.407806,327.6107,63.99178,83.02089,5.270282,-1
308.4802,2.407804,327.6107,63.99567,83.0281,5.262137,-1
308.4802,2.407799,327.6107,63.99799,83.0275,5.24242,-1
308.4802,2.407798,327.6107,64.00343,83.04321,5.241055,-1
308.4802,2.4078,327.6107,64.00784,83.0644,5.248972,-1
308.4802,2.407799,327.6107,64.01301,83.07549,5.246449,-1
308.4802,2.407798,327.6107,64.01707,83.08639,5.24385,-1
308.4802,2.407799,327.6107,64.0136,83.10112,5.245374,-1
308.4802,2.407796,327.6107,64.01707,83.09781,5.234763,-1
308.4802,2.407792,327.6107,64.02664,83.09068,5.217577,-1
308.4802,2.407792,327.6107,64.01206,83.09515,5.216744,-1
308.4802,2.407789,327.6107,64.01149,83.09114,5.206049,-1
308.4802,2.407792,327.6107,64.01124,83.10815,5.215992,-1
308.4802,2.40779,327.6107,64.02143,83.10653,5.208707,-1
308.4801,2.407797,327.6107,64.01114,83.14507,5.23631,-1
308.4801,2.407794,327.6107,64.02786,83.14359,5.229434,-1
308.4801,2.407796,327.6107,64.0219,83.15681,5.234629,-1
308.4801,2.4078,327.6107,64.0191,83.17971,5.252111,-1
308.4801,2.407804,327.6107,64.01679,83.19926,5.266188,-1
308.4801,2.407804,327.6107,64.01641,83.20425,5.264466,-1
308.4801,2.407804,327.6107,64.01234,83.22282,5.267622,-1
308.4801,2.407801,327.6107,64.01923,83.21021,5.253516,-1
308.4801,2.4078,327.6107,64.02203,83.21758,5.250618,-1
308.4801,2.407797,327.6107,64.02579,83.21266,5.240221,-1
308.4801,2.407799,327.6107,64.01817,83.22343,5.244902,-1
308.4801,2.407797,327.6107,64.02147,83.21747,5.238863,-1
308.4801,2.407799,327.6107,64.02175,83.22446,5.24934,-1
308.4801,2.407796,327.6107,64.01682,83.21879,5.234654,-1
308.4801,2.407794,327.6107,64.02155,83.21357,5.227536,-1
308.4801,2.407797,327.6107,64.01511,83.22486,5.236601,-1
308.4801,2.407793,327.6107,64.0089,83.21487,5.220874,-1
308.4801,2.40779,327.6107,64.01205,83.2089,5.209588,-1
308.4801,2.407786,327.6107,64.01614,83.19774,5.191638,-1
308.4801,2.407785,327.6107,64.01328,83.19872,5.188359,-1
308.4801,2.407786,327.6107,64.0164,83.20451,5.192285,-1
308.4801,2.407785,327.6107,64.02003,83.20803,5.190257,-1
308.4801,2.407783,327.6107,64.01839,83.20758,5.180237,-1
308.4801,2.407787,327.6107,64.01922,83.22376,5.196059,-1
308.4801,2.407784,327.6107,64.01922,83.21005,5.183451,-1
308.4801,2.407786,327.6107,64.01762,83.22099,5.194939,-1
308.4801,2.407785,327.6107,64.01597,83.22157,5.191008,-1
308.4801,2.407787,327.6107,64.01979,83.22821,5.19945,-1
308.4801,2.407789,327.6107,64.02099,83.2377,5.208721,-1
308.4801,2.407791,327.6107,64.02167,83.243,5.215091,-1
308.4801,2.40779,327.6107,64.02321,83.24697,5.209291,-1
308.4801,2.407791,327.6107,64.0341,83.25434,5.217315,-1
308.4801,2.407795,327.6107,64.02621,83.2674,5.231355,-1
308.4801,2.407794,327.6107,64.03532,83.26565,5.231274,-1
308.4801,2.4078,327.6107,64.03057,83.27721,5.251151,-1
308.4801,2.407802,327.6107,64.02552,83.28976,5.261399,-1
308.4801,2.4078,327.6107,64.02815,83.28059,5.253772,-1
308.4801,2.407799,327.6107,64.02999,83.27729,5.250413,-1
308.4801,2.407798,327.6107,64.02618,83.2667,5.245024,-1
308.4801,2.407795,327.6107,64.02952,83.2514,5.233595,-1
308.4801,2.407798,327.6107,64.02167,83.25519,5.244611,-1
308.4801,2.407801,327.6107,64.01714,83.25853,5.253388,-1
308.4801,2.407803,327.6107,64.01515,83.25951,5.261086,-1
308.4801,2.407776,327.6107,64.05368,83.14467,5.157418,-1
308.4801,2.407801,327.6107,64.0353,83.23189,5.25671,-1
308.4801,2.407804,327.6107,64.03506,83.23688,5.268888,-1
308.4801,2.407802,327.6107,64.03352,83.2233,5.261372,-1
308.4801,2.407797,327.6107,64.03875,83.20091,5.244383,-1
308.4801,2.407794,327.6107,64.03908,83.19065,5.230915,-1
308.4801,2.407793,327.6107,64.04174,83.17973,5.226414,-1
308.4801,2.407795,327.6107,64.03483,83.17814,5.233049,-1
308.4801,2.40779,327.6107,64.03226,83.151,5.213117,-1
308.4801,2.407795,327.6107,64.0341,83.15725,5.233019,-1
308.4801,2.407794,327.6107,64.03379,83.1536,5.231468,-1
308.4801,2.407794,327.6107,64.03379,83.1536,5.231468,-1
308.4801,2.407794,327.6107,64.03379,83.1536,5.231468,-1
308.4801,2.40779,327.6107,64.03779,83.13258,5.214453,-1
308.4801,2.407792,327.6107,64.04359,83.12929,5.220605,-1
308.4802,2.407787,327.6107,64.05408,83.10216,5.206003,-1
308.4802,2.407789,327.6107,64.05507,83.09497,5.211689,-1
308.4802,2.407791,327.6107,64.05548,83.10449,5.22033,-1
308.4802,2.40779,327.6107,64.05709,83.09959,5.216458,-1
308.4802,2.407793,327.6107,64.05983,83.10629,5.229138,-1
308.4802,2.407794,327.6107,64.05812,83.09944,5.234567,-1
308.4802,2.407797,327.6107,64.05147,83.10286,5.245063,-1
308.4802,2.4078,327.6107,64.0458,83.10783,5.254214,-1
308.4802,2.407799,327.6107,64.05206,83.10249,5.253973,-1
308.4802,2.407804,327.6107,64.04953,83.10783,5.274899,-1
308.4802,2.407809,327.6107,64.04241,83.11964,5.29433,-1
308.4802,2.407811,327.6107,64.0383,83.11832,5.301899,-1
308.4802,2.407808,327.6107,64.04086,83.0981,5.288871,-1
308.4802,2.407804,327.6107,64.0369,83.0766,5.271619,-1
308.4802,2.407801,327.6107,64.03184,83.05237,5.258682,-1
308.4802,2.407801,327.6107,64.03676,83.04666,5.259543,-1
308.4802,2.4078,327.6107,64.03875,83.04608,5.256073,-1
308.4802,2.407801,327.6107,64.03792,83.03523,5.258399,-1
308.4802,2.407802,327.6107,64.03738,83.03123,5.262807,-1
308.4802,2.407801,327.6107,64.04555,83.02354,5.260386,-1
308.4802,2.407803,327.6107,64.0471,83.02441,5.268845,-1
308.4802,2.407803,327.6107,64.04831,83.01672,5.269323,-1
308.4802,2.4078,327.6107,64.05245,82.9916,5.256181,-1
308.4802,2.407797,327.6107,64.05611,82.96873,5.244067,-1
308.4802,2.407793,327.6107,64.05508,82.93943,5.22827,-1
308.4803,2.407789,327.6107,64.05116,82.9165,5.214431,-1
308.4803,2.407789,327.6107,64.05448,82.90484,5.213869,-1
308.4803,2.40779,327.6107,64.05966,82.90003,5.217173,-1
308.4803,2.407791,327.6107,64.05598,82.88779,5.219889,-1
308.4803,2.407793,327.6107,64.06491,82.87823,5.228292,-1
308.4803,2.407792,327.6107,64.0618,82.85995,5.226791,-1
308.4803,2.407789,327.6107,64.05463,82.8331,5.211082,-1
308.4803,2.40779,327.6107,64.05209,82.81944,5.215284,-1
308.4803,2.407791,327.6107,64.04711,82.81266,5.220257,-1
308.4803,2.40779,327.6107,64.04237,82.79304,5.212541,-1
308.4803,2.407789,327.6107,64.05164,82.78331,5.212612,-1
308.4803,2.407788,327.6107,64.05698,82.7598,5.207378,-1
308.4803,2.407791,327.6107,64.05365,82.76564,5.221263,-1
308.4803,2.407789,327.6107,64.05122,82.74929,5.210785,-1
308.4803,2.407792,327.6107,64.05096,82.74511,5.224194,-1
308.4803,2.407797,327.6107,64.04775,82.74856,5.243366,-1
308.4803,2.407794,327.6107,64.05468,82.72248,5.230475,-1
308.4803,2.407794,327.6107,64.04707,82.71928,5.232015,-1
308.4803,2.407795,327.6107,64.05212,82.72116,5.238876,-1
308.4804,2.407794,327.6107,64.05305,82.70937,5.232538,-1
308.4804,2.407796,327.6107,64.05836,82.70599,5.241993,-1
308.4804,2.407798,327.6107,64.05399,82.70534,5.251242,-1
308.4804,2.407796,327.6107,64.04986,82.68693,5.241126,-1
308.4804,2.407793,327.6107,64.05086,82.66281,5.226602,-1
308.4804,2.407791,327.6107,64.05727,82.65289,5.222057,-1
308.4804,2.40779,327.6107,64.05342,82.63842,5.217339,-1
308.4804,2.407792,327.6107,64.04871,82.63258,5.22143,-1
308.4804,2.40779,327.6107,64.05086,82.619,5.218102,-1
308.4804,2.407791,327.6107,64.05179,82.60848,5.219465,-1
308.4804,2.40779,327.6108,64.04539,82.58795,5.214445,-1
308.4804,2.407791,327.6108,64.04547,82.58049,5.219871,-1
308.4804,2.407789,327.6108,64.04202,82.55595,5.210484,-1
308.4805,2.40779,327.6108,64.03535,82.55254,5.213745,-1
308.4805,2.407794,327.6108,64.02786,82.55074,5.229521,-1
308.4805,2.4078,327.6108,64.03229,82.55894,5.252046,-1
308.4805,2.407802,327.6108,64.03719,82.5536,5.261936,-1
308.4805,2.4078,327.6108,64.0339,82.53606,5.252637,-1
308.4805,2.407798,327.6108,64.0388,82.50784,5.246049,-1
308.4805,2.407792,327.6108,64.04829,82.47331,5.224181,-1
308.4805,2.407791,327.6108,64.04427,82.456,5.217574,-1
308.4805,2.407793,327.6108,64.04111,82.45248,5.225195,-1
308.4805,2.407793,327.6108,64.04549,82.43345,5.225467,-1
308.4805,2.407792,327.6108,64.04585,82.41499,5.221942,-1
308.4805,2.407791,327.6108,64.04724,82.39754,5.217389,-1
308.4805,2.407791,327.6108,64.05363,82.38168,5.218658,-1
308.4805,2.407787,327.6108,64.05829,82.35523,5.205686,-1
308.4806,2.407788,327.6108,64.05695,82.3423,5.206808,-1
308.4806,2.407785,327.6108,64.05253,82.32279,5.197653,-1
308.4806,2.407782,327.6108,64.05586,82.29958,5.182657,-1
308.4806,2.407783,327.6108,64.05141,82.29491,5.187218,-1
308.4806,2.407784,327.6108,64.05535,82.28501,5.192671,-1
308.4806,2.407785,327.6108,64.05901,82.27208,5.197156,-1
308.4806,2.407786,327.6108,64.06314,82.26543,5.202475,-1
308.4806,2.407787,327.6108,64.06196,82.257,5.207849,-1
308.4806,2.407789,327.6108,64.06016,82.25287,5.214534,-1
308.4806,2.407787,327.6108,64.06621,82.22952,5.205531,-1
308.4806,2.407785,327.6108,64.06332,82.20668,5.197437,-1
308.4807,2.407785,327.6108,64.06742,82.197,5.200701,-1
308.4807,2.407786,327.6108,64.06179,82.18993,5.202858,-1
308.4807,2.407785,327.6108,64.06237,82.17139,5.196739,-1
308.4807,2.407785,327.6108,64.06499,82.16228,5.199564,-1
308.4807,2.407787,327.6108,64.06485,82.15755,5.205602,-1
308.4807,2.407785,327.6108,64.07091,82.13623,5.200133,-1
308.4807,2.407788,327.6108,64.05969,82.12887,5.208771,-1
308.4807,2.407789,327.6108,64.06402,82.11723,5.214413,-1
308.4807,2.40779,327.6108,64.06057,82.09691,5.215695,-1
308.4807,2.407787,327.6108,64.06391,82.06966,5.207414,-1
308.4807,2.407789,327.6108,64.06306,82.06332,5.21531,-1
308.4807,2.407789,327.6108,64.06055,82.04403,5.213748,-1
308.4807,2.40779,327.6108,64.05701,82.02465,5.216734,-1
308.4807,2.407786,327.6108,64.05629,81.99378,5.20135,-1
308.4808,2.407789,327.6108,64.0595,81.99189,5.212668,-1
308.4808,2.407789,327.6108,64.0591,81.9709,5.215985,-1
308.4808,2.407788,327.6108,64.06094,81.94955,5.210924,-1
308.4808,2.407789,327.6108,64.0565,81.9343,5.213886,-1
308.4808,2.407791,327.6108,64.05904,81.92685,5.222273,-1
308.4808,2.407794,327.6108,64.06027,81.92411,5.236358,-1
308.4808,2.407797,327.6108,64.05628,81.91711,5.244806,-1
308.4808,2.407797,327.6108,64.06441,81.89633,5.245621,-1
308.4808,2.407794,327.6108,64.05774,81.86864,5.233475,-1
308.4808,2.407791,327.6109,64.05429,81.8386,5.220379,-1
308.4808,2.407788,327.6109,64.05572,81.81443,5.208819,-1
308.4808,2.407785,327.6109,64.06016,81.79063,5.198497,-1
308.4809,2.407787,327.6109,64.06274,81.78559,5.2041,-1
308.4809,2.407785,327.6109,64.06752,81.765,5.198003,-1
308.4809,2.407784,327.6109,64.06612,81.74435,5.191591,-1
308.4809,2.407784,327.6109,64.07492,81.73868,5.194376,-1
308.4809,2.407786,327.6109,64.07503,81.73012,5.202718,-1
308.4809,2.407789,327.6109,64.0802,81.72997,5.216367,-1
308.4809,2.40779,327.6109,64.07052,81.72283,5.219666,-1
308.4809,2.407791,327.6109,64.06697,81.71182,5.222721,-1
308.4809,2.407795,327.6109,64.06787,81.70689,5.240127,-1
308.481,2.407797,327.6109,64.06895,81.68779,5.246849,-1
308.481,2.407799,327.6109,64.06533,81.67883,5.255509,-1
308.481,2.407798,327.6109,64.0627,81.65779,5.252911,-1
308.481,2.407799,327.6109,64.05568,81.64343,5.253841,-1
308.481,2.407795,327.6109,64.06133,81.61552,5.240694,-1
308.481,2.407797,327.6109,64.05883,81.60297,5.244758,-1
308.481,2.407805,327.6109,64.03053,81.61032,5.273479,-1
308.481,2.408072,327.6109,63.67472,82.57967,6.29131,-1
308.4797,2.408059,327.6106,60.0994,83.97964,5.547132,-1
308.4755,2.409667,327.6102,83.20414,142.9512,56.27302,-1
308.4758,2.410175,327.6103,74.5637,110.8659,25.43678,-1
308.4856,2.411366,327.6127,81.28262,157.2007,89.27803,-1
308.4957,2.412656,327.6196,78.76378,125.2143,79.89122,-1
308.5023,2.41099,327.6284,79.17449,73.05097,48.0927,-1
308.5045,2.409521,327.634,76.78136,38.31128,24.2334,-1
308.5044,2.405607,327.633,72.60944,11.20523,354.5376,-1
308.5052,2.402859,327.6378,50.1531,359.7606,349.7241,-1
308.5054,2.402244,327.6416,37.55001,354.776,350.3041,-1
308.5054,2.403041,327.6445,30.65249,351.9101,352.7466,-1
308.5054,2.403104,327.6449,30.95816,351.0774,352.8546,-1
308.5056,2.40409,327.642,31.12959,357.5012,354.9165,-1
308.5057,2.405842,327.6421,27.9192,359.2604,358.6318,-1
308.5057,2.405319,327.6416,18.25401,0.03099833,357.7407,-1
308.5056,2.404538,327.6438,13.92875,355.9247,356.347,-1
308.5055,2.403421,327.6445,16.19576,354.0135,354.2188,-1
308.5054,2.404605,327.646,22.66762,351.5094,356.2869,-1
308.5054,2.405378,327.6461,28.59736,351.5986,357.6772,-1
308.5054,2.405042,327.6465,39.01281,349.8939,356.599,-1
308.5054,2.404395,327.646,39.50067,349.6523,355.0703,-1
308.5053,2.403745,327.6462,25.96974,350.0203,354.4711,-1
308.5053,2.404779,327.647,18.63819,349.9626,356.7141,-1
308.5052,2.404867,327.6478,9.093431,349.2038,357.0062,-1
308.5052,2.404954,327.6477,9.150324,349.3288,357.1642,-1
308.5051,2.404968,327.6479,8.624721,348.8874,357.194,-1
308.5051,2.404602,327.6482,9.626619,348.359,356.5188,-1
308.5051,2.404517,327.6481,9.741274,348.4496,356.3645,-1
308.5051,2.404193,327.648,8.593679,348.4963,355.7884,-1
308.5051,2.404193,327.6479,8.945972,348.6686,355.7832,-1
308.5051,2.404193,327.6479,8.945972,348.6686,355.7832,-1
308.5051,2.404221,327.648,8.928899,348.557,355.8337,-1
308.505,2.403796,327.6482,9.236209,348.1227,355.0573,-1
308.5051,2.403458,327.6478,9.685481,348.6587,354.4344,-1
308.5048,2.403552,327.649,11.47972,346.2722,354.5746,-1
308.5044,2.402451,327.6502,14.90653,343.1801,352.4441,-1
308.5043,2.40039,327.649,14.54461,344.2917,348.5912,-1
308.5048,2.401135,327.6475,14.20748,347.6053,350.009,-1
308.5056,2.404325,327.6438,14.54899,355.7968,355.9419,-1
308.5055,2.40413,327.6451,13.54998,353.4741,355.5988,-1
308.5054,2.405097,327.6464,15.68415,351.3928,357.3592,-1
308.5055,2.40529,327.6458,10.53244,352.7591,357.764,-1
308.5056,2.406267,327.6445,9.86013,355.5717,359.5455,-1
308.5057,2.406393,327.6409,11.05898,1.960849,359.7737,-1
308.5057,2.405458,327.6419,8.041,359.9669,358.0847,-1
308.5056,2.405251,327.6445,3.467746,355.4321,357.728,-1
308.5054,2.404706,327.6463,5.11072,352.0357,356.7425,-1
308.5052,2.405878,327.6478,5.125591,349.5165,358.85,-1
308.5053,2.406116,327.6474,5.775071,350.3079,359.2792,-1
308.5053,2.406042,327.6474,6.421905,350.3126,359.1432,-1
308.5052,2.406033,327.6479,5.692957,349.2378,359.1287,-1
308.5043,2.405306,327.6512,6.389553,343.0436,357.817,-1
308.505,2.40528,327.6488,2.007715,347.6491,357.7821,-1
308.5051,2.4058,327.6483,1.385239,348.5896,358.7162,-1
308.5051,2.405493,327.6483,2.169734,348.724,358.1647,-1
308.5051,2.405406,327.6481,2.311804,349.0136,358.0081,-1
308.5051,2.405333,327.648,2.541754,349.1543,357.8778,-1
308.5051,2.405165,327.6479,3.159076,349.1951,357.5746,-1
308.5051,2.405112,327.6479,3.665609,349.1531,357.4785,-1
308.5051,2.405041,327.6479,3.801184,349.1346,357.3506,-1
308.5051,2.404979,327.6479,3.577624,349.2153,357.24,-1
308.5051,2.405022,327.6479,3.426091,349.2114,357.3169,-1
308.5051,2.404997,327.6479,3.445775,349.271,357.2726,-1
308.5051,2.405085,327.6479,3.494379,349.1511,357.4303,-1
308.5051,2.404994,327.648,3.703605,349.0419,357.2665,-1
308.5051,2.404887,327.648,3.572963,349.0865,357.0739,-1
308.5051,2.40486,327.648,3.580216,349.0019,357.0266,-1
308.5051,2.404904,327.648,3.463562,348.9882,357.1055,-1
308.5051,2.404974,327.648,3.330528,349.0571,357.2312,-1
308.5051,2.405025,327.6479,3.194315,349.2654,357.3239,-1
308.5052,2.405131,327.6478,3.304493,349.3947,357.5127,-1
308.5052,2.405132,327.6479,3.317118,349.3161,357.5145,-1
308.5052,2.405072,327.6478,3.358881,349.4484,357.4068,-1
308.5052,2.405102,327.6478,3.444286,349.399,357.4605,-1
308.5052,2.405146,327.6478,3.507078,349.3732,357.5389,-1
308.5052,2.405084,327.6479,3.545928,349.3253,357.4285,-1
174.9685,2.399467,291.0962,3.446985,349.2878,357.4122,-1
174.9685,2.399473,291.0963,3.505576,349.0222,357.4228,-1
174.9688,2.399894,291.0941,3.239997,353.0933,358.1785,-1
174.9623,2.400124,291.0706,2.399862,37.93431,358.593,-1
174.9664,2.400805,291.0774,0.1662802,23.7095,359.8134,-1
174.9636,2.399607,291.1081,0.1929988,326.0684,357.6687,-1
174.9507,2.401459,291.1192,3.222219,295.2706,0.9855299,-1
174.9507,2.401491,291.1192,4.022442,295.3902,1.045245,-1
174.9465,2.401936,291.1208,3.298842,287.227,1.842096,-1
174.9307,2.401721,291.1216,7.342985,258.6195,1.465241,-1
174.9239,2.4008,291.1195,8.244271,245.6889,359.8034,-1
174.9548,2.401597,291.1169,3.070955,303.6565,1.234701,-1
174.9371,1.025909,291.0903,0,45,0,exit0
174.9688,2.399594,291.0861,5.604082,7.346675,357.6341,-1
174.9588,2.399035,291.0669,5.804611,46.75677,356.6265,-1
174.9428,2.398555,291.0589,6.342798,79.14511,355.7559,-1
174.9312,2.399252,291.0589,4.972074,100.2381,357.0203,-1
174.9242,2.399391,291.061,3.274569,113.5923,357.2769,-1
174.925,2.399552,291.0701,4.370747,119.9866,359.6947,-1
174.9349,2.405112,291.0957,4.183638,127.3558,357.4774,-1
174.932,2.405325,291.0983,3.243736,134.494,357.8614,-1
175.0291,2.406295,291.1868,5.406193,134.5639,359.6007,-1
175.0356,2.406351,291.1875,8.445977,127.7406,359.6997,-1
175.5296,2.404431,290.8159,10.01739,127.5056,359.2436,-1
177.6173,2.405692,289.2112,10.85048,127.8725,358.495,-1
179.5276,2.405631,287.7255,10.0372,128.2576,358.3887,-1
180.9813,2.396547,286.5782,10.4581,128.3864,358.1327,-1
183.0451,2.404619,284.9203,11.13835,130.1986,356.535,-1
185.1774,2.404318,283.1218,10.52548,130.2369,355.9922,-1
187.3088,2.404562,281.3262,10.95856,129.6813,356.4311,-1
189.5992,2.404531,279.4364,11.70249,129.6381,356.3668,-1
192.4324,2.399494,277.0948,11.66798,129.6129,356.2218,-1
195.2094,2.404452,274.7968,11.66798,129.6129,356.2218,-1
198.0434,2.404245,272.451,11.66798,129.6129,356.2218,-1
200.8094,2.404237,270.1501,10.86296,130.0703,355.8982,-1
203.7734,2.395173,267.6468,10.60287,130.7811,355.0394,-1
206.5805,2.403308,265.1724,10.47501,132.4395,354.1473,-1
209.228,2.395439,262.7617,10.06519,131.4226,354.6668,-1
211.9212,2.402967,260.4226,9.683341,130.6917,354.9943,-1
214.4938,2.403757,258.2066,9.457582,130.6349,354.9841,-1
217.3617,2.403624,255.7398,9.471763,130.9641,354.7404,-1
219.9573,2.403514,253.4806,9.479373,131.0794,354.5401,-1
222.7444,2.395644,251.0429,9.153274,131.4712,355.0687,-1
225.4886,2.40373,248.6185,8.939063,131.3964,354.9422,-1
228.1437,2.403641,246.2791,8.939189,131.3734,354.7804,-1
230.7924,2.403487,243.9485,8.952116,131.373,354.4991,-1
233.2954,2.403337,241.7106,8.723345,133.2833,354.23,-1
235.8051,2.394923,239.3239,8.26421,133.636,353.3458,-1
238.2278,2.402411,237.0302,7.358077,133.5806,352.5659,-1
240.6079,2.402476,234.7609,7.508465,133.2919,352.8365,-1
243.0057,2.402601,232.5123,7.469306,132.9692,352.9109,-1
245.4993,2.402381,230.1941,7.294243,133.1567,352.5122,-1
248.0188,2.402771,227.8521,7.250776,132.5047,353.2227,-1
250.6519,2.402802,225.4471,6.476493,131.8744,353.289,-1
252.1654,2.403281,224.089,6.599835,129.8412,354.1568,-1
252.2032,1.031517,224.0979,0,45,0,enter1
252.1836,2.403338,224.0728,5.879686,128.1695,354.2691,-1
252.1969,2.404211,224.0664,3.927081,101.7711,355.8573,-1
252.2196,2.406115,224.0699,2.512218,59.883,359.279,-1
252.2266,2.406761,224.0753,2.607326,44.11307,0.4373862,-1
252.2298,2.406822,224.0792,3.735175,35.16011,0.5477529,-1
252.2287,2.405379,224.0779,4.709177,38.0009,357.9557,-1
252.2282,2.405766,224.0772,4.985296,39.55729,358.6507,-1
252.2288,2.406068,224.0779,7.616881,37.91104,359.1894,-1
252.2285,2.405445,224.0776,7.840711,38.56948,358.0627,-1
252.228,2.405577,224.077,8.576147,39.93704,358.2975,-1
252.2278,2.406271,224.0766,8.436579,40.89471,359.5535,-1
252.2278,2.406494,224.0767,10.10216,40.7567,359.9577,-1
252.2036,1.031517,224.0976,0,45,0,exit1
252.9829,2.405015,224.9641,10.68377,40.49654,358.7938,-1
255.0845,2.405402,227.4201,10.89073,40.86246,357.9666,-1
257.0706,2.404301,229.6998,11.22059,41.67155,356.2491,-1
259.2789,2.40444,232.1372,10.94765,41.68792,356.2096,-1
261.3963,2.404584,234.5165,10.35331,41.72551,356.4797,-1
263.3588,2.404611,236.7209,10.11742,41.60298,356.5312,-1
265.494,2.403568,239.1284,10.02691,41.35499,356.6216,-1
267.8364,2.404485,241.7759,10.04953,41.605,356.3033,-1
270.238,2.40437,244.4763,9.484397,41.66072,356.0993,-1
272.684,2.404361,247.2177,9.311472,41.65242,356.0841,-1
275.0205,2.40439,249.8503,9.464904,41.56347,356.1354,-1
277.4766,2.402461,252.5067,9.350602,47.62642,352.6196,-1
280.2094,2.403708,255.081,8.993771,44.20898,354.9016,-1
282.7157,2.403819,257.6768,9.088053,43.87931,355.1016,-1
285.21,2.402859,260.267,9.034627,43.77239,355.1037,-1
287.6209,2.403946,262.7912,8.490295,43.45862,355.3403,-1
289.9893,2.404012,265.2981,7.889597,43.00407,355.4666,-1
291.9686,1.031517,267.4835,0,45,0,enter2
292.0321,2.403918,267.5059,6.028123,42.16677,355.8032,-1
292.2016,2.404386,267.6923,5.23969,41.9236,356.1657,-1
292.2022,2.404502,267.6928,4.683427,40.95765,356.3776,-1
292.2045,2.40577,267.6957,5.602965,34.42699,358.6557,-1
292.2097,2.407603,267.7086,8.076479,9.834286,1.964673,-1
292.2084,2.406455,267.7243,4.80475,341.0371,359.8889,-1
292.1985,2.405575,267.7386,4.198112,309.3773,358.3082,-1
292.1942,2.406654,267.7416,4.378355,299.9756,0.2456488,-1
292.1925,2.406493,267.7425,10.29539,296.6589,359.9554,-1
292.1864,2.405339,267.7448,5.846373,284.7422,357.8783,-1
292.1796,2.405864,267.7458,3.832139,272.4722,358.8271,-1
292.1759,2.406422,267.7458,4.180563,265.9796,359.83,-1
292.1736,2.406446,267.7455,6.459878,261.7399,359.8713,-1
292.1782,1.031517,267.7139,0,45,0,exit2
292.1707,2.406456,267.745,7.155876,256.4681,359.8907,-1
292.1696,2.406832,267.7447,11.33605,254.5717,0.574213,-1
291.3132,2.405968,267.4822,11.71076,253.0208,358.9956,-1
289.2216,2.403482,266.8592,11.9161,253.8203,357.6477,-1
287.1827,2.398534,266.2534,10.1675,253.2424,357.8947,-1
285.2977,2.404491,265.6847,10.20677,253.1951,357.8436,-1
282.8672,2.405392,264.9526,10.25068,253.2086,357.9532,-1
280.4283,2.405444,264.2213,10.24134,253.054,358.0479,-1
277.7261,2.405427,263.3986,11.14598,253.0611,358.0095,-1
275.1183,2.396306,262.5973,11.81615,252.6882,358.0084,-1
272.6806,2.395559,261.8479,11.79344,253.0404,357.8927,-1
270.0846,2.405297,261.0704,11.90648,253.3537,357.7676,-1
266.9323,2.405375,260.1198,12.13832,253.062,357.9084,-1
263.6888,2.40466,259.1305,11.97574,252.9826,357.8392,-1
260.2852,2.405194,258.0927,11.75396,253.0486,357.5797,-1
256.8433,2.40482,257.0477,11.49255,253.1646,357.3865,-1
253.6781,2.405132,256.0896,11.09382,253.2204,357.4715,-1
250.485,2.405081,255.1293,10.9344,253.3993,357.3799,-1
247.2161,2.403103,254.1544,10.9344,253.3993,357.3799,-1
244.0282,2.405081,253.2041,10.9344,253.3993,357.3799,-1
240.8081,2.405113,252.2423,10.60828,253.4058,357.4405,-1
237.7294,2.405153,251.3255,10.39637,253.5535,357.5165,-1
234.5185,2.405171,250.3794,10.2072,253.5904,357.55,-1
231.3436,2.405263,249.4432,10.01894,253.5098,357.7193,-1
228.3056,2.405291,248.5476,9.72675,253.5825,357.7715,-1
225.1585,2.405403,247.6205,9.384957,253.6061,357.9779,-1
222.0519,2.405317,246.7076,9.145037,253.9067,357.8228,-1
218.7816,2.403228,245.7563,10.90547,254.4733,356.9017,-1
217.3717,2.404984,245.3611,11.21888,259.1848,357.2009,-1
217.3708,1.031517,245.3278,0,45,0,enter0
