*Subject
3
*Layout
1
*Condition
False,True,True
*Marks
263.5657,0,323.1884
172.8171,0,272.5472
202.0531,0,220.1535
*Path
x,y,z,flag
286.4326,2.403266,180.0936,11.06377,217.9898,357.5177,-1
286.4332,2.402261,180.0942,9.071439,219.5119,355.6974,-1
286.4328,2.402911,180.0937,9.643154,218.5875,356.8688,-1
286.4331,2.405169,180.0942,2.55777,220.1698,0.9593769,-1
286.4318,2.404121,180.0926,358.6946,216.4518,359.0805,-1
286.4323,2.402415,180.0931,355.7606,218.0462,356.0125,-1
286.4282,2.403035,180.0862,1.652439,203.2514,357.1351,-1
286.4265,2.403322,180.0808,1.138282,193.0277,357.6504,-1
286.4257,2.402427,180.0732,359.6879,179.4529,356.0455,-1
286.4262,2.402666,180.0794,0.09383313,190.5072,356.4733,-1
286.429,2.403317,180.088,359.7178,206.7136,357.6414,-1
286.4329,2.403239,180.0939,359.4371,219.4866,357.5009,-1
286.4316,2.404012,180.0923,358.9568,215.854,358.8859,-1
286.431,2.404419,180.0914,359.3104,213.7868,359.6152,-1
286.4306,2.404156,180.0908,359.8594,212.5014,359.1445,-1
286.4294,2.405108,180.0888,359.2117,208.5023,0.8487121,-1
286.4291,2.405154,180.0881,1.307397,207.0092,0.9320562,-1
286.429,2.404506,180.088,5.634467,206.7101,359.7703,-1
286.429,2.404681,180.0879,5.497501,206.5953,0.084791,-1
286.4288,2.404516,180.0876,6.072844,205.8804,359.7879,-1
286.4278,2.405449,180.0852,6.379714,201.4291,1.468842,-1
263.5357,2.406081,323.1996,7.134641,200.5118,1.700045,-1
263.536,2.405454,323.2004,8.337313,202.0334,0.5690336,-1
263.5361,2.405038,323.2006,8.930281,202.2277,359.8177,-1
263.5372,2.40492,323.2031,7.586728,207.1317,359.605,-1
263.5437,2.403975,323.2117,2.717175,226.4584,357.9135,-1
263.546,2.403934,323.2137,359.5247,232.0649,357.8424,-1
263.545,2.404452,323.2128,0.9603256,229.5989,358.7693,-1
263.5449,2.404297,323.2127,1.382319,229.3783,358.4921,-1
263.5465,2.403318,323.214,359.2075,233.1953,356.7382,-1
263.5522,2.403021,323.2174,2.091763,244.9188,356.2031,-1
263.5526,2.404355,323.2177,3.453588,245.8295,358.593,-1
263.5513,2.403976,323.217,8.297912,243.0002,357.8949,-1
263.5657,1.030139,323.1884,0,330,0,exit0
263.2551,2.405509,323.0551,9.783342,240.8857,358.1686,-1
261.1538,2.40555,321.9077,3.716951,242.7391,358.2648,-1
259.6928,2.404912,321.2072,359.5657,245.3032,357.1238,-1
257.3447,2.405137,320.1031,2.613765,243.1424,357.5257,-1
255.4855,2.405395,319.1485,4.860744,241.192,357.9824,-1
252.7552,2.404976,317.6296,5.715947,240.7567,357.2256,-1
250.3071,2.404357,316.2572,5.988088,241.0445,356.1089,-1
248.1545,2.404058,315.0736,8.023869,241.5474,355.5499,-1
246.0176,2.403809,313.9189,8.178817,241.3162,355.0953,-1
243.7048,2.397847,312.6041,8.037056,238.7911,354.9974,-1
241.1862,2.403593,311.071,8.08385,237.7382,354.7036,-1
238.9031,2.402803,309.6203,7.612714,237.0411,354.2377,-1
236.6626,2.40336,308.1757,8.046124,237.7082,354.2824,-1
234.3049,2.400156,306.6872,8.420274,237.9136,353.3175,-1
232.0999,2.403249,305.3803,11.25352,244.7696,354.0232,-1
229.7426,2.403163,304.2722,11.65075,245.0321,353.8566,-1
227.6797,2.403148,303.3041,10.78972,244.2264,353.8477,-1
224.92,2.402626,301.9409,10.52914,243.5352,352.8952,-1
221.6783,2.403156,300.3329,10.57632,242.8503,354.1579,-1
218.817,2.397223,298.8317,9.200625,239.9622,355.6105,-1
216.1595,2.404018,297.208,7.694734,237.2905,355.4806,-1
213.5913,2.403729,295.5789,8.615335,238.2014,354.9442,-1
210.9574,2.401585,293.9817,10.10258,239.6332,353.4395,-1
208.4102,2.401137,292.4961,10.74904,239.6241,353.2849,-1
205.7534,2.402368,290.93,12.23497,238.9925,352.3765,-1
203.3983,2.393155,289.5146,12.79894,238.8872,352.4833,-1
200.9747,2.393816,288.0617,14.25949,239.2684,352.2247,-1
198.5827,2.396484,286.6133,15.42391,236.4614,350.0417,-1
196.0146,2.396522,285.0269,13.37689,240.3852,351.2737,-1
193.4963,2.401347,283.59,13.37774,238.8617,350.4413,-1
190.9893,2.401236,282.0811,12.61152,239.0242,350.264,-1
188.4623,2.401765,280.5323,12.04003,238.3122,351.2704,-1
186.1006,2.394008,279.0479,7.453064,237.373,352.8386,-1
183.7389,2.402335,277.5365,7.790504,237.3957,352.4344,-1
181.3321,2.402343,275.9969,7.790504,237.3957,352.4344,-1
179.1265,2.402201,274.586,8.046396,237.2556,352.171,-1
176.6201,2.402288,273.0462,8.286991,239.2654,352.3255,-1
176.144,1.031517,272.727,0,330,0,enter1
175.8205,2.399754,272.5718,7.92742,238.236,353.3568,-1
175.804,2.394861,272.5511,5.512702,193.5677,356.6505,-1
175.8032,2.395922,272.54,4.910921,173.8251,358.5615,-1
175.8045,2.395064,272.5342,2.26069,163.0729,357.0282,-1
175.8045,2.397666,272.5338,4.202089,162.6909,1.696017,-1
175.8047,2.397483,272.5332,6.651227,161.5515,1.372668,-1
175.8061,2.400867,272.5304,4.223676,156.2343,7.463123,-1
175.8065,2.398917,272.529,6.130258,153.6182,3.956601,-1
175.8075,2.400182,272.5276,7.640624,150.983,6.263398,-1
175.8073,2.400884,272.528,7.050364,151.761,7.529598,-1
175.8056,2.398973,272.531,3.463839,157.3644,4.042115,-1
175.8051,2.398094,272.5324,5.557602,160.0348,2.468649,-1
175.8351,1.021722,272.5434,0,330,0,exit1
176.2878,2.410223,271.1983,2.921181,160.6268,6.659152,-1
177.5379,2.409945,267.719,4.928054,159.6288,6.173171,-1
178.8554,2.409641,264.2178,5.735293,158.7393,5.631383,-1
180.2345,2.409105,260.868,8.04769,156.2532,4.684812,-1
181.5777,2.400877,257.8813,9.02897,154.8728,4.420511,-1
183.0854,2.407608,254.7033,9.260788,154.3337,1.979996,-1
184.52,2.407371,251.7335,9.400345,154.3111,1.55018,-1
185.9417,2.407734,248.7679,9.323276,153.9774,2.208221,-1
187.3587,2.407995,245.8672,9.031808,154.0426,2.679515,-1
188.735,2.406784,243.0407,8.026265,153.682,0.4821804,-1
190.1721,2.407266,240.172,6.351068,151.631,1.350191,-1
191.6591,2.400031,237.3754,6.991836,152.9471,1.531527,-1
193.1702,2.407389,234.4657,7.345692,152.2769,1.573731,-1
194.695,2.407208,231.5616,7.040849,152.4137,1.246837,-1
196.1372,2.407324,228.7661,7.368918,153.1778,1.457004,-1
197.6838,2.40626,226.0355,9.893357,144.0851,0.07157999,-1
199.5776,2.40756,223.6005,9.970442,139.6076,1.896678,-1
199.9521,1.031517,223.2066,0,330,0,enter2
200.1974,2.407597,222.8685,10.33575,136.3413,3.10097,-1
200.1997,2.407462,222.866,11.73705,133.5245,2.978737,-1
200.1996,2.407573,222.8661,12.1024,133.912,3.186446,-1
200.205,2.403867,222.862,19.54387,119.7067,356.2624,-1
200.2184,2.409471,222.8578,13.32413,97.15317,6.708773,-1
200.2332,2.408734,222.8598,11.0772,69.32904,5.300742,-1
200.2397,2.407271,222.8632,5.280771,55.39325,2.586035,-1
200.2428,2.406529,222.8656,357.0928,47.99175,1.247635,-1
200.2444,2.40645,222.8672,357.0479,44.05381,1.104805,-1
200.244,2.405399,222.8668,0.9846079,45.04119,359.2227,-1
200.2445,2.406136,222.8673,1.045064,43.83192,0.5415678,-1
200.2446,2.40534,222.8673,359.6602,43.76167,359.1173,-1
200.2215,1.030833,222.8894,0,330,0,exit2
200.3327,2.406217,222.9598,2.523611,43.13655,359.4619,-1
202.1638,2.405437,224.9071,6.916802,43.38658,358.0511,-1
203.3492,2.403986,226.1633,9.456981,43.85839,355.4008,-1
204.2325,2.405219,227.1129,10.76244,41.60985,357.6325,-1
205.6502,2.405824,228.7315,10.35835,38.81294,358.739,-1
206.628,2.406334,229.9561,9.825402,38.38576,359.6668,-1
207.9284,2.405871,231.5765,9.768028,38.89867,358.827,-1
209.6008,2.404641,233.6666,12.59839,38.89104,356.5558,-1
211.8043,2.404681,236.4364,15.6831,37.75328,356.5833,-1
213.6218,2.404416,238.779,16.05817,38.06825,356.0828,-1
215.5049,2.400216,241.2564,16.28086,37.18311,356.2154,-1
217.1839,2.40435,243.4657,16.13489,37.52316,355.9569,-1
218.9173,2.404227,245.7262,16.36109,37.48434,355.722,-1
220.7849,2.400899,248.1575,16.95495,37.56751,355.5698,-1
222.6692,2.4042,250.6018,16.94109,37.72223,355.659,-1
224.623,2.404835,253.1165,16.14676,38.46338,356.8636,-1
226.4676,2.404703,255.5789,15.58284,38.80972,356.6268,-1
228.3663,2.404627,258.0894,15.70519,38.92321,356.4818,-1
230.2748,2.404674,260.4615,13.41481,38.42966,356.6049,-1
232.3386,2.404678,263.0685,13.98462,38.13867,356.6055,-1
234.2364,2.403873,265.4842,13.53004,37.71989,356.8159,-1
236.1935,2.404496,267.9935,13.61506,38.13057,356.2733,-1
238.0823,2.398014,270.3762,12.62367,39.44608,356.0461,-1
240.1016,2.40416,272.8258,12.5933,39.8824,355.6719,-1
242.2444,2.402877,275.3883,12.93417,40.30835,355.9424,-1
244.3317,2.404507,277.8492,12.36491,40.17216,356.313,-1
246.3281,2.404505,280.2225,11.33014,40.3768,356.3225,-1
248.3865,2.397936,282.6389,10.74194,41.0691,357.1064,-1
250.4706,2.400133,285.2047,7.772472,39.16342,357.0537,-1
252.6615,2.402569,287.8572,4.480125,41.70823,359.368,-1
254.5434,2.40665,289.9319,2.093375,43.81929,0.238004,-1
256.7734,2.407704,292.1856,1.364647,46.99496,2.126065,-1
256.8996,2.404173,292.3068,5.309264,47.17471,358.9526,-1
256.8965,2.404945,292.3043,357.6791,54.57228,0.3489373,-1
256.8779,1.029751,292.3304,0,330,0,enter0
