*Subject
14
*Layout
7
*Condition
False,True,False
*Marks
258.0142,0,266.6694
198.0285,0,265.4215
166.9562,0,316.7475
*Path
x,y,z,flag
214.9565,2.405711,301.8164,356.4046,260.0021,359.8747,-1
214.9573,2.406589,301.8166,357.7446,261.478,1.448899,-1
214.9613,2.406631,301.8169,2.564737,268.8202,1.525746,-1
214.9682,2.405805,301.8163,4.068439,281.1537,0.04350054,-1
214.9736,2.406163,301.8148,11.31747,291.3308,0.6989346,-1
214.9801,2.405311,301.8113,9.922525,304.2256,359.1461,-1
214.9826,2.407168,301.8094,3.026089,310.2542,2.489516,-1
214.9813,2.405515,301.8105,0.883955,306.9312,359.5248,-1
214.9821,2.404949,301.8099,1.842405,308.739,358.5096,-1
214.9816,2.405938,301.8103,0.2102027,307.5779,0.2815251,-1
214.9845,2.406427,301.8077,352.1296,314.3867,1.168756,-1
214.9836,2.406032,301.8086,351.1768,312.1865,0.4561305,-1
214.9821,2.40634,301.8098,350.8297,308.7169,1.01471,-1
214.9808,2.405998,301.8109,352.0378,305.8753,0.3923701,-1
214.9797,2.40647,301.8116,357.8151,303.4323,1.235447,-1
214.9808,2.406406,301.8109,356.7549,305.8051,1.121387,-1
214.9801,2.406954,301.8113,356.1489,304.1618,2.106491,-1
214.9815,2.407904,301.8103,356.7798,307.2644,3.811843,-1
214.9813,2.408932,301.8103,356.7865,306.9573,5.661507,-1
214.9814,2.407854,301.8103,353.8678,306.9811,3.736244,-1
214.9812,2.407557,301.8105,354.217,306.6121,3.199888,-1
214.9808,2.407403,301.8108,355.3575,305.6722,2.915337,-1
214.9805,2.406929,301.811,355.5165,305.2101,2.063852,-1
214.9804,2.407112,301.8111,355.6252,304.8838,2.391066,-1
214.9803,2.407101,301.8112,356.0196,304.7819,2.370716,-1
214.9802,2.406997,301.8112,356.5281,304.5168,2.182071,-1
214.9803,2.407109,301.8112,357.6608,304.8255,2.38236,-1
214.9808,2.406661,301.8109,1.851646,305.9783,1.577571,-1
214.9766,2.408283,301.8133,7.603612,297.693,4.524664,-1
214.9778,2.406868,301.8127,14.4603,300.1052,2.012018,-1
214.9831,2.405317,301.809,16.61716,310.9655,359.134,-1
214.9828,2.406708,301.8092,17.95597,311.124,1.746096,-1
214.9821,2.406221,301.8099,22.1685,309.0544,0.8520376,-1
214.9825,2.405021,301.8095,26.73619,309.1498,358.4782,-1
214.9834,2.404764,301.8087,31.2388,310.8507,357.8701,-1
214.9834,2.406466,301.8087,31.67328,312.6374,1.441406,-1
214.9832,2.40799,301.8088,33.57006,314.1518,4.753543,-1
214.9836,2.406228,301.8086,37.11873,312.9904,1.004867,-1
214.9829,2.405843,301.8092,41.90931,310.8477,0.1509645,-1
214.9832,2.405766,301.809,41.26985,311.2623,359.965,-1
214.9825,2.40533,301.8095,35.80353,309.2355,359.0058,-1
214.9823,2.404739,301.8096,35.10747,308.1011,357.7208,-1
214.9825,2.40456,301.8095,30.49002,308.3911,357.4628,-1
214.9825,2.40449,301.8095,23.29185,308.8308,357.4844,-1
214.982,2.403966,301.8099,14.26248,307.8442,356.6461,-1
214.9808,2.404423,301.8108,11.61907,305.5084,357.517,-1
214.9809,2.402963,301.8106,19.8009,304.5282,354.6302,-1
214.9803,2.399674,301.8105,22.14015,300.938,348.1107,-1
214.9839,2.399975,301.8076,26.32049,308.6464,348.322,-1
214.9826,2.399071,301.8085,22.87111,305.8474,346.8456,-1
214.9818,2.394994,301.8077,23.77867,301.8813,338.3864,-1
214.983,2.395451,301.8068,30.18371,302.4383,338.0722,-1
214.9794,2.407071,301.8118,24.52298,303.8514,2.540601,-1
214.9816,2.407097,301.8102,14.40419,308.318,2.435179,-1
214.988,2.409231,301.8034,28.79707,327.9919,7.067,-1
214.9906,2.410679,301.7986,22.8338,338.1831,9.560884,-1
214.9929,2.406742,301.7932,24.20002,345.7937,1.888019,-1
214.9933,2.407857,301.7785,37.91494,14.47635,4.719321,-1
214.9904,2.402848,301.7703,47.34349,21.57178,352.2265,-1
214.9924,2.407598,301.7749,37.10934,20.72146,4.083263,-1
214.9918,2.406994,301.7733,38.91406,23.18344,2.793229,-1
214.9925,2.407169,301.7752,42.04483,19.91887,3.349146,-1
214.9923,2.405368,301.7745,45.21357,18.23956,358.9515,-1
214.9929,2.40394,301.7767,50.56075,10.99441,354.8067,-1
214.9901,2.404185,301.7697,47.49794,25.33512,355.7689,-1
214.9924,2.404895,301.7749,28.27859,17.44752,358.1999,-1
214.9916,2.404808,301.7727,28.12353,21.47547,358.026,-1
214.9916,2.405058,301.7726,28.13355,21.90257,358.5342,-1
214.9917,2.40492,301.7731,29.5817,20.86667,358.2272,-1
214.9917,2.405005,301.7729,28.12393,21.32554,358.4243,-1
214.9917,2.404845,301.7729,28.97112,21.09632,358.0846,-1
214.9918,2.404986,301.7732,28.64337,20.70396,358.3799,-1
214.9917,2.405002,301.7729,28.42909,21.42324,358.4144,-1
214.9917,2.404989,301.773,28.85536,21.10128,358.3824,-1
214.9917,2.405005,301.7729,28.58198,21.27997,358.4185,-1
214.9917,2.405039,301.773,28.68717,21.21943,358.4868,-1
214.9917,2.405042,301.773,28.6892,21.1933,358.4916,-1
214.9917,2.405051,301.773,28.64837,21.13702,358.5118,-1
214.9917,2.405057,301.773,28.7621,21.13213,358.5233,-1
214.9917,2.405068,301.773,28.70431,21.1356,358.5458,-1
214.9917,2.405069,301.773,28.73095,21.12468,358.5466,-1
214.9917,2.405077,301.773,28.76852,21.10635,358.5621,-1
214.9917,2.405099,301.7731,28.75162,21.12391,358.6089,-1
214.9917,2.405125,301.773,28.78356,21.15099,358.6604,-1
214.9917,2.405164,301.773,28.78961,21.19895,358.7401,-1
214.9917,2.405194,301.773,28.76102,21.24164,358.8013,-1
214.9917,2.405227,301.773,28.80916,21.28021,358.8693,-1
214.9917,2.405253,301.773,28.79444,21.31823,358.9235,-1
214.9917,2.40527,301.773,28.77855,21.33385,358.9569,-1
214.9917,2.405293,301.773,28.77989,21.36132,359.0028,-1
214.9917,2.405315,301.773,28.77995,21.3842,359.0492,-1
214.9917,2.405328,301.773,28.81478,21.39902,359.0743,-1
214.9917,2.405354,301.773,28.82927,21.42206,359.1292,-1
214.9917,2.405385,301.773,28.9564,21.43939,359.1898,-1
214.9917,2.405392,301.773,29.06164,21.46967,359.2045,-1
214.9917,2.405405,301.773,28.90257,21.42791,359.2325,-1
214.9917,2.405443,301.773,28.79537,21.48227,359.3103,-1
214.9917,2.405438,301.773,28.8727,21.4866,359.2997,-1
214.9917,2.405445,301.773,28.88487,21.46909,359.3132,-1
214.9917,2.405451,301.7731,28.85942,21.46503,359.3254,-1
214.9917,2.405449,301.773,28.81334,21.48299,359.3222,-1
214.9917,2.405429,301.773,28.79414,21.56081,359.2829,-1
214.9917,2.40549,301.773,28.7557,21.56633,359.4066,-1
214.9917,2.405402,301.773,28.77573,21.51477,359.2271,-1
214.9917,2.405436,301.773,28.76477,21.57085,359.2962,-1
214.9917,2.405453,301.773,28.69992,21.55335,359.3308,-1
214.9918,2.405568,301.7731,28.90311,21.44817,359.5647,-1
214.9918,2.405551,301.7731,29.12735,21.49673,359.5306,-1
214.9918,2.405546,301.7731,29.03535,21.51677,359.5194,-1
214.9918,2.405625,301.7732,29.12943,21.43883,359.6814,-1
214.9917,2.405486,301.7731,28.46943,21.50363,359.4006,-1
214.9917,2.405432,301.7729,28.65809,21.75977,359.2888,-1
214.9917,2.40544,301.7729,28.47171,21.73209,359.3071,-1
214.9917,2.405472,301.773,28.58941,21.6112,359.3712,-1
214.9917,2.405499,301.7729,28.38008,21.79962,359.4263,-1
214.9917,2.405468,301.773,28.4341,21.63772,359.3639,-1
214.9917,2.4054,301.7729,28.27933,21.74796,359.2274,-1
214.9917,2.405453,301.7729,28.1699,21.77646,359.3355,-1
214.9917,2.405452,301.7729,28.22259,21.78025,359.333,-1
214.9917,2.405443,301.7729,28.18858,21.77314,359.3141,-1
214.9917,2.405454,301.7729,28.18197,21.79511,359.3361,-1
214.9917,2.405442,301.7729,28.1957,21.77651,359.3134,-1
214.9917,2.405446,301.7729,28.19749,21.77484,359.32,-1
214.9917,2.405448,301.7729,28.18246,21.77818,359.3239,-1
214.9917,2.405444,301.7729,28.20491,21.76867,359.3162,-1
214.9917,2.405438,301.7729,28.21935,21.76776,359.3039,-1
214.9917,2.405436,301.7729,28.21128,21.77648,359.3008,-1
214.9917,2.405431,301.7729,28.26158,21.77484,359.2901,-1
214.9917,2.405431,301.7729,28.26832,21.78103,359.2905,-1
214.9917,2.405435,301.7729,28.26021,21.79313,359.2978,-1
214.9917,2.405433,301.7729,28.30218,21.79658,359.2939,-1
214.9917,2.405438,301.7729,28.2925,21.80733,359.3033,-1
214.9917,2.405442,301.7729,28.28613,21.81212,359.3125,-1
214.9917,2.405445,301.7729,28.31302,21.81814,359.3182,-1
214.9917,2.405446,301.7729,28.28669,21.8168,359.3206,-1
214.9917,2.405447,301.7729,28.28813,21.81613,359.3217,-1
214.9917,2.40545,301.7729,28.31916,21.81888,359.3287,-1
214.9917,2.40545,301.7729,28.29267,21.81578,359.3275,-1
214.9917,2.405449,301.7729,28.31752,21.81338,359.3253,-1
214.9917,2.405449,301.7729,28.31368,21.8164,359.3267,-1
214.9917,2.405451,301.7729,28.28513,21.82322,359.3292,-1
214.9917,2.405449,301.7729,28.31861,21.81433,359.3256,-1
214.9917,2.405449,301.7729,28.29746,21.81159,359.3265,-1
214.9917,2.405449,301.7729,28.30062,21.81524,359.3264,-1
214.9917,2.405448,301.7729,28.30692,21.81625,359.3244,-1
214.9917,2.405449,301.7729,28.29021,21.81989,359.3259,-1
214.9917,2.405449,301.7729,28.2946,21.81925,359.3263,-1
214.9917,2.405447,301.7729,28.30918,21.81181,359.3232,-1
214.9917,2.405452,301.7729,28.29523,21.80988,359.3326,-1
214.9917,2.405455,301.7729,28.31443,21.81722,359.3388,-1
214.9917,2.405456,301.7729,28.30575,21.81891,359.3405,-1
214.9917,2.405457,301.7729,28.28858,21.81153,359.3418,-1
214.9917,2.405457,301.7729,28.2947,21.80654,359.3424,-1
214.9917,2.405454,301.7729,28.30161,21.80348,359.337,-1
214.9917,2.40546,301.7729,28.29453,21.80838,359.3488,-1
214.9917,2.405457,301.7729,28.29822,21.80028,359.3417,-1
214.9917,2.405453,301.7729,28.29547,21.79458,359.3336,-1
214.9917,2.405454,301.7729,28.28202,21.79658,359.3366,-1
214.9916,2.405454,301.7728,28.30156,21.99558,359.3366,-1
214.9916,2.405452,301.7727,28.30482,22.19627,359.3311,-1
214.9916,2.405457,301.7727,28.26777,22.20699,359.3435,-1
214.9916,2.405621,301.7727,28.7822,22.289,359.6733,-1
214.9916,2.405562,301.7728,28.69848,22.09125,359.5539,-1
214.9916,2.405527,301.7727,28.63878,22.17077,359.4834,-1
214.9915,2.405476,301.7726,28.48148,22.4466,359.3793,-1
214.9915,2.405469,301.7724,28.34545,22.70337,359.3662,-1
214.9914,2.405464,301.7723,28.46357,22.91786,359.3551,-1
214.9913,2.405413,301.7721,28.45064,23.33284,359.2523,-1
214.9913,2.4055,301.772,28.47095,23.48541,359.4292,-1
214.9913,2.405476,301.7719,28.30083,23.7095,359.3811,-1
214.9912,2.405479,301.7718,28.31718,23.93636,359.387,-1
214.9912,2.405465,301.7717,28.33057,24.16966,359.3584,-1
214.9911,2.405486,301.7716,28.28937,24.38657,359.4017,-1
214.9911,2.405471,301.7715,28.3919,24.61046,359.3701,-1
214.991,2.405472,301.7714,28.27747,24.71785,359.3719,-1
214.991,2.405468,301.7713,28.32458,24.85626,359.3637,-1
214.991,2.405455,301.7712,28.36286,25.03923,359.3375,-1
214.9909,2.405452,301.7711,28.29395,25.22729,359.3324,-1
214.9909,2.405456,301.771,28.34077,25.43675,359.3389,-1
214.9908,2.405449,301.7709,28.33013,25.63047,359.3259,-1
214.9908,2.405448,301.7708,28.31569,25.82404,359.324,-1
214.9907,2.405445,301.7708,28.35934,26.0151,359.3174,-1
214.9907,2.405443,301.7706,28.33277,26.20898,359.313,-1
214.9906,2.40545,301.7705,28.32723,26.40978,359.3276,-1
214.9906,2.405448,301.7704,28.38215,26.58835,359.3237,-1
214.9905,2.405435,301.7704,28.34594,26.76293,359.2976,-1
214.9905,2.405459,301.7703,28.35783,26.97089,359.3455,-1
214.9904,2.405442,301.7702,28.36494,27.14981,359.3123,-1
214.9904,2.405454,301.7701,28.31701,27.3622,359.3364,-1
214.9903,2.405452,301.77,28.3674,27.54247,359.3324,-1
214.9903,2.405456,301.7699,28.33783,27.72905,359.3395,-1
214.9902,2.405465,301.7698,28.3306,27.9181,359.3592,-1
214.9902,2.405471,301.7697,28.31215,28.10223,359.3719,-1
214.9901,2.405491,301.7696,28.35253,28.31296,359.4119,-1
214.9901,2.405503,301.7695,28.51093,28.48619,359.435,-1
214.99,2.405519,301.7695,28.61357,28.67162,359.4667,-1
214.99,2.405486,301.7694,28.50146,28.7633,359.399,-1
214.99,2.405501,301.7693,28.48369,28.96914,359.4301,-1
214.9899,2.405516,301.7692,28.45497,29.16156,359.4605,-1
214.9899,2.405493,301.7691,28.42611,29.30433,359.4155,-1
214.9898,2.405512,301.7691,28.44391,29.4568,359.4535,-1
214.9898,2.405486,301.769,28.42572,29.64582,359.3999,-1
214.9897,2.405482,301.7689,28.4413,29.80348,359.392,-1
214.9897,2.405478,301.7688,28.43358,29.97686,359.3834,-1
214.9896,2.405478,301.7687,28.43326,30.13501,359.3831,-1
214.9896,2.405469,301.7686,28.44138,30.28846,359.3662,-1
214.9895,2.405475,301.7686,28.40038,30.46781,359.3777,-1
214.9895,2.405476,301.7685,28.40965,30.62481,359.3795,-1
214.9894,2.405468,301.7684,28.43972,30.7865,359.3636,-1
214.9894,2.405484,301.7683,28.41,30.96369,359.3963,-1
214.9893,2.405476,301.7682,28.42833,31.11613,359.3792,-1
214.9893,2.405471,301.7682,28.45574,31.28134,359.3701,-1
214.9893,2.405478,301.7681,28.41226,31.43634,359.384,-1
214.9892,2.405484,301.768,28.45461,31.60703,359.3954,-1
214.9892,2.405495,301.7679,28.48261,31.7745,359.419,-1
214.9891,2.405494,301.7679,28.44447,31.92754,359.4172,-1
214.9891,2.405497,301.7678,28.47953,32.07213,359.4223,-1
214.989,2.405507,301.7677,28.483,32.2381,359.443,-1
214.989,2.405507,301.7677,28.45144,32.39126,359.4426,-1
214.9889,2.405491,301.7676,28.49119,32.52017,359.4103,-1
214.9889,2.405508,301.7675,28.48904,32.69463,359.4445,-1
214.9888,2.40551,301.7675,28.47054,32.83467,359.4504,-1
214.9888,2.405507,301.7674,28.50173,32.9819,359.4425,-1
214.9888,2.405508,301.7673,28.51026,33.12796,359.4445,-1
214.9887,2.405518,301.7673,28.5062,33.27548,359.4645,-1
214.9887,2.405503,301.7672,28.52204,33.3953,359.4339,-1
214.9886,2.405485,301.7671,28.55893,33.53445,359.3972,-1
214.9886,2.405512,301.7671,28.5661,33.69862,359.4521,-1
214.9886,2.405511,301.767,28.51457,33.7735,359.4513,-1
214.9885,2.405499,301.767,28.50998,33.89216,359.4252,-1
214.9885,2.405494,301.7669,28.5557,34.03753,359.4167,-1
214.9884,2.405505,301.7668,28.53601,34.17822,359.4384,-1
214.9884,2.405488,301.7668,28.53403,34.27084,359.404,-1
214.9883,2.405499,301.7667,28.55349,34.44761,359.4253,-1
214.9883,2.405493,301.7666,28.52466,34.57726,359.4149,-1
214.9883,2.405512,301.7666,28.49504,34.70559,359.4532,-1
214.9882,2.405488,301.7665,28.49279,34.86082,359.4046,-1
214.9882,2.405464,301.7664,28.50162,34.96691,359.3548,-1
214.9881,2.405487,301.7664,28.52749,35.1135,359.4021,-1
214.9881,2.405452,301.7664,28.49639,35.19162,359.3316,-1
214.988,2.405472,301.7663,28.51186,35.34768,359.3721,-1
214.988,2.405492,301.7662,28.51413,35.46468,359.4122,-1
214.988,2.405468,301.7662,28.49923,35.55046,359.3621,-1
214.9879,2.405491,301.7661,28.50421,35.70346,359.4097,-1
214.9879,2.405481,301.7661,28.48279,35.81886,359.3893,-1
214.9879,2.405488,301.766,28.49915,35.93934,359.4033,-1
214.9878,2.405509,301.766,28.4899,36.06939,359.4471,-1
214.9878,2.405511,301.7659,28.4816,36.1819,359.4519,-1
214.9877,2.405512,301.7659,28.48878,36.27791,359.4525,-1
214.9877,2.40551,301.7658,28.49589,36.4031,359.4489,-1
214.9877,2.405536,301.7658,28.52683,36.51454,359.5011,-1
214.9876,2.405536,301.7657,28.50312,36.6099,359.5016,-1
214.9876,2.405478,301.7657,28.5966,36.75303,359.3826,-1
214.9876,2.405566,301.7657,28.59396,36.71702,359.5637,-1
214.9875,2.405556,301.7656,27.83915,36.91571,359.5453,-1
214.9873,2.405384,301.7653,28.28951,37.4595,359.1939,-1
214.9874,2.405397,301.7654,28.03997,37.27795,359.2233,-1
214.9874,2.40547,301.7654,27.90857,37.3113,359.3711,-1
214.9872,2.405364,301.7652,28.14887,37.61501,359.1547,-1
214.9872,2.405388,301.7652,27.92949,37.67088,359.205,-1
214.9872,2.405418,301.7652,28.01465,37.72819,359.2646,-1
214.9872,2.405399,301.7651,28.0629,37.85073,359.2249,-1
214.9871,2.405402,301.7651,27.97498,37.94945,359.2334,-1
214.9871,2.405406,301.7651,28.02013,38.0393,359.2393,-1
214.9871,2.4054,301.765,28.03883,38.12104,359.2287,-1
214.9871,2.405412,301.765,27.98195,38.22149,359.2534,-1
214.987,2.40541,301.765,28.03994,38.29433,359.2486,-1
214.987,2.405409,301.7649,28.02538,38.37965,359.2459,-1
214.987,2.405417,301.7649,28.01044,38.46722,359.2625,-1
214.9869,2.405407,301.7648,28.07719,38.53539,359.2428,-1
214.9869,2.405423,301.7648,28.0033,38.61694,359.2749,-1
214.9869,2.405406,301.7648,28.12872,38.69504,359.2401,-1
214.9869,2.405412,301.7647,28.09149,38.76226,359.2516,-1
214.9868,2.405402,301.7647,28.07096,38.82414,359.2314,-1
214.9868,2.405404,301.7647,28.17373,38.90174,359.2352,-1
214.9868,2.405413,301.7646,28.10434,38.99058,359.2541,-1
214.9868,2.405416,301.7646,28.13735,39.07322,359.2606,-1
214.9867,2.405413,301.7646,28.13568,39.12776,359.2546,-1
214.9867,2.405408,301.7646,28.08552,39.18798,359.2437,-1
214.9867,2.405405,301.7645,28.14629,39.25917,359.2382,-1
214.9866,2.405401,301.7645,28.11564,39.33427,359.2289,-1
214.9866,2.405401,301.7645,28.06776,39.40263,359.229,-1
214.9866,2.405396,301.7644,28.12373,39.45191,359.2184,-1
214.9866,2.405394,301.7644,28.09795,39.51436,359.2148,-1
214.9866,2.405396,301.7644,28.06883,39.58014,359.2201,-1
214.9865,2.405396,301.7644,28.11473,39.63244,359.2206,-1
214.9865,2.405398,301.7643,28.08218,39.69438,359.2248,-1
214.9865,2.405398,301.7643,28.07848,39.74934,359.2246,-1
214.9865,2.405399,301.7643,28.11223,39.80207,359.2254,-1
214.9865,2.405407,301.7643,28.0724,39.86057,359.2426,-1
214.9865,2.405409,301.7643,28.07965,39.91486,359.247,-1
214.9864,2.405411,301.7642,28.0962,39.96059,359.2498,-1
214.9864,2.40541,301.7642,28.05563,39.99683,359.2486,-1
214.9864,2.40541,301.7642,28.05562,39.99682,359.2486,-1
214.9864,2.40541,301.7642,28.05562,39.99682,359.2486,-1
214.9864,2.405411,301.7642,28.01868,40.0584,359.2512,-1
214.9864,2.405413,301.7642,28.04744,40.10536,359.2542,-1
214.9864,2.405415,301.7642,28.0454,40.14778,359.2582,-1
214.9864,2.405416,301.7641,28.02488,40.19069,359.2608,-1
214.9863,2.405417,301.7641,28.04464,40.23254,359.264,-1
214.9863,2.405419,301.7641,28.0498,40.28184,359.2664,-1
214.9863,2.405422,301.7641,28.03694,40.31846,359.2729,-1
214.9863,2.405421,301.7641,28.04269,40.34805,359.2708,-1
214.9863,2.405425,301.7641,28.05137,40.39437,359.2794,-1
214.9863,2.405429,301.764,28.04164,40.42785,359.2875,-1
214.9863,2.40543,301.764,28.04688,40.46394,359.2893,-1
214.9863,2.405434,301.764,28.05377,40.50574,359.2967,-1
214.9862,2.405435,301.764,28.05149,40.53149,359.298,-1
214.9862,2.405433,301.764,28.0484,40.55994,359.296,-1
214.9862,2.405437,301.764,28.05264,40.58874,359.3019,-1
214.9862,2.405434,301.764,28.03834,40.6071,359.2978,-1
214.9862,2.405435,301.7639,28.04399,40.63177,359.2991,-1
214.9862,2.405439,301.7639,28.05375,40.65939,359.3081,-1
214.9862,2.405434,301.7639,28.04008,40.67912,359.2973,-1
214.9862,2.405435,301.7639,28.04655,40.70156,359.2981,-1
214.9862,2.405436,301.7639,28.05595,40.72997,359.3001,-1
214.9862,2.405436,301.7639,28.03829,40.75536,359.3009,-1
214.9861,2.405437,301.7639,28.0431,40.78117,359.304,-1
214.9861,2.405437,301.7639,28.03687,40.79262,359.3038,-1
214.9861,2.405437,301.7639,28.05153,40.80711,359.3035,-1
214.9861,2.405437,301.7639,28.05461,40.82342,359.3043,-1
214.9861,2.40544,301.7639,28.04762,40.83955,359.3084,-1
214.9861,2.405438,301.7639,28.06474,40.84668,359.3051,-1
214.9861,2.405441,301.7639,28.06304,40.86481,359.3107,-1
214.9861,2.405436,301.7639,28.0677,40.86489,359.3013,-1
214.9861,2.405434,301.7639,28.0519,40.87128,359.2978,-1
214.9861,2.405432,301.7639,28.04209,40.88245,359.2923,-1
214.9861,2.405428,301.7639,28.04458,40.87952,359.2863,-1
214.9861,2.405428,301.7639,28.03313,40.87714,359.2848,-1
214.9861,2.405426,301.7639,28.02601,40.87539,359.2815,-1
214.9861,2.405432,301.7639,28.03209,40.87985,359.2937,-1
214.9861,2.405418,301.7639,28.0372,40.87376,359.2661,-1
214.9861,2.405432,301.7639,28.02401,40.88675,359.294,-1
214.9861,2.405435,301.7639,27.97408,40.87318,359.2985,-1
214.9861,2.405451,301.7638,28.32552,40.93494,359.331,-1
214.9866,2.405912,301.7644,29.12304,40.00506,0.2696115,-1
214.9863,2.40554,301.764,28.02224,40.59306,359.5125,-1
214.9869,2.405868,301.7648,30.72762,39.13301,0.1811359,-1
214.9857,2.404481,301.7634,37.78596,40.5416,357.0552,-1
214.9929,2.403263,301.7769,30.58851,11.94725,354.7565,-1
214.994,2.40687,301.7842,31.61818,2.571699,2.292192,-1
214.9928,2.4051,301.7939,44.71191,342.5471,358.2867,-1
214.9854,2.410936,301.8062,19.9048,321.008,9.866473,-1
214.9799,2.405515,301.8115,27.66849,303.7092,359.4632,-1
214.9885,2.402888,301.8027,66.51155,314.138,346.8913,-1
214.9854,2.40581,301.8068,90,317.0045,0,-1
214.988,2.397903,301.8019,44.23481,312.5934,339.904,-1
214.9886,2.392451,301.7968,18.42381,327.1313,333.9556,-1
214.9918,2.400248,301.7953,352.4453,342.1033,349.9562,-1
214.9922,2.400979,301.7946,335.5843,346.1765,350.5143,-1
214.9928,2.400983,301.7925,331.1968,351.0107,350.1487,-1
214.9931,2.40121,301.7911,340.1448,351.766,351.2658,-1
214.9931,2.400841,301.7906,347.9271,351.4935,350.9188,-1
214.9931,2.402667,301.7919,352.9023,348.0944,354.3723,-1
214.993,2.403917,301.7927,7.6784,345.5451,356.6311,-1
214.9929,2.404074,301.7932,16.6245,344.174,356.809,-1
214.9928,2.403455,301.7935,18.35517,343.1451,355.6083,-1
214.9928,2.404495,301.7936,12.6709,343.7421,357.64,-1
214.9924,2.406117,301.795,13.08727,341.7769,0.6182476,-1
214.9922,2.406271,301.7957,15.91685,340.6335,0.912169,-1
214.9919,2.406314,301.7965,15.45198,339.0287,0.9919711,-1
214.9918,2.405838,301.7968,15.12704,338.3056,0.106018,-1
214.9916,2.406077,301.7971,20.91132,337.8404,0.568642,-1
214.9912,2.406749,301.798,25.20189,336.7207,1.917294,-1
214.9916,2.407948,301.797,7.239864,338.2231,3.915468,-1
214.9915,2.40817,301.7973,4.768797,337.5394,4.297978,-1
214.9919,2.407454,301.7962,4.071791,339.4781,3.004299,-1
214.9924,2.407415,301.7949,1.697371,341.9141,2.928966,-1
214.9928,2.406254,301.7936,358.9222,344.2161,0.8486465,-1
214.9929,2.405852,301.7935,359.2793,344.5107,0.1287815,-1
214.9928,2.40577,301.7939,0.4513729,343.8046,359.9811,-1
214.9928,2.405353,301.7937,0.750509,344.0486,359.2351,-1
214.9925,2.405185,301.7947,1.279467,342.1141,358.9343,-1
214.9924,2.40471,301.795,2.688242,341.6567,358.0805,-1
214.9922,2.404623,301.7957,4.869437,340.1895,357.919,-1
214.992,2.404649,301.7961,5.919337,339.2853,357.9631,-1
214.9922,2.404639,301.7956,7.736704,340.2122,357.937,-1
214.992,2.40448,301.7961,10.776,339.121,357.6286,-1
214.992,2.404573,301.7961,15.22034,338.9197,357.7594,-1
214.9922,2.404552,301.7956,19.98247,339.6463,357.6596,-1
214.9922,2.404679,301.7955,21.37226,339.9866,357.8823,-1
214.9916,2.40247,301.7967,17.32675,336.388,353.7794,-1
214.9898,2.400633,301.7999,13.62721,329.4372,350.4732,-1
214.99,2.40276,301.8002,12.63318,330.1768,354.4485,-1
214.9903,2.402998,301.7997,13.95127,331.0579,354.8599,-1
214.9903,2.405916,301.8,16.31541,332.0589,0.2535883,-1
214.9909,2.404969,301.7987,14.89802,334.1205,358.4963,-1
214.9917,2.405587,301.7969,12.38893,338.0279,359.6457,-1
214.9918,2.405287,301.7967,12.60941,338.2899,359.094,-1
214.9927,2.404705,301.7939,10.10499,343.3336,358.0438,-1
214.9933,2.404464,301.7917,8.236922,347.452,357.617,-1
214.993,2.404097,301.7928,7.048408,345.3486,356.9613,-1
214.993,2.404524,301.7931,4.477721,345.0005,357.743,-1
214.9924,2.404574,301.795,3.539667,341.4127,357.835,-1
214.9915,2.404296,301.7973,1.162561,337.1874,357.3399,-1
214.9912,2.405401,301.798,358.3225,335.8531,359.3208,-1
214.9907,2.405282,301.7991,1.311619,333.6634,359.1065,-1
214.9911,2.404391,301.7983,3.492298,335.1518,357.5074,-1
214.9912,2.404547,301.798,2.485978,335.755,357.7883,-1
214.9913,2.404954,301.7979,0.6682092,336.0284,358.5194,-1
214.9912,2.405001,301.7981,0.9986356,335.7671,358.6045,-1
214.9914,2.405141,301.7975,0.8882206,336.7386,358.8547,-1
214.9916,2.405079,301.7971,1.366373,337.5089,358.7445,-1
214.9914,2.405488,301.7977,0.9452789,336.4016,359.476,-1
214.9912,2.405395,301.798,1.036053,335.8129,359.3094,-1
214.9912,2.405384,301.7982,0.8356136,335.5782,359.2906,-1
214.9912,2.404897,301.7982,0.3814559,335.5668,358.4181,-1
214.9909,2.405234,301.7987,358.9305,334.4984,359.0222,-1
214.991,2.404656,301.7986,359.8142,334.7021,357.9875,-1
214.9911,2.40542,301.7982,0.9587817,335.3851,359.3554,-1
214.9911,2.40515,301.7982,1.507383,335.4284,358.8712,-1
214.9911,2.40518,301.7982,1.850636,335.4377,358.9234,-1
214.9912,2.40524,301.7981,2.129134,335.6656,359.0312,-1
214.9912,2.405272,301.7982,2.196084,335.5269,359.09,-1
214.9912,2.405186,301.7982,2.35234,335.5244,358.9352,-1
214.9913,2.405256,301.7979,2.038358,336.169,359.06,-1
214.9912,2.405253,301.7982,359.5411,335.5757,359.056,-1
214.9911,2.405176,301.7983,359.3831,335.2732,358.9184,-1
214.9909,2.405401,301.7988,359.5118,334.3858,359.3209,-1
214.9908,2.405432,301.799,358.6774,333.9247,359.3757,-1
214.9907,2.405461,301.7992,359.0406,333.5517,359.4283,-1
214.9907,2.405459,301.7992,359.5968,333.6074,359.4238,-1
214.9907,2.405414,301.7992,359.6943,333.562,359.3434,-1
258.0428,2.401544,266.6836,359.7463,333.7464,359.3829,-1
258.0429,2.401507,266.6835,359.8685,333.8496,359.3164,-1
258.0428,2.40143,266.6838,0.297745,333.3446,359.1776,-1
258.0421,2.401242,266.685,1.779605,330.9193,358.8412,-1
258.0389,2.401854,266.6897,1.732206,320.6198,359.9365,-1
258.0323,2.40203,266.6958,1.213197,304.5552,0.2514769,-1
258.0244,2.402519,266.6997,1.386698,288.764,1.129328,-1
258.0191,2.402734,266.701,359.9341,278.8272,1.513837,-1
258.0113,2.40238,266.7013,359.8592,264.8211,0.8798191,-1
258.0049,2.402069,266.7001,359.0042,253.2952,0.322288,-1
258.0012,2.402527,266.6987,359.0808,246.1317,1.142146,-1
257.9926,2.403918,266.693,359.9467,227.5107,3.635076,-1
258.0142,1.026889,266.6694,0,0,0,exit0
257.9857,2.404217,266.6839,0.4821225,207.0443,4.171483,-1
257.9823,2.403534,266.6719,0.05442317,184.438,2.94624,-1
257.9828,2.402529,266.6629,0.2207564,168.2874,1.145311,-1
257.9862,2.403401,266.6539,359.1228,150.867,2.708137,-1
257.9889,2.402706,266.6498,357.0046,142.034,1.465078,-1
257.9893,2.402259,266.6493,354.3061,140.9953,0.6650403,-1
257.9883,2.402764,266.6505,348.2102,143.5239,1.600093,-1
257.9884,2.40267,266.6505,339.7754,143.1606,1.490094,-1
257.9856,2.401773,266.655,359.8774,153.2101,359.7931,-1
257.9829,2.401618,266.6626,359.8013,167.7362,359.514,-1
257.9832,2.401555,266.6776,356.9306,194.8703,359.4001,-1
257.9887,2.400887,266.6888,354.6798,217.4173,358.1987,-1
257.9999,2.399944,266.698,355.4477,243.8831,356.505,-1
258.0152,2.400316,266.7014,355.7878,272.0147,357.1756,-1
258.0266,2.399949,266.6988,355.7242,293.2696,356.5144,-1
258.0382,2.401049,266.6906,357.8828,318.7351,358.4949,-1
258.0358,2.401739,266.693,0.08209797,312.4691,359.7312,-1
258.0181,2.402494,266.7012,2.934503,277.1784,1.084189,-1
258.0116,2.402093,266.7013,2.075655,265.358,0.3654641,-1
258.0103,2.401928,266.7012,0.4052008,262.9852,0.06933565,-1
258.0113,2.401147,266.7013,2.68942,264.8275,358.6698,-1
258.0097,2.401143,266.7011,5.710168,261.9209,358.658,-1
257.6389,2.404963,266.6547,5.767271,264.6255,358.0177,-1
255.7911,2.40574,266.4866,7.419921,263.9191,358.5974,-1
253.3252,2.405567,266.2208,8.347061,263.641,358.2808,-1
250.8968,2.405912,265.9434,9.01226,262.9739,358.9026,-1
248.3185,2.406047,265.6265,9.666296,263.2436,359.1455,-1
245.7144,2.403033,265.3534,10.78235,266.2677,358.6351,-1
242.7807,2.405834,265.195,10.47755,267.6604,358.7567,-1
239.7002,2.405475,265.0899,11.08572,268.4731,358.0977,-1
236.5417,2.403004,264.9713,11.24114,266.3994,358.8024,-1
233.3331,2.399092,264.7361,11.39489,265.1214,359.3363,-1
229.9742,2.406213,264.4601,11.7141,265.3217,359.4448,-1
226.5052,2.405887,264.1812,11.78692,265.7509,358.8481,-1
222.9772,2.40555,263.9254,12.13762,266.1619,358.2284,-1
219.4632,2.405247,263.6996,12.10837,266.8143,357.6744,-1
216.0266,2.40512,263.5145,12.87035,267.6937,357.4341,-1
212.5726,2.405155,263.4016,12.28338,269.499,357.7313,-1
209.05,2.400905,263.3763,11.47987,270.2824,357.5579,-1
205.4636,2.405429,263.3895,12.30455,269.3061,358.0052,-1
202.9068,2.40519,263.3441,11.45963,268.9623,357.575,-1
202.3294,2.405363,263.3404,12.61486,271.896,357.882,-1
202.3164,2.404757,263.3406,12.65478,274.4462,356.7675,-1
202.1642,2.404355,263.3572,16.73443,276.6497,356.202,-1
200.011,2.401592,263.5903,15.69948,275.3403,356.0225,-1
197.5552,2.403372,263.8106,7.769623,274.968,354.3075,-1
197.4543,1.031517,263.7871,0,0,0,enter1
197.4559,2.40385,263.819,4.742418,274.6298,355.2033,-1
197.4557,2.403934,263.819,4.162807,274.6548,355.3573,-1
197.4606,2.40487,263.8182,3.06403,283.7007,357.045,-1
197.4635,2.405949,263.8174,2.976571,289.2873,358.9813,-1
197.4684,2.405848,263.8152,1.844864,298.8017,358.8005,-1
197.4759,2.405864,263.8095,0.4728459,315.7632,358.8311,-1
197.4798,2.405756,263.8046,0.4389517,327.0131,358.6366,-1
197.4806,2.405396,263.8033,359.4999,329.7332,357.9926,-1
197.4802,2.405412,263.804,359.2296,328.4123,358.0215,-1
197.4791,2.404964,263.8056,359.0176,324.953,357.2176,-1
197.4796,2.405313,263.8049,359.1383,326.4466,357.8435,-1
197.4801,2.405954,263.8042,0.2080337,327.9183,358.9912,-1
197.4529,1.031517,263.7872,0,0,0,exit1
197.4802,2.405457,263.8039,0.7411279,328.4546,358.1023,-1
197.4801,2.405699,263.804,2.966189,328.1425,358.5326,-1
197.4233,2.402743,263.8957,4.94375,328.629,358.5533,-1
196.367,2.403165,265.6198,7.044487,327.8244,358.6221,-1
194.676,2.405139,268.33,7.466229,328.1825,357.5107,-1
192.8978,2.405033,271.2065,3.899928,328.2031,357.3361,-1
191.9165,2.404836,272.8264,3.328309,332.1558,356.9841,-1
191.7724,2.405091,273.0945,2.653948,334.0822,357.4425,-1
191.4214,2.406383,272.9512,3.193813,332.6472,359.7603,-1
190.3081,2.407058,272.5882,3.789007,331.9475,0.9716067,-1
189.1661,2.407094,272.347,4.32044,329.788,1.036331,-1
189.0372,2.406122,272.4134,4.786764,330.8522,359.2902,-1
189.0363,2.405561,272.4149,5.192015,330.906,358.2821,-1
188.5997,2.396273,273.1829,7.852209,330.1129,358.0489,-1
187.024,2.405676,275.8801,10.01619,328.7213,358.47,-1
185.053,2.405494,279.1106,10.16286,328.4085,358.1384,-1
183.2757,2.399809,282.0015,10.33921,329.0357,357.7426,-1
181.6127,2.405081,284.8076,9.607876,329.8766,357.3916,-1
179.9387,2.404905,287.6933,8.796729,330.2397,357.0774,-1
178.295,2.40486,290.563,8.183187,330.3068,357.0022,-1
176.6914,2.404751,293.3867,7.904996,330.5074,356.8065,-1
175.0899,2.404069,296.2063,7.98175,330.2735,356.6726,-1
173.4581,2.404659,299.0503,7.948034,330.0409,356.6393,-1
171.8283,2.395174,301.8707,7.747375,329.9318,356.6931,-1
170.1845,2.404626,304.7096,7.835742,329.8767,356.6523,-1
168.5815,2.404706,307.4702,7.864031,329.8336,356.7235,-1
166.9489,2.404676,310.279,8.179763,330.0996,356.6689,-1
165.2965,2.405233,313.1687,8.207374,330.9423,357.6771,-1
164.0811,2.405231,315.3655,9.847337,331.9152,357.6615,-1
164.0622,2.404918,315.4001,5.106653,331.9144,357.1239,-1
164.0436,2.404389,315.4387,1.346372,335.681,357.92,-1
164.0296,2.400685,315.4734,1.033563,345.6964,358.4962,-1
163.9957,1.025097,315.4758,0,0,0,enter2
164.0273,2.400404,315.4799,1.619512,353.57,0.6777075,-1
164.0275,2.401598,315.4755,0.7470507,1.523907,2.817105,-1
164.0265,2.400371,315.4682,359.2563,14.61557,0.6189502,-1
164.0233,2.399762,315.4604,0.09494551,29.9276,359.5276,-1
164.0188,2.399208,315.4543,359.9337,43.53044,358.5363,-1
164.0126,2.397257,315.4494,357.5515,57.88062,355.0324,-1
164.0068,2.397491,315.4465,356.9076,69.63164,355.4494,-1
164.0045,2.398299,315.4456,355.6551,74.01841,356.8985,-1
164.0041,2.398935,315.4455,356.8925,74.69912,358.0434,-1
164.0057,2.398832,315.446,357.6603,71.67925,357.8604,-1
164.0042,2.398605,315.4456,357.8854,74.37872,357.4534,-1
163.9986,2.398326,315.4445,358.6351,84.62131,356.9553,-1
163.9956,1.025026,315.4763,0,0,0,exit2
163.9915,2.398552,315.4446,358.8858,97.31787,357.3595,-1
163.9886,2.399362,315.4451,359.9778,102.6429,358.8107,-1
163.991,2.399918,315.4446,0.9596305,98.12008,359.8067,-1
164.0025,2.400134,315.4451,1.125805,77.41344,0.193206,-1
164.0052,2.400237,315.4458,0.4478268,72.42023,0.377715,-1
163.9997,2.399428,315.4446,2.194999,82.58014,358.9298,-1
163.9981,2.399737,315.4444,2.783101,85.44454,359.4823,-1
164.2194,2.400935,315.471,4.959526,82.7795,359.6204,-1
167.0742,2.399918,315.8143,7.601097,83.49204,359.2509,-1
171.0126,2.405166,316.318,7.902604,82.91431,357.5576,-1
174.8574,2.402618,316.7608,7.239936,84.29591,357.4331,-1
178.6627,2.404725,317.1542,6.428794,84.10175,356.7699,-1
182.7639,2.402619,317.5584,6.298538,84.81783,356.5987,-1
186.7811,2.404592,317.9212,5.587702,85.00889,356.5339,-1
190.6934,2.404796,318.2591,5.460499,85.32389,356.9026,-1
194.6264,2.404864,318.5702,5.03234,85.80014,357.027,-1
198.4668,2.404938,318.8389,4.684835,86.18697,357.1624,-1
202.3168,2.40487,319.0935,4.511064,86.27227,357.0397,-1
206.3553,2.402149,319.3564,4.50728,86.2624,357.0815,-1
210.1798,2.401649,319.6031,4.019445,86.17766,357.3564,-1
214.0195,2.405194,319.8654,2.098009,85.65334,357.6291,-1
218.0007,2.405742,320.2195,354.4641,81.64451,358.606,-1
221.9173,2.406188,320.8127,353.7364,80.74274,359.4073,-1
225.4318,2.406768,321.4302,355.2177,77.20758,0.4516524,-1
227.3985,2.406871,321.9097,356.0178,72.3848,0.6358578,-1
228.3529,2.407115,322.2537,357.7057,60.75027,1.529404,-1
229.6976,2.407187,323.102,357.3455,53.47628,1.199648,-1
231.0999,2.406219,324.1686,357.8096,53.77129,359.4659,-1
232.4624,2.405912,325.1315,0.38793,55.56519,359.8138,-1
234.7165,2.406464,326.6931,1.179397,54.58386,359.9048,-1
237.2571,2.406446,328.4771,0.887798,55.61386,359.8727,-1
239.7088,2.406824,330.1889,1.150351,54.57154,0.550134,-1
242.1474,2.407055,331.9224,1.097645,54.37948,0.9628702,-1
244.5998,2.407465,333.6932,1.324203,53.64385,1.698689,-1
246.9244,2.40751,335.4174,1.684571,53.17662,1.779447,-1
249.1943,2.402903,337.1365,1.213317,52.45216,1.89496,-1
251.5703,2.407728,338.9734,1.613956,51.97041,2.169987,-1
253.7531,2.406141,340.6791,1.474968,51.97298,2.220937,-1
256.0389,2.407901,342.4678,1.279818,51.94854,2.478968,-1
258.0615,2.404043,344.0461,358.6701,53.24615,3.152933,-1
258.9974,2.408601,344.7271,354.4889,56.01637,5.083482,-1
259.838,2.407123,345.278,350.2478,58.96143,6.946254,-1
260.3952,2.409986,345.6131,350.8048,59.56522,6.303975,-1
260.7888,2.408823,345.8409,351.2587,59.4539,5.916414,-1
261.1346,2.409344,346.0566,353.6413,53.1593,5.127768,-1
261.4447,2.409316,346.2946,354.5238,51.51115,5.040765,-1
261.909,2.409624,346.6565,353.9525,52.60176,5.613132,-1
262.7745,2.405188,347.2933,353.5325,59.23104,4.824163,-1
263.5711,2.404713,347.6949,343.5529,71.76143,5.628673,-1
263.8521,1.031517,347.8242,0,0,0,enter0
