*Subject
9
*Layout
3
*Condition
True,True,False
*Marks
193.9004,0,329.2194
189.4734,0,269.3843
239.0795,0,235.6341
*Path
x,y,z,flag
263.9582,2.40638,324.5402,8.523349,319.1629,1.076084,-1
263.9536,2.407042,324.5445,9.577125,307.9449,2.282437,-1
263.9433,2.405038,324.5498,7.688817,286.6086,358.6492,-1
263.9224,2.404476,324.549,359.923,248.646,357.654,-1
263.9127,2.407027,324.543,2.346564,228.2395,2.225964,-1
263.915,2.405377,324.5449,5.144819,233.4477,359.2658,-1
263.9178,2.404449,324.5467,5.702971,239.2448,357.5939,-1
263.92,2.405697,324.5479,7.027785,243.8411,359.8405,-1
263.9187,2.40551,324.5472,7.663032,241.1945,359.5027,-1
263.92,2.405753,324.5479,6.564768,244.0714,359.9417,-1
263.94,2.407096,324.5506,5.645832,280.8965,2.358523,-1
263.946,2.405496,324.5489,8.745652,291.7645,359.4756,-1
263.9451,2.406092,324.5492,7.365581,290.3068,0.5542036,-1
263.9448,2.406315,324.5493,7.061266,289.7865,0.9559632,-1
263.9448,2.406317,324.5493,5.626952,289.6809,0.9571911,-1
263.9449,2.40609,324.5493,9.004472,289.9585,0.5527675,-1
263.945,2.406123,324.5492,8.897125,290.0681,0.6112826,-1
263.9449,2.406252,324.5493,9.189631,289.8933,0.8462353,-1
263.9449,2.406422,324.5493,10.07101,289.9691,1.156867,-1
263.945,2.406381,324.5492,10.36711,290.1811,1.083292,-1
263.9448,2.406373,324.5493,10.77262,289.8554,1.070559,-1
263.9449,2.406381,324.5493,10.81723,289.9271,1.085759,-1
263.9451,2.406476,324.5492,359.6672,290.1028,1.23602,-1
263.9444,2.405871,324.5494,11.00019,288.94,0.1563011,-1
263.9444,2.405683,324.5495,16.63613,288.7383,359.8077,-1
263.9451,2.405777,324.5492,16.90579,290.0957,359.9841,-1
263.9457,2.40596,324.549,16.09121,291.4114,0.3245954,-1
263.9456,2.406015,324.549,16.33859,291.3303,0.4285901,-1
263.9455,2.406083,324.549,16.57157,291.0925,0.5557983,-1
263.9454,2.406114,324.5491,16.67436,290.8575,0.6139545,-1
263.9451,2.406241,324.5492,17.16329,290.3869,0.8547949,-1
263.9453,2.406084,324.5491,17.56306,290.7187,0.5611449,-1
263.9455,2.405875,324.5491,17.40579,290.9596,0.1684742,-1
263.9455,2.405848,324.549,17.3176,291.0118,0.1162814,-1
263.9456,2.405848,324.549,17.59387,291.2324,0.1166226,-1
263.9451,2.406505,324.5492,17.8861,290.7133,1.353543,-1
263.9455,2.406761,324.549,18.07597,291.4914,1.837547,-1
263.9437,2.408862,324.5495,4.049795,288.0096,5.531331,-1
263.9409,2.409407,324.5502,4.861808,283.0033,6.521298,-1
263.9512,2.405839,324.5462,14.86009,302.3293,0.09897077,-1
263.95,2.402972,324.5468,35.76957,296.355,353.7784,-1
263.9493,2.401881,324.5471,39.80183,292.7249,350.862,-1
263.9489,2.401473,324.5472,35.78443,292.2424,350.4366,-1
263.9464,2.404133,324.5486,31.69851,290.9655,356.5205,-1
263.9443,2.403647,324.5494,32.62448,286.3305,355.4489,-1
263.9404,2.412208,324.5499,32.54706,289.1511,13.77475,-1
263.9447,2.412877,324.5485,46.11652,303.5506,18.6431,-1
263.948,2.404422,324.5479,53.25092,292.6403,355.9167,-1
263.9467,2.403967,324.5485,53.61046,288.9441,354.5027,-1
263.9466,2.404101,324.5486,43.98699,290.2571,355.8037,-1
263.9471,2.404796,324.5483,18.63621,293.5748,358.1295,-1
263.9482,2.40707,324.5479,358.1837,296.0917,2.301156,-1
263.9465,2.41129,324.5481,1.068005,293.3877,9.906244,-1
263.9449,2.410999,324.5488,18.41841,293.2545,9.887669,-1
263.9564,2.399666,324.5413,22.78866,310.6229,348.0283,-1
263.965,2.408241,324.5269,20.52607,347.5733,4.700296,-1
263.9634,2.40984,324.5071,19.93355,24.92728,7.746715,-1
263.9581,2.410781,324.4986,19.34483,43.75387,9.524567,-1
263.95,2.411076,324.4919,19.77731,63.15544,10.11916,-1
263.9418,2.409895,324.4884,25.24316,79.39264,8.161736,-1
263.9526,2.407873,324.4932,43.31918,57.91823,5.144584,-1
263.9464,2.40633,324.4897,61.12952,69.08537,2.017827,-1
263.9472,2.406349,324.49,65.99621,67.94598,2.479371,-1
263.9459,2.407465,324.4895,61.01075,73.7983,6.21834,-1
263.9419,2.405657,324.4881,64.23513,75.33327,359.4695,-1
263.9504,2.408894,324.4918,71.06602,75.69418,17.41986,-1
263.9454,2.403345,324.4893,77.85868,48.39256,338.7378,-1
263.9387,2.404259,324.4875,81.57883,62.79173,340.9946,-1
263.9384,2.405209,324.4875,87.31416,59.67553,337.3761,-1
263.9382,2.405219,324.4875,87.07919,62.1982,339.669,-1
263.9382,2.405219,324.4875,87.07919,62.1982,339.669,-1
263.9323,2.405754,324.4872,90,93.13864,0,-1
263.9244,2.406245,324.4886,90,107.5739,0,-1
263.9223,2.406111,324.4894,90,111.5137,0,-1
263.9177,2.4062,324.4917,90,120.7164,0,-1
263.918,2.406817,324.4915,90,120.1315,0,-1
263.918,2.407065,324.4915,87.33568,240.7756,120.6241,-1
263.918,2.407064,324.4915,87.43082,237.0042,116.9138,-1
263.9181,2.407144,324.4915,87.3493,233.3555,113.3461,-1
263.9181,2.407291,324.4915,87.10815,231.0475,111.1151,-1
263.9182,2.407449,324.4915,86.82997,229.7716,109.9167,-1
263.9182,2.407545,324.4914,86.67622,228.2859,108.5041,-1
263.9182,2.407648,324.4914,86.50195,227.1518,107.4487,-1
263.9183,2.407757,324.4914,86.31018,226.4053,106.7757,-1
263.9183,2.40782,324.4914,86.20946,225.4353,105.8764,-1
263.9183,2.407887,324.4914,86.10027,224.5794,105.088,-1
263.9184,2.407948,324.4913,85.99449,224.049,104.6335,-1
263.9184,2.408014,324.4913,85.87721,223.6923,104.3518,-1
263.9185,2.408071,324.4913,85.77808,223.2886,104.0175,-1
263.9185,2.408114,324.4913,85.70718,222.7521,103.5479,-1
263.9185,2.408158,324.4913,85.63184,222.3652,103.2288,-1
263.9186,2.408193,324.4913,85.57278,222.0376,102.9714,-1
263.9186,2.408237,324.4912,85.49185,221.9551,102.954,-1
263.9186,2.408282,324.4912,85.37636,223.5026,104.5392,-1
263.9186,2.408306,324.4912,85.2973,225.0672,106.1468,-1
263.9187,2.408373,324.4912,85.13241,226.5302,107.6537,-1
263.9187,2.408433,324.4912,84.97111,228.1344,109.302,-1
263.9187,2.408459,324.4912,84.88503,229.2016,110.4189,-1
263.9188,2.408506,324.4912,84.75335,230.3571,111.6176,-1
263.9188,2.408537,324.4912,84.65903,231.2128,112.5159,-1
263.9188,2.408574,324.4912,84.55432,231.9987,113.3306,-1
263.9188,2.408586,324.4911,84.51016,232.4411,113.8136,-1
263.9189,2.408611,324.4911,84.43148,233.099,114.5055,-1
263.9189,2.408658,324.4911,84.31487,233.6107,115.0448,-1
263.9189,2.408625,324.4911,84.34452,234.3024,115.7741,-1
263.9189,2.408642,324.4911,84.27502,234.99,116.497,-1
263.9189,2.408628,324.4911,84.28201,235.3915,116.9251,-1
263.9189,2.40863,324.4911,84.25916,235.7109,117.2775,-1
263.9189,2.408705,324.4911,84.1133,235.6015,117.1939,-1
263.919,2.408757,324.4911,83.99789,235.7472,117.3643,-1
263.919,2.408746,324.4911,83.99632,236.1422,117.784,-1
263.919,2.408689,324.4911,84.07735,236.7586,118.4262,-1
263.919,2.408684,324.4911,84.09004,236.6935,118.3903,-1
263.919,2.408702,324.4911,84.05123,236.71,118.4312,-1
263.919,2.408695,324.4911,84.06245,236.7351,118.4837,-1
263.919,2.408716,324.4911,84.01332,236.8179,118.5887,-1
263.9191,2.408722,324.4911,84.00096,236.7731,118.5725,-1
263.9191,2.408735,324.4911,83.97432,236.7815,118.5994,-1
263.9191,2.408736,324.491,83.96763,236.8261,118.6683,-1
263.9191,2.408735,324.491,83.96655,236.8594,118.7188,-1
263.9191,2.408734,324.491,83.96518,236.9058,118.784,-1
263.9191,2.408735,324.491,83.95541,237.0187,118.9147,-1
263.9191,2.408735,324.491,83.9536,237.0228,118.9404,-1
263.9191,2.408736,324.491,83.94971,237.0599,118.9868,-1
263.9191,2.408746,324.491,83.9304,237.0244,118.9666,-1
263.9191,2.408749,324.491,83.92894,236.9304,118.8864,-1
263.9191,2.408739,324.491,83.95023,236.9036,118.8714,-1
263.9192,2.408748,324.491,83.92133,237.0522,119.036,-1
263.9192,2.408736,324.491,83.94479,237.0652,119.0617,-1
263.9192,2.408727,324.491,83.95934,237.1136,119.1237,-1
263.9192,2.408774,324.491,83.87292,236.9362,118.9574,-1
263.9192,2.408796,324.491,83.83484,236.7878,118.8206,-1
263.9192,2.408754,324.491,83.90435,237.0737,119.1208,-1
263.9192,2.408716,324.491,83.95007,237.5916,119.6544,-1
263.9192,2.408711,324.491,83.9671,237.4683,119.5512,-1
263.919,2.409068,324.4911,83.20451,238.2139,119.8858,-1
263.9178,2.408258,324.4917,85.52237,202.5093,81.84836,-1
263.9238,2.399189,324.4896,77.8784,30.26698,280.9689,-1
263.9432,2.395724,324.4902,71.67226,341.601,269.1407,-1
263.9578,2.395334,324.5005,69.20364,283.7157,246.9154,-1
263.9615,2.404223,324.5028,85.14938,355.597,324.7449,-1
263.9631,2.407652,324.5059,79.13404,42.3498,18.02415,-1
263.9622,2.404853,324.504,81.8437,16.63892,348.1465,-1
263.9599,2.398096,324.502,49.44869,16.80438,338.3078,-1
263.9588,2.393734,324.5028,41.70609,12.23478,329.7056,-1
263.9605,2.394961,324.5048,45.15149,7.243679,331.3373,-1
263.962,2.398126,324.5056,48.87444,9.566428,338.6586,-1
263.9621,2.398418,324.5057,49.41262,9.665301,339.2762,-1
263.9624,2.399399,324.5058,50.31887,10.99504,341.7869,-1
263.9631,2.399921,324.5071,53.31466,8.051011,342.1359,-1
263.9641,2.400954,324.5092,59.12333,3.497733,342.8882,-1
263.9638,2.398435,324.51,55.96946,356.6614,335.7654,-1
263.9639,2.399427,324.5095,57.65171,359.3215,338.2016,-1
263.9646,2.400608,324.511,58.37866,359.465,342.0251,-1
263.9659,2.403113,324.5194,75.4978,340.5897,340.5185,-1
263.9659,2.404171,324.5221,86.20461,305.0733,310.3475,-1
263.9659,2.40384,324.5209,80.78693,334.8251,337.677,-1
263.964,2.39474,324.5213,69.37765,253.7297,258.5182,-1
263.9642,2.395473,324.5165,71.02035,266.7747,262.2522,-1
263.9639,2.394452,324.5173,68.28407,255.6231,253.1767,-1
263.9637,2.394548,324.5152,69.30025,270.6853,263.4776,-1
263.9651,2.40494,324.5268,86.80929,317.8419,331.6784,-1
263.9658,2.406532,324.5232,84.8639,7.752417,15.09948,-1
263.9656,2.404473,324.5244,84.13242,327.0787,336.3512,-1
263.965,2.397822,324.5211,73.44899,296.5235,299.118,-1
263.9653,2.40684,324.5261,71.77667,353.3195,6.048221,-1
263.965,2.407224,324.5273,74.28541,354.5596,9.551431,-1
263.9641,2.41269,324.5279,68.00571,16.99537,35.17994,-1
263.9646,2.411136,324.5271,66.80983,8.680059,25.12417,-1
263.9656,2.403959,324.5244,72.03501,340.3888,349.3366,-1
263.9657,2.403841,324.5233,74.63942,339.651,346.7351,-1
263.9658,2.403679,324.523,75.17407,338.6925,345.0921,-1
263.9658,2.404532,324.5229,75.97317,344.3223,350.699,-1
263.9652,2.413098,324.5187,41.92811,13.08922,17.88732,-1
263.9642,2.413136,324.5115,22.81405,19.88618,14.42939,-1
263.9637,2.415369,324.5121,26.20179,22.31258,19.49907,-1
263.9635,2.41647,324.5125,26.01412,22.65387,21.81009,-1
263.9636,2.417005,324.5143,28.37448,21.08303,23.48369,-1
263.9656,2.40144,324.5224,54.27062,343.1906,346.5527,-1
263.9655,2.399901,324.5211,50.33155,343.4065,343.259,-1
263.9641,2.395938,324.5144,65.09298,324.9051,313.0535,-1
263.9636,2.397061,324.5105,72.0441,257.3396,242.1698,-1
263.961,2.394918,324.5058,69.94865,304.7292,277.9081,-1
263.9619,2.398707,324.505,76.98794,285.9095,259.238,-1
263.963,2.397339,324.5084,74.53126,281.7565,261.7206,-1
263.9598,2.396013,324.5029,71.57983,317.9084,284.8838,-1
263.9621,2.396174,324.507,67.17704,334.9243,309.2526,-1
263.9636,2.397356,324.51,57.25546,352.0596,330.8549,-1
263.9653,2.400703,324.5147,46.39174,358.4344,346.688,-1
263.9648,2.398208,324.5142,40.75254,357.0409,341.7858,-1
263.9645,2.398034,324.5132,37.55835,0.01929554,342.2084,-1
263.9644,2.398931,324.5117,35.63968,4.852102,344.7181,-1
263.9646,2.398659,324.5129,33.57185,2.811136,344.4982,-1
263.9637,2.395336,324.5132,25.22754,2.029157,338.8407,-1
263.9624,2.391871,324.5139,14.42577,3.419019,333.3222,-1
263.9609,2.389234,324.5139,9.6947,5.165189,328.35,-1
263.9604,2.388438,324.5139,11.27815,3.836987,326.441,-1
263.9623,2.391659,324.5143,15.92708,1.622562,332.6718,-1
263.963,2.393062,324.514,19.34056,1.285658,335.0783,-1
263.9627,2.392644,324.5138,20.12655,1.125438,334.0632,-1
263.963,2.393162,324.5139,20.19903,1.179367,335.1447,-1
263.9633,2.393371,324.5153,21.89931,357.8564,335.2841,-1
263.9634,2.39388,324.5147,22.55984,359.0796,336.2422,-1
263.9634,2.393613,324.5154,21.92226,357.7864,335.7929,-1
263.9634,2.39339,324.516,22.39853,356.1439,335.2306,-1
263.9633,2.393131,324.5163,23.6127,354.7145,334.4311,-1
263.9634,2.393496,324.5162,27.03135,353.4609,334.4594,-1
263.9633,2.393314,324.5158,27.6719,353.672,333.8917,-1
263.9635,2.393741,324.5157,27.30446,354.5293,334.9383,-1
263.9636,2.393894,324.5159,27.25583,354.4252,335.2913,-1
263.9636,2.393954,324.5154,24.53943,356.7771,336.019,-1
263.9609,2.388398,324.5177,5.222934,359.6536,326.9338,-1
263.9608,2.388205,324.5189,353.372,5.045303,326.4207,-1
263.9611,2.388604,324.5189,347.4771,8.640679,326.6325,-1
263.9629,2.392639,324.5234,352.9252,354.806,335.5454,-1
263.963,2.394904,324.5275,354.4804,345.9138,340.024,-1
263.9635,2.39646,324.5275,352.4456,346.4518,342.9035,-1
263.9645,2.400322,324.5273,359.6802,345.0759,350.1698,-1
263.9649,2.401731,324.5267,16.54952,344.1112,352.405,-1
263.9645,2.402822,324.5285,12.30655,341.8676,354.5604,-1
263.9641,2.404407,324.53,14.03936,339.6203,357.4543,-1
263.964,2.405506,324.5305,18.27625,339.0255,359.4728,-1
263.9631,2.407133,324.5325,22.97045,336.2946,2.621285,-1
263.9631,2.407717,324.5325,26.30191,337.0585,3.861756,-1
263.9636,2.409105,324.5309,29.27206,341.6305,6.829368,-1
263.9637,2.40943,324.5306,30.00273,342.7649,7.556722,-1
263.9637,2.409259,324.5305,29.38891,342.5446,7.155897,-1
263.9632,2.407998,324.5322,30.6879,338.2189,4.61059,-1
263.963,2.40621,324.5327,25.46578,335.3333,0.8418214,-1
263.9632,2.406935,324.5324,18.93195,336.2709,2.175972,-1
263.9632,2.406953,324.5323,21.21347,336.6722,2.243249,-1
263.9638,2.406456,324.5309,21.96045,338.8786,1.294884,-1
263.9644,2.405704,324.5292,22.68438,341.6079,359.8422,-1
263.9642,2.405742,324.5298,22.84434,340.5185,359.9153,-1
263.9626,2.407351,324.5336,20.76501,334.2226,2.99853,-1
263.9626,2.407398,324.5335,13.50893,334.0206,2.971295,-1
263.962,2.406938,324.5346,12.12501,331.5514,2.11183,-1
263.9628,2.40645,324.5332,8.62732,334.0657,1.203638,-1
263.963,2.406201,324.5327,6.352486,335.0084,0.7481307,-1
263.963,2.406169,324.5327,6.712273,335.0577,0.6917729,-1
263.9631,2.406181,324.5325,7.786321,335.4749,0.7149531,-1
263.9631,2.40638,324.5326,8.477955,335.4329,1.077049,-1
263.9631,2.40638,324.5326,9.529483,335.4002,1.079583,-1
263.9632,2.406494,324.5324,11.23101,335.8217,1.293145,-1
263.9633,2.406509,324.5322,11.70874,336.1801,1.323432,-1
263.9634,2.406309,324.532,9.189551,336.556,0.9490479,-1
263.9634,2.405951,324.532,13.18804,336.4259,0.3046599,-1
263.9636,2.406198,324.5315,16.69142,337.4786,0.7716241,-1
263.9642,2.407577,324.5298,14.76463,341.4319,3.318439,-1
263.9644,2.40642,324.5294,13.29515,341.562,1.166829,-1
263.9645,2.40731,324.5287,17.46515,343.4025,2.861784,-1
263.9644,2.407145,324.5293,16.72468,342.3078,2.542366,-1
263.9643,2.406851,324.5295,18.32391,341.7874,2.009942,-1
263.9639,2.406629,324.5306,17.20548,339.5287,1.582006,-1
263.964,2.406613,324.5304,17.43957,339.8576,1.554393,-1
263.9645,2.406939,324.529,15.16348,342.6027,2.139408,-1
263.9642,2.407148,324.5298,16.70377,341.3728,2.548749,-1
263.9639,2.405717,324.5308,15.45441,338.7169,359.8731,-1
263.9633,2.405772,324.5321,11.73473,336.1606,359.9763,-1
263.9632,2.406239,324.5323,8.724692,335.7679,0.8212661,-1
263.9642,2.406488,324.5298,9.282259,340.9042,1.275178,-1
263.9655,2.406305,324.525,12.40149,349.6431,0.953065,-1
263.9659,2.406452,324.5216,13.33684,355.8683,1.22675,-1
263.9659,2.406853,324.5218,14.0536,355.6985,1.971225,-1
263.9659,2.406752,324.5222,14.72075,354.9249,1.788882,-1
263.9655,2.406722,324.5248,13.61672,350.2622,1.725086,-1
263.9644,2.40683,324.5294,14.14504,341.9021,1.928756,-1
263.9641,2.406942,324.5302,11.71209,340.3121,2.115708,-1
263.9637,2.406648,324.5311,12.8584,338.4409,1.583605,-1
263.9633,2.406381,324.5322,12.38475,336.1278,1.091214,-1
263.9625,2.404303,324.5337,11.27808,332.3853,357.2925,-1
263.9631,2.403186,324.5322,15.53562,334.5388,355.1634,-1
263.964,2.406072,324.5305,11.68563,339.3703,0.5233069,-1
263.9637,2.408684,324.5307,8.706734,339.5632,5.258326,-1
263.9632,2.410718,324.5314,6.946219,338.3123,8.933363,-1
263.9635,2.40812,324.5315,6.836474,337.8235,4.213178,-1
263.9639,2.406325,324.5306,7.804324,339.1383,0.9756697,-1
263.9641,2.406172,324.5303,10.51352,339.7262,0.7034064,-1
263.9639,2.405546,324.5307,11.59765,338.8269,359.5632,-1
263.9638,2.406088,324.5309,12.609,338.6203,0.5553173,-1
263.9636,2.40665,324.5313,11.76765,337.9767,1.580289,-1
263.9633,2.40703,324.5322,10.08289,336.3539,2.263794,-1
263.9632,2.407457,324.5323,9.16569,336.3174,3.033255,-1
263.9635,2.407546,324.5316,10.2407,337.7764,3.204338,-1
263.9637,2.407452,324.5311,11.35604,338.6747,3.045665,-1
263.9638,2.40753,324.5309,11.58253,339.1765,3.190504,-1
263.9636,2.407127,324.5315,14.18192,337.9737,2.479024,-1
263.9637,2.406808,324.5313,16.45202,338.3243,1.909026,-1
263.9633,2.407119,324.532,18.91532,337.0414,2.525836,-1
263.9635,2.406859,324.5317,16.62651,337.5685,2.006395,-1
263.9636,2.407177,324.5315,15.11806,338.0589,2.582021,-1
263.9635,2.407127,324.5316,14.41045,337.7072,2.48122,-1
263.9634,2.407259,324.5317,13.56922,337.5718,2.714592,-1
193.9294,2.408304,329.2328,14.20879,336.0306,3.302817,-1
193.9294,2.408055,329.233,14.28901,335.6367,2.842744,-1
193.9189,2.406335,329.2455,11.67719,305.2497,359.668,-1
193.9045,2.404905,329.2511,8.103774,276.8925,357.0829,-1
193.9323,2.40884,329.2187,6.911584,1.850037,4.19443,-1
193.9246,2.409153,329.1986,9.102816,41.48018,4.78513,-1
193.9154,2.40923,329.1913,12.66405,63.18301,4.985332,-1
193.9079,2.407856,329.1883,12.12714,77.08105,2.453396,-1
193.9026,2.407835,329.1875,9.149644,86.41741,2.389957,-1
193.8985,2.407737,329.1875,9.329632,93.90458,2.215002,-1
193.8864,2.408556,329.1907,10.45823,116.7377,3.716095,-1
193.8781,2.408671,329.1966,9.611005,135.044,3.91493,-1
193.9004,1.031517,329.2194,0,345,0,exit0
193.8719,2.409063,329.2051,7.781472,154.0345,4.606249,-1
193.8696,2.407505,329.211,7.16383,164.9932,1.783602,-1
193.869,2.406556,329.2133,7.74062,169.0934,0.07051641,-1
193.8687,2.406224,329.215,7.271316,171.9819,359.4709,-1
193.8703,2.405463,329.2087,7.46143,160.1536,358.097,-1
193.8713,2.405427,329.2063,8.906544,155.5402,358.0228,-1
193.8706,2.40647,329.2079,7.726988,158.865,359.9145,-1
193.8696,2.407701,329.211,6.877676,165.0405,2.134767,-1
193.8688,2.407703,329.2242,7.546648,188.942,2.143063,-1
193.8868,2.410259,329.2481,5.307559,245.222,6.74542,-1
193.8743,2.409125,329.2377,13.15749,216.0305,4.801459,-1
193.8803,2.404032,329.1946,12.91206,128.0406,355.4301,-1
193.8968,2.401766,329.188,10.07768,95.02943,351.3262,-1
193.897,2.401296,329.188,10.50902,94.54077,350.4484,-1
193.8704,2.406739,329.2084,15.86133,159.9325,0.4139928,-1
193.8689,2.406988,329.2251,12.98759,190.4305,0.8658835,-1
193.8686,2.407017,329.2228,9.822292,186.1512,0.9084343,-1
193.8685,2.407272,329.2216,8.750107,184.0753,1.367253,-1
193.8685,2.407706,329.221,8.887489,183.1875,2.15591,-1
193.8685,2.407906,329.2206,10.24422,182.661,2.527884,-1
193.8509,2.40783,328.8346,11.87844,182.4373,2.402574,-1
193.7882,2.407852,327.2756,12.67981,182.3374,2.450804,-1
193.6947,2.40801,324.8575,13.79774,181.9278,2.753232,-1
193.6126,2.408255,322.1158,13.76196,181.0153,3.205523,-1
193.5907,2.403754,319.6946,13.55505,180.255,3.384722,-1
193.5726,2.40799,317.0615,12.82226,180.9035,2.705285,-1
193.5354,2.404766,314.5082,12.64774,180.6414,2.360045,-1
193.5099,2.407894,311.9499,12.55838,180.5523,2.526647,-1
193.4624,2.407685,309.1708,12.37888,183.1744,2.14202,-1
193.2131,2.407146,306.4824,11.97298,190.3731,1.150686,-1
192.7224,2.407752,303.94,11.82807,189.0969,2.260142,-1
192.4496,2.398491,301.336,13.29326,179.7923,3.362696,-1
192.4758,2.408321,298.7723,13.60522,181.5524,3.325285,-1
192.2934,2.407308,296.1517,13.53206,188.6696,1.457249,-1
191.8362,2.399799,293.5535,14.72763,192.6563,0.2260562,-1
191.1912,2.401558,290.9433,14.98633,195.7131,0.7664111,-1
190.5182,2.406958,288.3622,14.7141,190.9978,0.8168203,-1
190.025,2.406275,285.7912,14.70998,191.5692,0.1457865,-1
189.501,2.400204,283.2876,14.57494,191.7711,359.992,-1
188.9812,2.406922,280.6764,14.45938,189.0577,0.7495018,-1
188.6746,2.407706,278.1151,14.23779,181.3882,2.196801,-1
188.7302,2.407382,275.4131,14.84162,174.8607,2.831877,-1
189.0549,2.408103,270.9572,14.96701,176.4362,2.940089,-1
189.2302,2.408212,268.7242,12.02925,174.7485,3.104084,-1
189.4096,2.408427,266.8284,13.62054,173.4017,3.520484,-1
189.4144,2.408116,266.7809,14.49015,172.788,2.957761,-1
189.4144,2.407963,266.7808,13.11433,172.616,2.659099,-1
189.4143,2.407852,266.781,13.07581,172.9858,2.454492,-1
189.4144,2.408195,266.781,13.90132,173.1088,3.096141,-1
189.4144,2.408168,266.7809,13.88019,172.9566,3.046942,-1
189.4143,2.407888,266.7811,14.28953,173.2619,2.533801,-1
189.4143,2.408073,266.7818,15.74243,174.5495,2.895617,-1
189.4143,2.408166,266.7813,19.22185,173.9358,3.128232,-1
189.4144,2.407786,266.7807,20.36773,172.6953,2.424833,-1
189.4145,2.407586,266.7802,21.01931,171.5844,2.050898,-1
189.4145,2.407574,266.7802,22.25947,171.6429,2.044443,-1
189.389,2.407849,266.9521,21.58925,172.0144,2.566056,-1
189.3584,2.408382,267.1593,18.801,168.3594,3.529115,-1
189.3128,2.408757,267.3568,14.85817,155.1647,4.153497,-1
189.3184,2.409451,267.3516,11.87894,134.6623,5.375642,-1
189.3234,2.408585,267.3476,10.41951,122.6526,3.767124,-1
189.3584,2.40451,267.3484,6.712369,55.05024,356.3785,-1
189.371,2.405523,267.3656,8.521204,16.24362,358.2007,-1
189.3708,2.407089,267.3649,6.644428,17.89366,1.032021,-1
189.3403,1.031517,267.3747,0,345,0,enter1
189.3698,2.406592,267.3621,7.024239,23.16591,0.1354395,-1
189.3314,2.408432,267.344,8.911518,106.7736,3.473192,-1
189.3248,2.406434,267.3467,4.897606,119.1226,359.8506,-1
189.3239,2.405991,267.3472,11.32709,120.6978,359.0387,-1
189.3212,2.405665,267.3491,33.13135,125.8303,358.178,-1
189.3197,2.406389,267.3502,41.84466,129.8919,359.6917,-1
189.3202,2.40708,267.3498,47.38599,130.0685,1.488753,-1
189.3244,2.405931,267.347,70.12154,117.0537,356.911,-1
189.324,2.407665,267.3472,53.3654,123.4261,3.446862,-1
189.3231,2.407461,267.3477,11.48096,122.9133,1.725075,-1
189.3236,2.406895,267.3474,2.718988,121.5949,0.6777112,-1
189.3242,2.40737,267.347,1.678182,120.2845,1.527802,-1
189.3239,2.406916,267.3472,1.51929,120.9503,0.7142403,-1
189.3403,1.031517,267.3747,0,345,0,exit1
189.3245,2.407405,267.3469,1.613081,119.62,1.590967,-1
189.3242,2.407274,267.347,1.876392,120.2454,1.355557,-1
189.3242,2.407352,267.3471,2.075664,120.4077,1.497001,-1
189.3701,2.407259,267.3195,1.486728,121.383,1.329455,-1
189.6676,2.407514,267.1378,0.6598724,121.6691,1.784585,-1
190.406,2.397762,266.6733,2.301593,123.1167,1.966662,-1
191.8455,2.399077,265.6898,5.325459,126.3596,1.507338,-1
193.484,2.408,264.5282,6.062021,123.7722,2.670806,-1
195.3686,2.402772,263.2807,6.582582,123.3376,3.049851,-1
197.2912,2.406302,262.0225,6.06515,123.4549,2.957175,-1
199.2527,2.405234,260.7301,6.044023,123.2506,2.83629,-1
201.3412,2.407995,259.3601,5.874096,123.594,2.662149,-1
203.2357,2.408029,258.1037,6.0132,123.465,2.723381,-1
205.2581,2.407977,256.7651,5.956255,123.6282,2.629158,-1
207.2608,2.408158,255.4337,5.742543,124.4481,2.955103,-1
209.293,2.407998,253.9043,5.6519,130.5577,3.576894,-1
211.2829,2.408888,252.1782,4.483117,129.981,4.262247,-1
213.3415,2.409439,250.6381,4.242451,120.6945,5.252744,-1
215.6101,2.408961,249.3575,4.946634,117.3858,4.397178,-1
217.9005,2.404667,248.0829,5.450228,121.8035,3.903507,-1
220.1015,2.408993,246.7426,5.510728,120.5328,4.458416,-1
222.3613,2.409076,245.4143,5.582036,120.5219,4.609435,-1
224.5844,2.409112,244.1042,5.828222,120.5253,4.67527,-1
226.8559,2.409044,242.7531,5.763253,120.94,4.551769,-1
229.0661,2.409005,241.4268,5.776639,121.0062,4.481144,-1
231.4061,2.409003,240.021,5.902385,121.0222,4.479253,-1
233.6745,2.402623,238.6587,6.325395,120.9048,4.52658,-1
235.7531,2.408971,237.4124,7.335451,120.4038,4.434329,-1
236.3132,2.408682,237.0843,6.872826,119.4101,3.908807,-1
237.4741,2.408931,236.4136,6.246219,120.8243,4.35212,-1
239.1403,2.399631,235.4196,6.882418,121.0136,4.192489,-1
240.9568,2.409244,234.3319,6.498899,120.6894,4.919536,-1
241.3906,2.409156,234.0735,5.730233,118.5596,4.75508,-1
241.3916,2.409055,234.0729,4.399787,117.625,4.5623,-1
241.3928,2.408411,234.0722,6.322176,115.239,3.413081,-1
241.4063,1.031517,234.1012,0,345,0,enter2
241.3934,2.40862,234.072,8.014788,114.2907,3.805318,-1
241.4013,2.408512,234.0697,5.850094,99.36413,3.592297,-1
241.4276,2.408497,234.0775,0.9006648,48.11737,3.548119,-1
241.4379,2.409595,234.0972,4.492326,7.679187,5.536709,-1
241.4376,2.409202,234.1071,6.18802,350.0028,4.841828,-1
241.4359,2.408941,234.1131,8.520196,338.7142,4.393422,-1
241.4294,2.408557,234.1232,6.524489,317.0009,3.678625,-1
241.422,2.40698,234.1291,5.079084,299.4636,0.8323848,-1
241.436,2.407446,234.113,4.004652,338.5305,1.668277,-1
241.4381,2.405715,234.1042,4.667319,354.5299,358.5585,-1
241.438,2.405973,234.1055,6.98385,352.22,359.0186,-1
241.4377,2.406266,234.1069,9.913001,349.6398,359.544,-1
241.4377,2.40661,234.1069,12.76433,349.7727,0.1716217,-1
241.4063,1.031517,234.1012,0,345,0,exit2
241.4377,2.406493,234.1073,12.74509,349.016,359.9553,-1
241.4377,2.406705,234.1072,11.40476,349.3492,0.3442512,-1
241.4272,2.406665,234.1638,11.02226,349.5347,0.2694364,-1
241.2563,2.406463,235.0731,9.574863,349.285,0.2524014,-1
240.8494,2.406276,237.3342,5.716537,351.7905,0.6823809,-1
240.5208,2.404491,239.5932,5.436574,351.3199,1.52292,-1
240.1533,2.408169,241.7417,5.735915,348.4365,2.974786,-1
239.7596,2.407434,243.9111,5.74548,353.6764,1.650976,-1
239.519,2.407876,245.944,6.428658,351.6563,2.449793,-1
239.1953,2.401611,248.1294,6.766793,352.1691,2.201591,-1
238.8698,2.40791,250.468,7.298281,352.1596,2.515992,-1
238.5809,2.407842,252.6124,7.493887,352.4742,2.393791,-1
238.2445,2.407842,255.1581,7.493887,352.4742,2.393791,-1
237.9438,2.407843,257.4333,7.938525,354.9229,2.398641,-1
237.7407,2.402071,259.8445,8.229601,354.3094,2.329884,-1
237.4553,2.408089,262.1653,8.237917,351.1963,2.845363,-1
237.0808,2.408098,264.5691,8.397853,350.9976,2.862368,-1
236.6383,2.408227,267.1374,8.79355,347.698,3.099284,-1
236.0968,2.408346,269.6855,8.721347,349.9593,3.314181,-1
235.6472,2.408278,272.2384,8.907738,349.6121,3.193543,-1
235.1824,2.408276,274.7785,9.18225,349.6688,3.191709,-1
234.7359,2.407832,277.3699,9.225636,351.1652,3.18238,-1
234.3339,2.408311,279.9357,9.083201,350.7977,3.255203,-1
233.9127,2.408353,282.5312,9.062504,350.4126,3.330944,-1
233.4613,2.407434,285.1349,9.087222,349.7284,3.470621,-1
232.9999,2.4074,287.7055,9.157333,349.9752,3.32994,-1
232.5466,2.399505,290.2415,9.267489,349.5569,3.220128,-1
232.0775,2.408154,292.8151,9.321376,349.8647,2.972782,-1
231.6322,2.408162,295.334,9.174971,350.1689,2.985364,-1
231.1835,2.40282,297.9304,9.383517,350.1461,3.038772,-1
230.7609,2.407977,300.4573,9.817148,353.7604,2.653942,-1
230.5968,2.398589,303.0266,10.43803,358.3214,2.5496,-1
230.4927,2.407967,305.6222,10.93608,356.4294,2.645212,-1
230.2876,2.408031,308.0848,10.94234,354.0966,2.762673,-1
230.0079,2.408179,310.7756,11.24715,353.9273,3.035159,-1
229.7388,2.408254,313.2716,11.41186,353.8257,3.174492,-1
229.4528,2.408236,315.9027,12.28842,353.7565,3.150512,-1
229.1586,2.408247,318.5429,12.42055,353.612,3.17296,-1
228.856,2.408432,321.149,10.99433,352.8076,3.495561,-1
228.4883,2.408078,323.9448,6.624585,351.6921,2.815214,-1
228.2638,2.407802,325.448,9.538671,349.8375,2.333691,-1
228.2598,2.406984,325.4722,29.06784,342.7073,0.956057,-1
228.258,2.405871,325.4765,41.65633,332.8062,358.4529,-1
228.2485,2.403678,325.4879,37.31216,303.0894,353.5949,-1
228.2399,2.402484,325.4924,33.81878,284.5684,351.2746,-1
228.2247,2.40124,325.4937,21.49509,257.8846,349.7909,-1
228.2134,2.403783,325.4901,7.934209,239.3899,355.051,-1
228.2078,2.407045,325.4861,4.010353,227.7663,0.9484687,-1
228.2137,2.407035,325.4904,5.268946,240.8113,0.9315426,-1
228.23,2.406156,325.4944,4.369122,271.2749,359.3516,-1
228.2446,2.406397,325.4905,4.871084,298.5753,359.7851,-1
228.2603,2.404658,325.4702,7.506901,345.3848,356.6405,-1
228.2612,2.406265,325.4652,6.410146,355.0371,359.5459,-1
228.2293,1.031517,325.4624,0,345,0,enter0
