*Subject
20
*Layout
5
*Condition
False,True,False
*Marks
170.9001,0,324.7021
267.5902,0,286.6118
245.6006,0,230.7881
*Path
x,y,z,flag
233.5922,2.406988,201.2941,14.52192,170.4738,0.870345,-1
233.5951,2.406188,201.2962,4.62749,185.9452,359.4085,-1
233.5951,2.406901,201.2967,4.707884,186.7548,0.6895198,-1
233.5951,2.406211,201.296,3.496277,185.5237,359.451,-1
233.5954,2.406148,201.2984,5.518027,189.8178,359.3358,-1
233.598,2.405809,201.3067,7.815422,205.3283,358.7197,-1
233.6006,2.404713,201.3111,7.258359,214.2226,356.7417,-1
233.602,2.40263,201.3126,6.523952,217.5287,352.9771,-1
233.6031,2.402785,201.314,7.596513,220.6902,353.243,-1
233.6061,2.405838,201.3172,9.164807,229.1651,358.7684,-1
233.6072,2.407002,201.3181,12.38613,232.163,0.8884382,-1
233.6059,2.407914,201.317,18.3939,229.6611,2.635809,-1
233.6053,2.405926,201.3166,19.93924,227.217,358.8751,-1
233.6055,2.405152,201.3167,20.64314,226.9376,357.3877,-1
233.6056,2.405107,201.3167,21.13249,227.1201,357.2929,-1
233.6071,2.405906,201.318,19.83241,231.2989,358.8362,-1
233.6077,2.406432,201.3186,15.92135,233.1817,359.8413,-1
233.6075,2.406428,201.3184,14.51462,232.6373,359.8358,-1
233.6087,2.405937,201.3192,13.81473,235.0049,358.9299,-1
233.6136,2.406631,201.322,13.6569,245.3788,0.2087308,-1
233.6121,2.406025,201.3213,15.01612,242.1676,359.0876,-1
233.6123,2.405139,201.3214,9.948752,242.4606,357.4941,-1
233.6149,2.405037,201.3226,9.006223,247.5662,357.3164,-1
233.6179,2.406905,201.3236,7.528032,253.7611,0.6997386,-1
233.6129,2.408913,201.3216,8.046642,244.475,4.336396,-1
233.6113,2.407718,201.3208,8.156523,241.0144,2.172622,-1
233.6097,2.406389,201.3199,0.0822629,237.4542,359.7701,-1
233.6102,2.407117,201.3202,3.039443,238.516,1.075162,-1
233.6052,2.407084,201.3165,5.981184,227.4524,1.020108,-1
233.6035,2.406126,201.3147,5.94486,222.8851,359.2964,-1
233.6043,2.405619,201.3156,9.12748,224.7317,358.3718,-1
233.6052,2.406231,201.3165,9.567216,227.2825,359.4805,-1
233.6048,2.40668,201.316,8.944885,226.3198,0.2946647,-1
233.6035,2.405661,201.3147,8.898137,222.7104,358.4493,-1
233.6015,2.405169,201.3123,7.117938,217.0828,357.568,-1
233.6021,2.404742,201.313,8.02346,218.5154,356.7878,-1
233.6042,2.40594,201.3155,8.972467,224.5787,358.9536,-1
233.6063,2.406699,201.3174,8.473618,229.8955,0.3297301,-1
233.6063,2.406581,201.3174,8.040322,229.8747,0.115781,-1
233.6061,2.406286,201.3173,7.253132,229.4066,359.5821,-1
233.6062,2.406044,201.3173,6.615451,229.5049,359.1483,-1
233.6066,2.405841,201.3177,6.739478,230.5004,358.7811,-1
233.6066,2.405901,201.3177,7.528895,230.4522,358.8871,-1
233.6063,2.405842,201.3174,8.617454,229.6955,358.7775,-1
233.6066,2.405866,201.3177,7.032039,230.4525,358.8251,-1
233.6065,2.405763,201.3176,8.282161,230.2572,358.635,-1
233.6064,2.405613,201.3175,7.541791,229.8991,358.3667,-1
233.6065,2.405733,201.3176,7.727279,230.2696,358.5828,-1
233.6069,2.405633,201.3179,9.592807,230.9881,358.3951,-1
233.6072,2.406035,201.3181,12.9706,231.8256,359.1137,-1
233.6076,2.406257,201.3184,15.58536,232.6609,359.5163,-1
233.6087,2.406526,201.3193,18.27013,235.4097,0.01676638,-1
233.6094,2.406614,201.3197,20.64641,236.8574,0.1853331,-1
233.6099,2.406404,201.3201,21.86886,237.9051,359.7821,-1
233.6106,2.406559,201.3205,22.27294,239.4913,0.08233288,-1
233.6149,2.40726,201.3226,19.80454,248.5335,1.414097,-1
233.6148,2.408144,201.3225,20.09409,248.862,3.103049,-1
233.6119,2.408733,201.3211,24.65173,243.8297,4.369988,-1
233.6076,2.409231,201.3183,33.38771,235.8639,5.828811,-1
233.61,2.40813,201.32,38.20521,240.2535,3.677319,-1
233.6115,2.409012,201.3209,35.82111,244.3007,5.516996,-1
233.6115,2.408367,201.3209,19.01188,242.351,3.506545,-1
233.6087,2.408257,201.3192,16.08391,236.2577,3.243687,-1
233.6095,2.4085,201.3197,21.46312,238.3838,3.81713,-1
233.6113,2.408695,201.3207,24.15858,242.3877,4.276801,-1
233.6132,2.408915,201.3217,22.87946,246.4006,4.664878,-1
233.6124,2.409936,201.3213,25.5511,245.8792,6.802321,-1
233.6122,2.409093,201.3212,29.0166,245.0494,5.282625,-1
233.6123,2.408158,201.3214,27.85899,244.2885,3.32445,-1
233.6124,2.408094,201.3214,27.71813,244.4161,3.191337,-1
233.6132,2.406782,201.3219,51.69312,245.277,0.7645458,-1
233.6228,2.398371,201.3236,48.41059,245.1044,337.4496,-1
233.625,2.396318,201.3232,67.06542,213.8258,305.1224,-1
233.6259,2.410135,201.3247,76.0704,60.91306,151.9856,-1
233.6349,2.415577,201.3226,34.89558,296.8955,20.19397,-1
233.634,2.41826,201.3218,23.8631,293.8948,23.65675,-1
233.6376,2.418515,201.3206,21.12871,300.1915,23.70077,-1
233.6444,2.416722,201.3177,18.33018,311.5839,19.63045,-1
233.6487,2.411864,201.3157,14.37343,316.171,9.932323,-1
233.6519,2.404726,201.3128,38.77032,318.877,355.8823,-1
233.658,2.404795,201.3004,74.26118,335.4316,348.5594,-1
233.6411,2.405098,201.3216,86.4296,250.9962,314.6013,-1
233.6191,2.407079,201.3239,90,255.8477,0,-1
233.622,2.406902,201.3246,87.38985,276.4867,15.30953,-1
233.6234,2.406809,201.3247,87.02969,273.764,10.14697,-1
233.6234,2.406815,201.3247,87.12805,274.3145,10.7163,-1
233.6236,2.406787,201.3248,86.95277,273.1335,9.132446,-1
233.6236,2.406817,201.3247,87.02428,274.3826,10.4172,-1
233.6235,2.406778,201.3247,87.01666,272.9345,9.004343,-1
233.6235,2.406773,201.3247,87.12791,273.0716,9.183396,-1
233.6235,2.406759,201.3247,87.00513,272.1694,8.322855,-1
233.6235,2.406763,201.3247,87.08718,272.4987,8.690942,-1
233.6234,2.40676,201.3247,87.07524,272.3159,8.549232,-1
233.6234,2.406757,201.3247,87.047,272.0901,8.371007,-1
233.6234,2.406761,201.3247,87.09364,272.3048,8.628798,-1
233.6234,2.406754,201.3247,87.04137,271.889,8.256082,-1
233.6233,2.40676,201.3247,87.10835,272.2481,8.664361,-1
233.6233,2.406755,201.3247,87.04527,271.8185,8.292068,-1
233.6233,2.406757,201.3247,87.10551,272.0289,8.552993,-1
233.6232,2.406755,201.3247,87.06242,271.774,8.35114,-1
233.6232,2.406754,201.3247,87.08879,271.751,8.382566,-1
233.6232,2.406754,201.3247,87.09471,271.7285,8.414585,-1
233.6232,2.406755,201.3247,87.07377,271.6468,8.386353,-1
233.6231,2.406758,201.3247,87.1116,271.8076,8.603411,-1
233.6231,2.406753,201.3247,87.09836,271.5207,8.378534,-1
233.6231,2.406757,201.3247,87.12874,271.6884,8.60619,-1
233.623,2.406756,201.3247,87.10721,271.551,8.52853,-1
233.623,2.406758,201.3247,87.13611,271.613,8.651604,-1
233.623,2.406758,201.3247,87.14282,271.5668,8.672818,-1
233.6229,2.406763,201.3247,87.14282,271.7001,8.866999,-1
233.6229,2.406744,201.3247,87.23785,271.2103,8.449807,-1
233.6228,2.406698,201.3247,87.32482,269.6485,6.964345,-1
233.6228,2.406697,201.3247,87.33289,269.5427,6.92732,-1
233.6228,2.4067,201.3246,87.35603,269.6732,7.131885,-1
233.6227,2.406701,201.3246,87.41457,269.7782,7.308643,-1
233.6227,2.406683,201.3246,87.36939,268.8987,6.497598,-1
233.6226,2.406705,201.3246,87.38686,269.7239,7.399035,-1
233.6229,2.40674,201.3247,86.49849,269.2757,6.550082,-1
233.6228,2.406782,201.3247,86.68093,270.9131,8.211323,-1
233.6228,2.406819,201.3247,87.08154,273.3432,10.68434,-1
233.6228,2.406804,201.3247,86.93708,272.2511,9.658491,-1
233.6227,2.406814,201.3246,87.04156,272.8594,10.34377,-1
233.6227,2.406814,201.3246,87.01974,272.7283,10.28887,-1
233.6227,2.406804,201.3246,86.9075,271.9021,9.546347,-1
233.6226,2.406804,201.3246,86.89764,271.8102,9.529277,-1
233.6226,2.406806,201.3246,86.94963,271.9704,9.768903,-1
233.6225,2.406806,201.3246,86.95187,271.9192,9.798005,-1
233.6225,2.406809,201.3246,86.96694,271.9579,9.91683,-1
233.6224,2.40681,201.3246,86.93976,271.8301,9.873563,-1
233.6224,2.406811,201.3246,86.92757,271.7291,9.853498,-1
233.6223,2.406809,201.3246,86.90852,271.5329,9.737026,-1
233.6223,2.40681,201.3246,86.94341,271.5891,9.872645,-1
233.6223,2.406814,201.3246,86.95104,271.6764,10.04134,-1
233.6222,2.406817,201.3246,86.94624,271.675,10.13178,-1
233.6222,2.406819,201.3246,86.94507,271.6514,10.19235,-1
233.6221,2.406819,201.3246,86.94302,271.5611,10.19462,-1
233.6221,2.406824,201.3246,86.95367,271.6778,10.39573,-1
233.622,2.406822,201.3246,86.96469,271.5606,10.35714,-1
233.622,2.40682,201.3246,86.96565,271.412,10.29476,-1
233.6219,2.406821,201.3245,86.96449,271.3643,10.33897,-1
233.6219,2.40682,201.3245,86.95779,271.2209,10.27562,-1
233.6218,2.406819,201.3245,86.95921,271.1096,10.24788,-1
233.6218,2.406818,201.3245,86.95483,270.9595,10.18821,-1
233.6217,2.406819,201.3245,86.96591,270.9518,10.27052,-1
233.6217,2.40682,201.3245,86.95419,270.8479,10.2531,-1
233.6216,2.406822,201.3245,86.9565,270.8447,10.34383,-1
233.6216,2.406823,201.3245,86.95921,270.792,10.3825,-1
233.6215,2.406824,201.3245,86.95387,270.7255,10.40528,-1
233.6215,2.406826,201.3245,86.94553,270.6772,10.4508,-1
233.6214,2.406824,201.3245,86.94123,270.4791,10.34631,-1
233.6214,2.406824,201.3245,86.94752,270.4003,10.36499,-1
233.6213,2.406821,201.3244,86.94521,270.2184,10.27065,-1
233.6213,2.406821,201.3244,86.94136,270.1076,10.25399,-1
233.6212,2.406817,201.3244,86.94411,269.917,10.14938,-1
233.6212,2.406818,201.3244,86.9397,269.8117,10.14171,-1
233.6211,2.406818,201.3244,86.94514,269.7458,10.17827,-1
233.6211,2.406819,201.3244,86.94341,269.7451,10.18154,-1
233.6211,2.406819,201.3244,86.94341,269.7451,10.18154,-1
233.621,2.40682,201.3244,86.92999,269.6265,10.17887,-1
233.621,2.406818,201.3244,86.93242,269.4818,10.13299,-1
233.6209,2.406821,201.3244,86.93472,269.4827,10.23155,-1
233.6209,2.406819,201.3244,86.93625,269.3345,10.17851,-1
233.6208,2.406818,201.3243,86.94392,269.2113,10.15065,-1
233.6208,2.406822,201.3243,86.93293,269.2296,10.26452,-1
233.6207,2.406826,201.3243,86.9379,269.2743,10.40826,-1
233.6207,2.406826,201.3243,86.942,269.1996,10.4312,-1
233.6206,2.406826,201.3243,86.94321,269.0841,10.41516,-1
233.6206,2.406826,201.3243,86.94034,269.0007,10.43067,-1
233.6205,2.406829,201.3243,86.93803,268.9993,10.52871,-1
233.6205,2.406829,201.3243,86.93919,268.8814,10.51698,-1
233.6204,2.406829,201.3242,86.9379,268.7794,10.51847,-1
233.6203,2.406828,201.3242,86.93076,268.6109,10.45704,-1
233.6203,2.406829,201.3242,86.92616,268.5247,10.47219,-1
233.6202,2.406827,201.3242,86.92922,268.3497,10.40842,-1
233.6202,2.406829,201.3242,86.9261,268.3023,10.46867,-1
233.6201,2.406826,201.3242,86.92846,268.0816,10.36073,-1
233.62,2.406824,201.3242,86.92796,267.8957,10.29118,-1
233.62,2.406821,201.3242,86.93203,267.7245,10.23346,-1
233.6199,2.406821,201.3242,86.93535,267.6218,10.24262,-1
233.6199,2.406823,201.3242,86.93343,267.5437,10.27973,-1
233.6198,2.406821,201.3241,86.92661,267.3468,10.18854,-1
233.6198,2.406824,201.3241,86.92298,267.3291,10.27679,-1
233.6197,2.406821,201.3241,86.92336,267.1602,10.21349,-1
233.6196,2.406822,201.3241,86.9249,267.0906,10.2515,-1
233.6196,2.406823,201.3241,86.92858,267.024,10.29104,-1
233.6195,2.406826,201.3241,86.92719,266.9937,10.36923,-1
233.6195,2.406825,201.324,86.93394,266.865,10.3434,-1
233.6194,2.406827,201.324,86.93458,266.8468,10.42877,-1
233.6193,2.406825,201.324,86.92757,266.6623,10.34828,-1
233.6193,2.406828,201.324,86.92222,266.6468,10.44306,-1
233.6192,2.406827,201.324,86.93178,266.5435,10.44262,-1
233.6192,2.406827,201.324,86.93312,266.4289,10.43345,-1
233.6191,2.40683,201.324,86.92439,266.3894,10.50728,-1
233.619,2.406835,201.3239,86.92439,266.4184,10.65076,-1
233.619,2.406834,201.3239,86.92387,266.2858,10.63554,-1
233.6189,2.406836,201.3239,86.92597,266.2402,10.69913,-1
233.6189,2.406837,201.3239,86.92884,266.1745,10.74146,-1
233.6188,2.406836,201.3239,86.92834,266.0474,10.7226,-1
233.6187,2.406834,201.3239,86.93152,265.8846,10.67277,-1
233.6187,2.406832,201.3239,86.9319,265.6914,10.59046,-1
233.6186,2.406832,201.3239,86.93803,265.6355,10.63675,-1
233.6186,2.406832,201.3238,86.94123,265.5118,10.61907,-1
233.6185,2.406832,201.3238,86.93069,265.3736,10.57859,-1
233.6185,2.406831,201.3238,86.92273,265.2203,10.53698,-1
233.6184,2.406829,201.3238,86.9233,265.0278,10.45277,-1
233.6183,2.406829,201.3238,86.92413,264.9339,10.46993,-1
233.6183,2.40683,201.3238,86.93522,264.9016,10.54107,-1
233.6182,2.406827,201.3237,86.93318,264.672,10.42323,-1
233.6182,2.406827,201.3237,86.93037,264.5656,10.43425,-1
233.6181,2.406827,201.3237,86.93574,264.4661,10.4484,-1
233.618,2.406827,201.3237,86.92757,264.3067,10.40177,-1
233.618,2.406829,201.3237,86.9226,264.2703,10.48007,-1
233.6179,2.406832,201.3236,86.92578,264.2362,10.56193,-1
233.6179,2.406831,201.3236,86.93178,264.1176,10.55799,-1
233.6178,2.406829,201.3236,86.93587,263.9613,10.50634,-1
233.6178,2.406831,201.3236,86.93561,263.9118,10.56174,-1
233.6177,2.406826,201.3236,86.93535,263.6305,10.40111,-1
233.6176,2.406829,201.3235,86.9404,263.6297,10.51151,-1
233.6176,2.406825,201.3235,86.93733,263.3908,10.38362,-1
233.6175,2.406825,201.3235,86.93568,263.2731,10.37498,-1
233.6174,2.406828,201.3235,86.93893,263.2883,10.49768,-1
233.6174,2.406831,201.3235,86.9397,263.2828,10.59915,-1
233.6173,2.406835,201.3235,86.93803,263.3018,10.72803,-1
233.6173,2.406838,201.3235,86.93675,263.288,10.82927,-1
233.6172,2.406837,201.3234,86.93178,263.1134,10.76479,-1
233.6172,2.406836,201.3234,86.92655,262.9478,10.71076,-1
233.6171,2.406834,201.3234,86.91486,262.7397,10.61354,-1
233.617,2.406833,201.3234,86.92458,262.6405,10.61747,-1
233.617,2.406833,201.3234,86.9282,262.5492,10.63315,-1
233.6169,2.406833,201.3233,86.92056,262.3953,10.58835,-1
233.6169,2.406831,201.3233,86.92159,262.2165,10.52297,-1
233.6168,2.406828,201.3233,86.93695,262.0702,10.48595,-1
233.6168,2.406829,201.3233,86.93178,261.9684,10.48545,-1
233.6167,2.406827,201.3232,86.93165,261.8058,10.43453,-1
233.6166,2.406826,201.3232,86.93925,261.6997,10.43735,-1
233.6166,2.406828,201.3232,86.94187,261.6422,10.4881,-1
233.6165,2.406826,201.3232,86.93777,261.4567,10.40737,-1
233.6165,2.406824,201.3232,86.94424,261.312,10.3714,-1
233.6164,2.406826,201.3232,86.94136,261.2384,10.40134,-1
233.6163,2.406821,201.3232,86.94624,260.9933,10.26688,-1
233.6163,2.406822,201.3231,86.94918,260.9334,10.30325,-1
233.6163,2.40682,201.3231,86.94924,260.786,10.25209,-1
233.6162,2.406819,201.3231,86.94302,260.6373,10.20452,-1
233.6161,2.406821,201.3231,86.94752,260.5934,10.26525,-1
233.6161,2.406823,201.323,86.94828,260.5532,10.3346,-1
233.616,2.406825,201.323,86.94335,260.4928,10.37993,-1
233.616,2.406825,201.323,86.947,260.4037,10.39308,-1
233.6159,2.406827,201.323,86.94674,260.405,10.4969,-1
233.6159,2.406828,201.323,86.94809,260.3046,10.50424,-1
233.6158,2.406826,201.3229,86.94501,260.1186,10.42125,-1
233.6158,2.406827,201.3229,86.93951,260.0503,10.45169,-1
233.6157,2.406823,201.3229,86.93996,259.8225,10.32335,-1
233.6157,2.406822,201.3229,86.94841,259.7021,10.30328,-1
233.6156,2.406824,201.3229,86.95021,259.6892,10.38673,-1
233.6156,2.406823,201.3228,86.96191,259.6031,10.40179,-1
233.6155,2.406823,201.3228,86.9614,259.4869,10.3798,-1
233.6154,2.406824,201.3228,86.95187,259.404,10.39951,-1
233.6154,2.406826,201.3228,86.94983,259.3649,10.45466,-1
233.6154,2.406826,201.3228,86.95008,259.2902,10.47901,-1
233.6153,2.406827,201.3228,86.947,259.2009,10.4848,-1
233.6152,2.40683,201.3227,86.94469,259.1995,10.57643,-1
233.6152,2.40683,201.3227,86.95483,259.1234,10.59944,-1
233.6151,2.406832,201.3227,86.94957,259.0759,10.64798,-1
233.6151,2.406832,201.3227,86.94226,258.9525,10.6242,-1
233.6151,2.406831,201.3227,86.94047,258.8087,10.57761,-1
233.615,2.406829,201.3226,86.92999,258.6288,10.49254,-1
233.6149,2.406829,201.3226,86.94021,258.5671,10.52667,-1
233.6149,2.406829,201.3226,86.9351,258.4674,10.52058,-1
233.6149,2.40683,201.3226,86.92744,258.3766,10.52384,-1
233.6148,2.406832,201.3225,86.92171,258.3204,10.56898,-1
233.6147,2.406834,201.3225,86.92872,258.3123,10.65424,-1
233.6147,2.406833,201.3225,86.9254,258.1791,10.61473,-1
233.6147,2.406832,201.3225,86.93063,258.0608,10.58579,-1
233.6146,2.406832,201.3225,86.92286,257.9403,10.56402,-1
233.6146,2.406833,201.3224,86.92381,257.8757,10.58625,-1
233.6145,2.406837,201.3224,86.92604,257.9591,10.75664,-1
233.6145,2.406837,201.3224,86.93037,257.8693,10.76147,-1
233.6144,2.406836,201.3224,86.93599,257.7734,10.75239,-1
233.6144,2.406837,201.3224,86.94034,257.6999,10.77447,-1
233.6143,2.406834,201.3224,86.94059,257.5301,10.69372,-1
233.6143,2.406837,201.3223,86.95059,257.5617,10.81615,-1
233.6142,2.406832,201.3223,86.94302,257.3121,10.65041,-1
233.6142,2.406833,201.3223,86.93388,257.2304,10.64649,-1
233.6142,2.406834,201.3223,86.93714,257.186,10.69191,-1
233.6141,2.406835,201.3223,86.95393,257.1803,10.77787,-1
233.6141,2.406834,201.3222,86.95104,257.0352,10.72131,-1
233.614,2.406831,201.3222,86.95066,256.8502,10.62356,-1
233.614,2.40683,201.3222,86.95316,256.748,10.61091,-1
233.6139,2.406831,201.3222,86.96191,256.6996,10.65223,-1
233.6139,2.40683,201.3221,86.95721,256.5781,10.61536,-1
233.6138,2.406829,201.3221,86.9556,256.4479,10.5756,-1
233.6138,2.406825,201.3221,86.95251,256.2169,10.43431,-1
233.6138,2.406823,201.3221,86.96681,256.1209,10.41815,-1
233.6137,2.406822,201.3221,86.96191,255.9783,10.36117,-1
233.6137,2.406824,201.3221,86.96778,255.9813,10.4437,-1
233.6136,2.406823,201.3221,86.95683,255.8289,10.37146,-1
233.6136,2.406824,201.322,86.94943,255.7563,10.38073,-1
233.6135,2.406825,201.322,86.95213,255.7,10.41287,-1
233.6135,2.406831,201.322,86.95284,255.8378,10.63386,-1
233.6134,2.406834,201.322,86.93938,255.8054,10.68272,-1
233.6134,2.406833,201.322,86.94611,255.7262,10.67694,-1
233.6134,2.406837,201.3219,86.95053,255.8217,10.85032,-1
233.6133,2.406837,201.3219,86.94354,255.7132,10.82204,-1
233.6133,2.406837,201.3219,86.93407,255.6023,10.77927,-1
233.6133,2.406839,201.3219,86.92387,255.5602,10.81197,-1
233.6132,2.406841,201.3219,86.92133,255.5408,10.87228,-1
233.6132,2.40684,201.3218,86.92432,255.4454,10.85194,-1
233.6131,2.406837,201.3218,86.9254,255.2665,10.74576,-1
233.6131,2.406836,201.3218,86.93324,255.1706,10.72033,-1
233.6131,2.406836,201.3218,86.93637,255.1204,10.73899,-1
233.6131,2.406835,201.3218,86.93893,255.0461,10.72844,-1
233.613,2.406832,201.3217,86.9379,254.8685,10.61538,-1
233.613,2.406828,201.3217,86.93701,254.6673,10.4863,-1
233.6129,2.406829,201.3217,86.93484,254.6287,10.51912,-1
233.6129,2.406832,201.3217,86.93535,254.639,10.59677,-1
233.6129,2.40683,201.3217,86.93305,254.5065,10.53634,-1
233.6128,2.40683,201.3217,86.93274,254.4238,10.52568,-1
233.6128,2.406831,201.3217,86.93216,254.3998,10.5713,-1
233.6128,2.406834,201.3216,86.93171,254.4246,10.65992,-1
233.6127,2.406829,201.3216,86.93932,254.2274,10.52421,-1
233.6127,2.406829,201.3216,86.93242,254.1277,10.49186,-1
233.6127,2.40683,201.3216,86.92006,254.0517,10.47599,-1
233.6126,2.406833,201.3216,86.92719,254.1401,10.62344,-1
233.6126,2.406831,201.3216,86.93127,254.0074,10.55051,-1
233.6126,2.406831,201.3215,86.92521,253.9484,10.5533,-1
233.6126,2.406835,201.3215,86.92922,254.0406,10.69828,-1
233.6125,2.406835,201.3215,86.92075,253.9377,10.65679,-1
233.6125,2.406835,201.3215,86.93484,253.9238,10.7034,-1
233.6125,2.406834,201.3215,86.92432,253.8068,10.64197,-1
233.6124,2.406835,201.3215,86.93011,253.7834,10.6769,-1
233.6124,2.406835,201.3214,86.92693,253.7229,10.67775,-1
233.6124,2.406834,201.3214,86.92846,253.6339,10.64521,-1
233.6124,2.406834,201.3214,86.9381,253.5997,10.67691,-1
233.6123,2.406838,201.3214,86.93516,253.6654,10.80238,-1
233.6123,2.406833,201.3214,86.92348,253.399,10.58956,-1
233.6123,2.406833,201.3214,86.9298,253.3892,10.63418,-1
233.6122,2.406837,201.3214,86.93777,253.4861,10.78596,-1
233.6122,2.406836,201.3214,86.93765,253.3856,10.73981,-1
233.6122,2.406833,201.3214,86.94354,253.2776,10.68066,-1
233.6122,2.406831,201.3213,86.94521,253.171,10.62283,-1
233.6121,2.406835,201.3213,86.94885,253.2331,10.7368,-1
233.6121,2.406837,201.3213,86.94341,253.2313,10.78753,-1
233.6121,2.406835,201.3213,86.94053,253.1346,10.73926,-1
233.6121,2.406834,201.3213,86.93574,253.0269,10.68193,-1
233.612,2.406832,201.3213,86.93631,252.9223,10.62685,-1
233.612,2.406832,201.3213,86.93356,252.8634,10.61402,-1
233.612,2.406832,201.3212,86.93587,252.8243,10.62412,-1
233.612,2.406835,201.3212,86.93727,252.8568,10.7028,-1
233.612,2.406834,201.3212,86.94123,252.817,10.70807,-1
233.6119,2.406837,201.3212,86.93829,252.8404,10.77662,-1
233.6119,2.406839,201.3212,86.93522,252.8524,10.83372,-1
233.6119,2.406837,201.3212,86.92744,252.7163,10.73788,-1
233.6119,2.406835,201.3212,86.92406,252.6023,10.66742,-1
233.6118,2.406832,201.3212,86.93446,252.4919,10.59477,-1
233.6118,2.406828,201.3211,86.93606,252.3452,10.49106,-1
233.6118,2.406827,201.3211,86.93932,252.2711,10.45601,-1
233.6118,2.406827,201.3211,86.93037,252.185,10.41022,-1
233.6118,2.406827,201.3211,86.9388,252.1864,10.44765,-1
233.6117,2.406829,201.3211,86.93171,252.1853,10.48002,-1
233.6117,2.406827,201.3211,86.9372,252.114,10.45105,-1
233.6117,2.406824,201.3211,86.94021,251.985,10.36078,-1
233.6117,2.406822,201.3211,86.93663,251.8825,10.29137,-1
233.6117,2.40682,201.3211,86.94456,251.8004,10.24657,-1
233.6117,2.406818,201.3211,86.95618,251.7252,10.2,-1
233.6116,2.406817,201.321,86.95008,251.6377,10.14532,-1
233.6116,2.406815,201.321,86.94136,251.5012,10.03746,-1
233.6116,2.40681,201.321,86.93337,251.2765,9.846952,-1
233.6116,2.406814,201.321,86.93714,251.3939,9.996343,-1
233.6116,2.406813,201.321,86.9314,251.319,9.947441,-1
233.6116,2.406813,201.321,86.93255,251.2894,9.942201,-1
233.6116,2.406815,201.321,86.93407,251.3286,10.01084,-1
233.6115,2.406816,201.321,86.92929,251.3226,10.03402,-1
233.6115,2.40682,201.321,86.92929,251.424,10.16982,-1
233.6115,2.406823,201.321,86.93343,251.5207,10.29159,-1
233.6115,2.406825,201.321,86.92056,251.5293,10.32523,-1
233.6115,2.406826,201.321,86.92935,251.578,10.40292,-1
233.6115,2.406832,201.321,86.91943,251.6799,10.53557,-1
233.6115,2.406836,201.321,86.91721,251.809,10.68726,-1
233.6115,2.40684,201.321,86.91257,251.9067,10.80988,-1
233.6114,2.406837,201.321,86.92413,251.8188,10.73932,-1
233.6114,2.406838,201.3209,86.92987,251.8631,10.8026,-1
233.6114,2.406835,201.3209,86.93011,251.7039,10.67358,-1
233.6114,2.406833,201.3209,86.93305,251.6356,10.62746,-1
233.6114,2.406829,201.3209,86.92858,251.4839,10.49007,-1
233.6114,2.40683,201.3209,86.93663,251.5145,10.53647,-1
233.6114,2.406831,201.3209,86.93248,251.5243,10.56534,-1
233.6114,2.406831,201.3209,86.93343,251.5037,10.56265,-1
233.6114,2.406832,201.3209,86.91828,251.4704,10.54362,-1
233.6114,2.406831,201.3209,86.9193,251.4445,10.5327,-1
233.6114,2.406827,201.3209,86.91968,251.3044,10.40122,-1
233.6113,2.406828,201.3209,86.91771,251.3023,10.40536,-1
233.6113,2.406826,201.3209,86.92178,251.2369,10.35378,-1
233.6113,2.406826,201.3209,86.92298,251.2366,10.36608,-1
233.6113,2.406826,201.3209,86.93197,251.2751,10.41675,-1
233.6113,2.406824,201.3209,86.93701,251.2014,10.35106,-1
233.6113,2.406824,201.3209,86.9388,251.2081,10.36372,-1
233.6113,2.406825,201.3209,86.93369,251.1989,10.36292,-1
233.6113,2.406822,201.3209,86.92801,251.0669,10.23924,-1
233.6113,2.406824,201.3209,86.94097,251.1606,10.34161,-1
233.6113,2.406823,201.3209,86.94745,251.1431,10.3306,-1
233.6113,2.406823,201.3209,86.9463,251.1509,10.34277,-1
233.6113,2.40682,201.3209,86.94418,251.0366,10.23188,-1
233.6113,2.40682,201.3209,86.9397,251.0139,10.21798,-1
233.6113,2.406821,201.3209,86.94662,251.074,10.28323,-1
233.6113,2.406826,201.3209,86.94161,251.2101,10.42949,-1
233.6113,2.406824,201.3209,86.93324,251.1156,10.34091,-1
233.6113,2.406823,201.3209,86.93114,251.0556,10.28422,-1
233.6113,2.406824,201.3209,86.92578,251.0592,10.28694,-1
233.6113,2.406825,201.3209,86.93529,251.1235,10.35624,-1
233.6113,2.406822,201.3209,86.9221,251.0048,10.23737,-1
233.6113,2.40682,201.3209,86.92693,250.9345,10.16955,-1
233.6113,2.40682,201.3209,86.90959,250.8789,10.11914,-1
233.6113,2.406825,201.3209,86.92286,251.0769,10.31782,-1
233.6113,2.406831,201.3209,86.91898,251.2932,10.53102,-1
233.6113,2.406831,201.3209,86.89979,251.1998,10.43523,-1
233.6113,2.406827,201.3209,86.88781,251.0666,10.2944,-1
233.6113,2.406835,201.3209,86.93165,251.4481,10.6797,-1
233.6113,2.406833,201.3209,86.92348,251.3758,10.60582,-1
233.6113,2.406834,201.3209,86.91764,251.3915,10.61478,-1
233.6113,2.406833,201.3209,86.91454,251.3341,10.5514,-1
233.6113,2.406831,201.3209,86.9184,251.2971,10.50548,-1
233.6113,2.406829,201.3209,86.9249,251.2639,10.46308,-1
233.6113,2.406828,201.3209,86.93714,251.291,10.47742,-1
233.6113,2.406828,201.3209,86.93561,251.2892,10.46297,-1
233.6113,2.406831,201.3209,86.93587,251.4095,10.5757,-1
233.6113,2.406828,201.3209,86.93127,251.3059,10.46715,-1
233.6113,2.406827,201.3209,86.92954,251.2569,10.40918,-1
233.6113,2.406829,201.3209,86.93088,251.3599,10.50137,-1
233.6113,2.40683,201.3209,86.93472,251.4258,10.55578,-1
233.6113,2.40683,201.3209,86.93242,251.4199,10.53741,-1
233.6113,2.406828,201.3209,86.92235,251.3282,10.43342,-1
233.6114,2.406829,201.3209,86.91917,251.373,10.46171,-1
233.6114,2.406829,201.3209,86.91917,251.3766,10.45207,-1
233.6114,2.406828,201.3209,86.91187,251.3209,10.38409,-1
233.6114,2.406828,201.3209,86.91689,251.3647,10.41001,-1
233.6114,2.40683,201.3209,86.92171,251.456,10.48271,-1
233.6114,2.40683,201.3209,86.91802,251.4665,10.48251,-1
233.6114,2.406832,201.3209,86.9282,251.5933,10.5908,-1
233.6114,2.406835,201.3209,86.92171,251.6853,10.66683,-1
233.6114,2.406835,201.3209,86.90826,251.6492,10.60839,-1
233.6114,2.406833,201.3209,86.90137,251.5785,10.5254,-1
233.6114,2.406831,201.321,86.91193,251.5612,10.48949,-1
233.6114,2.40683,201.321,86.91092,251.5529,10.46908,-1
233.6115,2.406828,201.321,86.91092,251.4929,10.3964,-1
233.6115,2.406825,201.321,86.91155,251.4092,10.29248,-1
233.6115,2.406824,201.321,86.92451,251.4401,10.30848,-1
233.6115,2.406824,201.321,86.92566,251.4445,10.29479,-1
233.6115,2.406825,201.321,86.91968,251.4628,10.29494,-1
233.6115,2.406825,201.321,86.9226,251.5131,10.32189,-1
233.6115,2.40683,201.321,86.91733,251.6852,10.47399,-1
233.6115,2.40683,201.321,86.91956,251.7099,10.47301,-1
233.6115,2.406832,201.321,86.9226,251.8119,10.5515,-1
233.6115,2.406835,201.321,86.91898,251.9427,10.6549,-1
233.6116,2.406835,201.321,86.91879,251.9643,10.64825,-1
233.6116,2.406837,201.321,86.91586,252.0501,10.70526,-1
233.6116,2.406838,201.321,86.91498,252.1245,10.75464,-1
233.6116,2.406837,201.321,86.90446,252.0682,10.66109,-1
233.6116,2.406837,201.321,86.91042,252.1233,10.6903,-1
233.6116,2.406834,201.321,86.91447,252.0601,10.60203,-1
233.6116,2.406833,201.321,86.92273,252.0812,10.59271,-1
233.6116,2.406832,201.321,86.91428,252.052,10.54023,-1
233.6117,2.406831,201.3211,86.92037,252.0591,10.5199,-1
233.6117,2.406831,201.3211,86.9212,252.0947,10.53188,-1
233.6117,2.406829,201.3211,86.92324,252.0658,10.47591,-1
233.6117,2.406829,201.3211,86.92604,252.1033,10.48986,-1
233.6117,2.406832,201.3211,86.92298,252.1989,10.56462,-1
233.6117,2.406831,201.3211,86.92159,252.1751,10.51322,-1
233.6117,2.406832,201.3211,86.93618,252.3042,10.61139,-1
233.6118,2.40683,201.3211,86.93222,252.2495,10.52844,-1
233.6118,2.40683,201.3211,86.9139,252.2146,10.4677,-1
233.6118,2.40683,201.3211,86.91383,252.2504,10.47707,-1
233.6118,2.406827,201.3211,86.90864,252.1557,10.3532,-1
233.6118,2.406827,201.3211,86.91682,252.2244,10.3859,-1
233.6118,2.406827,201.3212,86.9174,252.2344,10.37031,-1
233.6118,2.406827,201.3212,86.92922,252.3226,10.43022,-1
233.6119,2.406826,201.3212,86.92547,252.2906,10.36543,-1
233.6119,2.406824,201.3212,86.91834,252.2478,10.28331,-1
233.6119,2.406825,201.3212,86.91193,252.3014,10.29804,-1
233.6119,2.406827,201.3212,86.91599,252.426,10.38745,-1
233.6119,2.406828,201.3212,86.91282,252.4622,10.38965,-1
233.6119,2.40683,201.3212,86.90864,252.5553,10.45431,-1
233.612,2.406833,201.3212,86.91016,252.6763,10.54473,-1
233.612,2.40683,201.3212,86.91327,252.6215,10.46117,-1
233.612,2.406831,201.3212,86.91574,252.6922,10.49212,-1
233.612,2.406831,201.3213,86.92235,252.7748,10.541,-1
233.612,2.406831,201.3213,86.91999,252.7809,10.51436,-1
233.612,2.406833,201.3213,86.92107,252.8851,10.58185,-1
233.6121,2.406835,201.3213,86.92642,253.0263,10.68315,-1
233.6121,2.406835,201.3213,86.92191,253.027,10.65393,-1
233.6121,2.406834,201.3213,86.92133,253.0423,10.63313,-1
233.6121,2.406831,201.3213,86.92248,252.9879,10.5416,-1
233.6121,2.40683,201.3213,86.92763,253.0128,10.53075,-1
233.6122,2.406829,201.3213,86.92884,252.994,10.47549,-1
233.6122,2.406828,201.3213,86.93248,253.0111,10.45355,-1
233.6122,2.406827,201.3214,86.93369,253.0462,10.4522,-1
233.6122,2.40683,201.3214,86.93983,253.1709,10.54479,-1
233.6122,2.406829,201.3214,86.93529,253.1862,10.52421,-1
233.6122,2.406827,201.3214,86.93121,253.1296,10.43191,-1
233.6123,2.406825,201.3214,86.92604,253.0642,10.32679,-1
233.6123,2.406826,201.3214,86.93152,253.1608,10.38251,-1
233.6123,2.406826,201.3214,86.92267,253.1899,10.37429,-1
233.6123,2.406827,201.3214,86.92286,253.2616,10.40314,-1
233.6123,2.406826,201.3214,86.93663,253.3188,10.42455,-1
233.6124,2.406825,201.3214,86.93127,253.2916,10.35828,-1
233.6124,2.406826,201.3214,86.92738,253.3323,10.35409,-1
233.6124,2.406826,201.3214,86.93848,253.4349,10.4156,-1
233.6124,2.406826,201.3215,86.93427,253.4564,10.40196,-1
233.6124,2.406827,201.3215,86.93765,253.5311,10.43878,-1
233.6125,2.406823,201.3215,86.95008,253.4805,10.3478,-1
233.6125,2.40682,201.3215,86.94854,253.4257,10.25475,-1
233.6125,2.40682,201.3215,86.9529,253.4786,10.26393,-1
233.6125,2.406823,201.3215,86.94879,253.6146,10.3566,-1
233.6125,2.406822,201.3215,86.94559,253.6035,10.30719,-1
233.6125,2.406822,201.3215,86.93957,253.6295,10.29265,-1
233.6126,2.406826,201.3215,86.93637,253.7862,10.41293,-1
233.6126,2.406826,201.3216,86.93752,253.8256,10.41459,-1
233.6126,2.406822,201.3216,86.93356,253.7213,10.26652,-1
233.6126,2.406826,201.3216,86.93242,253.8766,10.38277,-1
233.6127,2.406822,201.3216,86.92305,253.7702,10.23692,-1
233.6127,2.406828,201.3216,86.91624,253.9753,10.39804,-1
233.6127,2.406827,201.3216,86.91624,254.0017,10.38833,-1
233.6127,2.406824,201.3216,86.92222,253.9553,10.29974,-1
233.6127,2.406825,201.3216,86.91548,254.0051,10.30759,-1
233.6128,2.406826,201.3216,86.91206,254.0506,10.31166,-1
233.6128,2.40683,201.3217,86.90649,254.2178,10.43794,-1
233.6128,2.406831,201.3217,86.90876,254.3212,10.49885,-1
233.6128,2.40683,201.3217,86.90839,254.3239,10.45515,-1
233.6128,2.406831,201.3217,86.90889,254.4076,10.49262,-1
233.6129,2.406832,201.3217,86.90402,254.4704,10.50538,-1
233.6129,2.406833,201.3217,86.90852,254.5635,10.55129,-1
233.6129,2.406831,201.3217,86.9051,254.5285,10.47142,-1
233.6129,2.406832,201.3217,86.91092,254.6367,10.53444,-1
233.613,2.406831,201.3217,86.90699,254.6212,10.47432,-1
233.613,2.406825,201.3217,86.91206,254.4789,10.28528,-1
233.613,2.406822,201.3217,86.9221,254.4736,10.22813,-1
233.613,2.406822,201.3218,86.91695,254.5104,10.21609,-1
233.6131,2.406824,201.3218,86.91238,254.597,10.25118,-1
233.6131,2.406825,201.3218,86.91586,254.6828,10.28729,-1
233.6131,2.406826,201.3218,86.91821,254.8052,10.35928,-1
233.6131,2.406823,201.3218,86.92235,254.7416,10.25033,-1
233.6132,2.406823,201.3218,86.92146,254.784,10.24042,-1
233.6132,2.406823,201.3218,86.92031,254.8436,10.25532,-1
233.6132,2.406817,201.3218,86.9094,254.6734,10.02609,-1
233.6132,2.40682,201.3219,86.91936,254.8567,10.15634,-1
233.6133,2.40682,201.3219,86.92311,254.9238,10.17538,-1
233.6133,2.406821,201.3219,86.9193,254.951,10.16699,-1
233.6133,2.406822,201.3219,86.92311,255.0669,10.23698,-1
233.6133,2.406821,201.3219,86.9314,255.105,10.22382,-1
233.6134,2.406822,201.3219,86.92999,255.1759,10.24789,-1
233.6134,2.406823,201.3219,86.92235,255.2514,10.26612,-1
233.6134,2.406825,201.3219,86.92731,255.3803,10.33799,-1
233.6134,2.406824,201.322,86.91232,255.346,10.24455,-1
233.6135,2.406827,201.322,86.9056,255.5138,10.35677,-1
233.6135,2.406828,201.322,86.91548,255.6019,10.39946,-1
233.6135,2.406829,201.322,86.91289,255.694,10.43676,-1
233.6136,2.40683,201.322,86.91486,255.7793,10.46643,-1
233.6136,2.406829,201.322,86.91574,255.8117,10.44696,-1
233.6136,2.40683,201.322,86.91612,255.8845,10.46667,-1
233.6136,2.40683,201.3221,86.91548,255.9398,10.46772,-1
233.6137,2.406828,201.3221,86.9113,255.9091,10.383,-1
233.6137,2.406826,201.3221,86.9051,255.8922,10.31504,-1
233.6137,2.406829,201.3221,86.92197,256.0733,10.45569,-1
233.6137,2.406829,201.3221,86.91422,256.0908,10.41998,-1
233.6138,2.40683,201.3221,86.90744,256.1701,10.4441,-1
233.6138,2.406834,201.3221,86.9051,256.3575,10.57686,-1
233.6138,2.406828,201.3221,86.9044,256.2202,10.3833,-1
233.6138,2.406832,201.3221,86.89726,256.3491,10.46512,-1
233.6139,2.406792,201.3221,86.8007,254.797,8.863102,-1
233.6139,2.40671,201.3222,86.93587,252.4941,6.483002,-1
233.614,2.406628,201.3222,86.79863,249.6519,3.546947,-1
233.6194,2.405612,201.324,83.15771,242.7619,346.2716,-1
233.6305,2.402304,201.3245,60.03338,263.1857,344.7186,-1
233.6468,2.403754,201.3179,58.08337,300.5661,350.5991,-1
233.6568,2.402423,201.3035,63.70149,325.3862,343.2177,-1
233.6523,2.401484,201.3117,65.10821,303.525,338.0582,-1
233.6431,2.399258,201.3195,66.64021,268.6611,325.1005,-1
233.6494,2.405958,201.3156,79.11928,309.5313,354.6886,-1
233.6444,2.406307,201.3197,79.51643,301.1249,357.9344,-1
233.6403,2.407453,201.322,77.4656,302.3289,7.742998,-1
233.6419,2.40249,201.3209,49.43333,289.6793,348.8408,-1
233.6518,2.40144,201.3124,34.53447,315.6807,348.8947,-1
233.6542,2.394875,201.305,19.40835,328.2409,337.3107,-1
233.654,2.39339,201.3038,3.32479,336.5684,335.7381,-1
233.6563,2.397087,201.3014,4.319854,342.6328,342.8109,-1
233.6566,2.396496,201.2996,14.27355,342.5934,341.1479,-1
233.6558,2.394931,201.3004,15.94535,339.1339,337.8798,-1
233.6557,2.398162,201.304,17.46139,334.0048,344.1144,-1
233.6555,2.39894,201.3051,15.56856,332.9608,345.7715,-1
233.655,2.400105,201.3069,9.150396,331.715,348.2892,-1
233.6555,2.402423,201.3067,6.444031,333.5159,352.6034,-1
233.6556,2.404654,201.307,6.804542,333.3931,356.6388,-1
233.6556,2.405286,201.307,11.44238,333.3749,357.7511,-1
233.6558,2.40496,201.3067,14.65154,333.8202,357.1165,-1
233.656,2.404706,201.3062,18.14701,334.5173,356.5844,-1
233.6561,2.404212,201.3058,17.86352,334.998,355.66,-1
233.6561,2.404227,201.3059,18.27896,334.7038,355.6776,-1
233.6564,2.404675,201.3053,18.15915,336.0908,356.5263,-1
233.6569,2.404487,201.3039,17.20601,338.8077,356.1912,-1
233.6568,2.403456,201.304,19.66521,337.7826,354.1696,-1
233.6562,2.404801,201.3056,14.92791,335.7593,356.8193,-1
233.6562,2.404689,201.3057,12.38091,335.7453,356.6465,-1
233.6567,2.404642,201.3045,12.40454,338.0427,356.5605,-1
233.6571,2.405287,201.3034,18.03646,340.2443,357.6824,-1
233.6572,2.405617,201.3032,21.32778,340.6914,358.2702,-1
233.6573,2.405257,201.3029,20.98269,340.9549,357.5823,-1
233.6572,2.405435,201.3032,19.85658,340.6532,357.94,-1
233.6574,2.40497,201.3025,19.42922,341.6353,357.0615,-1
233.6574,2.405135,201.3026,15.24101,341.7958,357.4336,-1
233.6572,2.405316,201.3032,18.19937,340.5981,357.736,-1
233.6572,2.405853,201.3032,17.59801,340.9776,358.753,-1
233.6571,2.405858,201.3036,17.98927,340.0575,358.7592,-1
233.6569,2.405402,201.304,29.23118,338.6799,357.7119,-1
233.6572,2.404911,201.3031,29.83631,339.8681,356.6833,-1
233.6571,2.404604,201.3033,32.20954,338.8609,355.9491,-1
233.6569,2.40385,201.3039,29.41631,337.2751,354.5105,-1
233.6573,2.404395,201.3028,27.63033,340.0869,355.7066,-1
233.6574,2.404489,201.3025,27.15328,340.6686,355.9155,-1
233.6573,2.405488,201.303,15.07764,341.1458,358.0916,-1
233.6573,2.405924,201.3029,12.80026,341.6836,358.9103,-1
233.6575,2.406695,201.3023,13.2909,342.9718,0.328202,-1
233.6575,2.405871,201.3024,14.97323,342.5359,358.8019,-1
233.6572,2.404605,201.3031,15.27059,340.525,356.4488,-1
233.6569,2.40399,201.3037,17.07381,338.7844,355.261,-1
233.6567,2.403789,201.3044,18.98371,337.3323,354.8267,-1
233.6572,2.405108,201.3031,19.70684,340.5282,357.319,-1
233.6576,2.405087,201.3019,19.64979,342.7359,357.2794,-1
233.6574,2.405724,201.3026,18.66678,342.015,358.5009,-1
233.6574,2.40623,201.3025,10.8678,342.4704,359.4772,-1
233.6573,2.405585,201.3028,20.33919,341.4267,358.2193,-1
233.6575,2.404701,201.3022,26.37754,341.5113,356.3681,-1
233.6579,2.405854,201.301,26.81615,344.7749,358.6698,-1
233.6578,2.406307,201.3013,24.16229,344.7104,359.5881,-1
233.6583,2.406044,201.299,23.06909,348.7698,359.0802,-1
233.6583,2.40691,201.2989,23.5865,349.5295,0.7688851,-1
233.6576,2.406413,201.3019,19.70602,343.6454,359.8027,-1
233.6562,2.406791,201.3058,8.036177,336.2456,0.4954095,-1
233.6559,2.407677,201.3064,6.821546,335.2915,2.091727,-1
233.6561,2.409538,201.3057,7.724737,337.1668,5.467114,-1
233.6566,2.407364,201.3047,6.30025,338.5385,1.525806,-1
233.6569,2.405122,201.304,13.16189,339.1801,357.4347,-1
233.6567,2.405596,201.3046,17.65402,338.1689,358.2697,-1
233.6569,2.40499,201.3039,17.94511,339.0332,357.1254,-1
233.6567,2.405434,201.3044,17.61247,338.2584,357.965,-1
233.6565,2.404957,201.3051,15.65754,336.8379,357.0984,-1
233.6567,2.406092,201.3046,8.330956,338.5394,359.2305,-1
233.657,2.406633,201.3039,5.835179,339.9278,0.2085996,-1
233.6571,2.406629,201.3036,5.947464,340.6155,0.2006725,-1
233.6573,2.406441,201.3031,5.378598,341.5381,359.8623,-1
233.6572,2.406407,201.3033,5.625182,341.0626,359.8029,-1
233.6572,2.406448,201.3031,5.91553,341.3878,359.8758,-1
233.6574,2.406467,201.3025,5.316953,342.6113,359.9102,-1
233.6575,2.40679,201.3024,5.408772,342.8099,0.4915946,-1
233.657,2.406281,201.3039,5.916431,339.8958,359.576,-1
233.6581,2.406385,201.3,5.412623,347.314,359.7629,-1
233.6577,2.406217,201.2842,3.760152,15.82795,359.4607,-1
233.6575,2.406386,201.2837,3.821551,16.79141,359.765,-1
233.6587,2.406464,201.2895,4.07743,6.159946,359.9037,-1
233.6556,2.406913,201.307,5.512758,333.8851,0.7127824,-1
233.6555,2.40674,201.3073,5.168565,333.3302,0.401284,-1
233.6555,2.406653,201.3073,4.753452,333.2712,0.245294,-1
233.6555,2.406704,201.3072,3.712432,333.537,0.3354514,-1
233.6554,2.406775,201.3076,3.842568,332.8293,0.4634792,-1
170.9286,2.406888,324.7166,3.865102,332.9037,0.6717315,-1
170.9288,2.406593,324.7162,4.120773,333.8831,0.141124,-1
170.9305,2.405594,324.7121,4.611333,341.521,358.3461,-1
170.932,2.406444,324.6993,3.616142,4.99707,359.8741,-1
170.9317,2.406227,324.6971,3.878411,8.806328,359.4841,-1
170.9254,2.405566,324.6824,3.27043,37.72561,358.2997,-1
170.9187,2.404999,324.6761,3.536893,54.26514,357.2817,-1
170.9201,2.40526,324.6771,4.052433,51.19949,357.7474,-1
170.9312,2.405968,324.6948,7.119723,13.04853,359.0136,-1
170.926,2.40663,324.7208,4.251445,324.0947,0.2073735,-1
170.9174,2.407722,324.7289,3.440613,302.8853,2.167184,-1
170.9038,2.408323,324.7338,3.323013,276.8271,3.246502,-1
170.9001,1.031514,324.7021,0,0,0,exit0
170.895,2.406477,324.7336,0.6298953,260.7662,359.9337,-1
170.8911,2.404891,324.7327,359.9503,253.648,357.0923,-1
170.9207,2.405042,324.7467,0.5171399,231.4959,0.5426877,-1
170.9137,2.406959,324.7339,1.645526,199.0369,4.504574,-1
170.9122,2.407921,324.7265,3.402508,185.7653,6.243851,-1
170.9126,2.405809,324.7171,2.52477,168.639,2.442501,-1
170.9139,2.404677,324.7124,3.4462,159.813,0.4130182,-1
170.8664,2.408999,324.8225,2.436179,132.7176,4.452509,-1
170.8702,2.408145,324.82,4.260449,122.7165,2.923792,-1
170.8516,2.408545,324.7888,5.169633,119.8342,3.648462,-1
170.8506,2.406921,324.7817,4.355181,114.2085,0.7257258,-1
170.8505,2.404361,324.7818,4.995531,114.1302,356.1219,-1
170.8154,2.404905,324.7982,7.406281,116.8981,357.0881,-1
170.8158,2.406402,324.7981,10.45056,116.1458,359.79,-1
170.819,2.406562,324.7967,11.75001,109.9372,0.0825118,-1
170.9504,2.402082,324.7366,8.727432,116.9864,0.01685268,-1
174.2924,2.40609,322.6705,11.13659,127.1982,359.2199,-1
175.3302,2.399647,321.9114,8.405842,117.4001,358.6561,-1
175.8411,2.402045,321.6766,7.080932,110.3908,1.063836,-1
177.374,2.407547,321.1453,9.257091,108.0338,1.868311,-1
180.7434,2.398945,320.0271,9.307769,109.6535,1.09243,-1
183.1354,2.406844,319.158,9.641789,110.4712,0.5931447,-1
186.605,2.398082,317.8635,10.12891,110.3901,0.423894,-1
190.3873,2.399216,316.4576,8.648514,110.3863,0.6386434,-1
193.8668,2.406938,315.1981,4.375251,109.6106,0.756091,-1
197.5439,2.40684,313.8803,4.457727,110.0496,0.580633,-1
201.3411,2.406333,312.4903,5.092723,110.4576,0.4132947,-1
205.0393,2.406725,311.1068,4.813676,110.692,0.3739561,-1
208.8462,2.406901,309.668,4.7362,110.6995,0.6893647,-1
212.6644,2.407001,308.2214,4.565826,110.8392,0.8684914,-1
216.1529,2.40692,306.888,4.361286,111.0666,0.7243368,-1
219.7346,2.406481,305.4991,4.491842,111.275,0.6229681,-1
223.4435,2.407068,304.0342,4.993326,114.546,0.9906161,-1
226.8811,2.406971,302.4991,5.246762,112.4742,0.8171868,-1
230.4756,2.406865,301.0696,5.555089,110.674,1.215679,-1
234.1301,2.39808,299.6746,5.260608,111.0534,0.9345875,-1
237.7992,2.406862,298.263,5.192112,111.0003,0.6208582,-1
241.3948,2.405619,296.878,5.13449,111.0011,0.3328126,-1
245.0864,2.406784,295.4563,5.825659,111.0855,0.4804707,-1
248.8233,2.398799,294.0052,5.477484,111.5151,0.7160966,-1
252.4852,2.405045,292.5688,5.797498,111.5996,0.8909155,-1
256.2907,2.399197,291.0738,6.818349,111.458,0.8580005,-1
259.9965,2.4068,289.6212,8.103016,111.4343,0.5122669,-1
263.7628,2.403242,288.1157,10.08681,113.0843,0.4408833,-1
266.3149,2.406404,287.0398,12.13967,112.6024,359.7934,-1
266.3709,2.405985,287.0162,5.076134,113.5226,359.0436,-1
266.3837,1.031517,287.0455,0,0,0,enter1
266.3677,2.405901,287.0179,5.751754,119.9647,358.891,-1
266.3551,2.406068,287.0312,8.717437,153.3267,359.1864,-1
266.3517,2.406416,287.0455,5.017694,180.0043,359.8187,-1
266.3528,2.405443,287.0536,5.443346,194.3477,358.0677,-1
266.3523,2.407012,287.0514,6.68517,190.6767,0.8924848,-1
266.3521,2.408965,287.05,7.456035,188.6421,4.424003,-1
266.3526,2.408943,287.0525,3.937509,192.8309,4.358154,-1
266.3532,2.408191,287.0549,2.39618,197.2116,3.00139,-1
266.3534,2.40736,287.0556,3.57931,198.3868,1.511806,-1
266.3533,2.407307,287.0555,5.347267,198.3432,1.419765,-1
266.3533,2.407588,287.0554,7.565032,198.1613,1.935205,-1
266.3531,2.407483,287.0548,8.690776,197.2149,1.749452,-1
266.3837,1.031517,287.0455,0,0,0,exit1
265.9668,2.406727,285.7901,9.037318,197.4141,0.3807703,-1
265.0687,2.406809,282.9676,9.03565,198.6361,0.5299135,-1
263.8959,2.402971,279.651,8.801642,200.4136,0.7823008,-1
262.8666,2.406949,276.8845,8.801642,200.4136,0.7823008,-1
261.7426,2.404015,273.8645,9.035961,200.6715,0.7142405,-1
260.5567,2.407087,270.6401,8.967528,199.2023,1.033582,-1
259.4896,2.406942,267.5702,6.159103,198.8779,0.7651932,-1
258.3487,2.407079,264.2067,6.000607,198.5419,1.011844,-1
257.2683,2.407203,261.007,7.228566,198.8207,1.238859,-1
256.1335,2.407577,257.7053,7.777613,198.7209,1.915,-1
254.9892,2.407004,254.3161,6.606592,199.4013,0.8772143,-1
253.8637,2.406775,251.1297,7.103579,199.4755,0.4648555,-1
252.6883,2.407069,247.8021,6.997355,199.3615,0.9963529,-1
251.4121,2.401059,244.2294,5.826601,200.323,1.10451,-1
250.0938,2.406935,240.6977,5.350303,201.052,0.752695,-1
248.7806,2.406638,237.3207,5.069489,201.6288,0.2498747,-1
247.451,2.397646,233.9518,5.60271,201.2897,359.6629,-1
246.3351,2.406273,231.0735,6.647825,200.7011,359.5607,-1
246.2948,1.031517,230.8783,0,0,0,enter2
246.2647,2.406429,230.8892,4.453245,200.174,359.8425,-1
246.266,2.405867,230.8922,3.04169,206.3868,358.8349,-1
246.2732,2.405149,230.9017,3.718963,227.7496,357.5438,-1
246.2846,2.404144,230.9083,5.03906,251.2569,355.7309,-1
246.2903,2.405105,230.9097,6.46407,261.9322,357.4551,-1
246.2935,2.407737,230.9099,5.762045,268.176,2.196089,-1
246.2926,2.410324,230.9097,6.912642,267.2203,6.883282,-1
246.3017,2.40864,230.9091,4.006156,282.9914,3.813822,-1
246.3083,2.407495,230.9069,1.788012,295.288,1.75168,-1
246.3095,2.40748,230.9063,4.903883,297.8322,1.72991,-1
246.3102,2.407286,230.9059,6.822322,299.2161,1.3859,-1
246.3102,2.408162,230.9059,8.011209,299.4993,2.975164,-1
246.3107,2.407352,230.9056,8.491745,300.4067,1.512043,-1
246.2946,1.031517,230.878,0,0,0,exit2
244.8271,2.407403,231.7646,8.949594,300.1569,1.605802,-1
242.5985,2.40687,233.0659,9.409823,300.5153,0.6411384,-1
239.4917,2.406525,234.8903,8.348269,300.9259,0.01440511,-1
236.3618,2.406685,236.8026,7.348276,304.5919,0.7415407,-1
233.7034,2.397249,238.7293,6.395027,306.2692,0.1677448,-1
230.8542,2.399129,240.7524,5.820253,303.2922,0.5048684,-1
227.7027,2.407068,242.7407,6.579314,300.4638,0.9939772,-1
223.9393,2.406777,244.9441,6.021843,300.7506,0.4689814,-1
220.4412,2.406285,247.0667,5.604979,302.296,359.5832,-1
217.3226,2.406183,249.0327,6.123773,302.033,359.3982,-1
214.159,2.406108,251.0118,6.134362,301.9379,359.3814,-1
210.8456,2.406226,253.0851,6.282916,302.1683,359.4758,-1
207.7545,2.406085,255.0247,5.961963,302.1317,359.2215,-1
204.4596,2.405774,257.0819,359.4636,302.2273,358.6695,-1
201.3306,2.40196,259.0471,0.8559263,301.9678,358.9785,-1
197.9674,2.40632,261.0967,5.164544,300.7262,359.6453,-1
194.9043,2.405812,263.0574,4.813308,306.7844,358.7332,-1
192.0978,2.405673,265.2661,3.817846,308.9851,358.4852,-1
189.18,2.40618,267.534,3.764379,305.4276,359.3952,-1
186.1496,2.402832,269.6189,3.635303,304.3491,0.1445508,-1
183.2451,2.405416,271.8065,3.40886,314.4641,358.0245,-1
180.5081,2.402099,274.3424,4.070374,308.9008,357.7697,-1
177.5642,2.405829,276.5934,3.681322,305.6248,358.765,-1
174.4796,2.406881,278.7676,358.089,304.675,0.6528053,-1
171.5029,2.407094,280.7668,357.0528,302.7453,1.033944,-1
170.6589,2.405807,281.3068,355.735,301.7165,0.2935859,-1
170.2151,2.406257,281.575,355.723,296.6985,359.8089,-1
170.0061,1.024379,281.6413,0,0,0,enter0
