*Subject
22
*Layout
1
*Condition
True,True,True
*Marks
183.4466,0,226.8779
280.3174,0,189.2496
302.0432,0,245.1767
*Path
x,y,z,flag
288.5903,2.406191,297.2644,11.21012,2.422756,359.4043,-1
288.5935,2.404513,297.384,11.10024,6.058031,357.5777,-1
288.5926,2.403505,297.3798,12.06302,13.67505,355.7347,-1
288.5901,2.403273,297.3732,12.16015,26.2249,355.3075,-1
288.588,2.403248,297.3697,11.67825,33.52481,355.2691,-1
288.5864,2.402885,297.3676,11.33133,38.33126,354.61,-1
288.5831,2.402304,297.3642,10.19675,46.7519,353.5666,-1
288.5823,2.402728,297.3635,10.46428,48.71193,354.3375,-1
288.5806,2.403247,297.3621,10.6965,52.80246,355.2841,-1
288.5781,2.403579,297.3604,14.1238,58.20139,355.8365,-1
288.5767,2.404034,297.3595,17.73145,61.11005,356.6178,-1
288.5764,2.403571,297.3594,15.41258,61.59763,355.7948,-1
288.5762,2.404055,297.3593,15.86354,62.15189,356.6898,-1
288.575,2.404555,297.3587,16.286,64.88888,357.6157,-1
288.5749,2.404804,297.3586,15.60009,65.25787,358.0877,-1
288.5747,2.404645,297.3586,15.51504,65.44701,357.7937,-1
288.5748,2.404661,297.3586,15.23361,65.30418,357.8258,-1
288.5751,2.404743,297.3587,14.71003,64.73837,357.9837,-1
288.576,2.404819,297.3592,14.39527,62.9181,358.1263,-1
288.5773,2.404673,297.3598,13.63073,60.45297,357.864,-1
288.5766,2.404737,297.3595,13.2909,61.80353,357.9843,-1
288.5764,2.404741,297.3593,14.17606,62.33738,357.9846,-1
288.576,2.404755,297.3592,16.32,62.94234,357.9885,-1
288.5761,2.404794,297.3592,15.7309,62.79888,358.067,-1
288.5763,2.404891,297.3593,15.21724,62.50863,358.2518,-1
288.5762,2.404845,297.3593,15.03248,62.61904,358.1695,-1
288.576,2.404621,297.3592,16.77727,62.81075,357.7332,-1
288.5764,2.404535,297.3593,16.81723,62.05585,357.5721,-1
288.5774,2.404521,297.3599,16.47436,60.00066,357.55,-1
288.5773,2.404554,297.3599,16.32202,60.18874,357.614,-1
288.5769,2.404759,297.3596,16.05182,61.13734,358,-1
288.5767,2.404649,297.3595,15.71374,61.42975,357.7971,-1
288.5764,2.404748,297.3593,15.43357,62.19477,357.9859,-1
288.576,2.404735,297.3592,15.72548,62.92083,357.9584,-1
288.5761,2.404422,297.3593,20.98081,62.23888,357.2934,-1
288.5757,2.404431,297.359,26.81915,62.84315,357.188,-1
288.5757,2.404432,297.359,26.81915,62.84315,357.188,-1
288.5757,2.404432,297.359,26.81915,62.84315,357.188,-1
288.5714,2.404689,297.3573,26.18808,71.4032,357.7178,-1
288.5705,2.404613,297.357,26.05201,73.08836,357.5681,-1
288.5715,2.405102,297.3573,29.34113,71.52299,358.4983,-1
288.5732,2.40543,297.3579,32.23413,68.51141,359.1485,-1
288.574,2.405323,297.3582,30.22937,66.83512,358.9438,-1
288.5746,2.404888,297.3585,27.02783,65.44017,358.101,-1
288.5738,2.402737,297.3583,31.08437,64.44154,353.5151,-1
288.575,2.402951,297.3588,18.98497,63.58722,354.535,-1
288.5745,2.406652,297.3585,6.253142,66.58951,1.475993,-1
288.5759,2.412787,297.3599,17.0299,66.98176,13.1383,-1
288.5787,2.411879,297.3613,24.70088,62.42653,12.00432,-1
288.5785,2.408545,297.3607,26.35114,60.65344,5.429201,-1
288.5786,2.402901,297.3607,35.96067,54.23053,353.5016,-1
288.5796,2.40117,297.3616,36.79852,49.35728,349.5158,-1
288.5833,2.409766,297.3644,12.74417,48.9253,7.240264,-1
288.579,2.407657,297.3609,13.83206,58.14122,3.36606,-1
288.5811,2.407097,297.3624,22.2417,53.55198,2.447307,-1
288.5888,2.40249,297.3711,25.58731,28.76187,353.35,-1
288.5872,2.406848,297.3684,23.85837,38.02607,1.988973,-1
288.5779,2.404393,297.3602,25.65494,58.4815,357.14,-1
288.579,2.404662,297.3608,30.33389,56.12069,357.5714,-1
288.5774,2.404593,297.3599,43.7035,58.61958,356.9301,-1
288.5779,2.405165,297.3601,56.01421,57.99823,357.8612,-1
288.5794,2.405692,297.3611,50.91761,56.21936,359.6003,-1
288.5792,2.405612,297.361,51.08185,56.43232,359.3708,-1
288.5792,2.405687,297.361,50.53674,56.51898,359.5913,-1
288.5791,2.405644,297.3609,51.02856,56.76569,359.4626,-1
288.5792,2.405723,297.361,50.45612,56.70885,359.692,-1
288.579,2.405653,297.3608,51.02284,56.9418,359.4896,-1
288.5791,2.405713,297.3609,50.56037,56.93932,359.6624,-1
288.579,2.405698,297.3608,50.74154,57.06327,359.6198,-1
288.579,2.405706,297.3608,50.71816,57.12954,359.6414,-1
288.579,2.405721,297.3608,50.59991,57.19238,359.6852,-1
288.5789,2.405716,297.3608,50.685,57.29746,359.67,-1
288.5789,2.40572,297.3607,50.64264,57.34749,359.682,-1
288.5789,2.405728,297.3607,50.61503,57.42151,359.7048,-1
288.5788,2.405729,297.3607,50.62722,57.49166,359.7069,-1
288.5788,2.40573,297.3607,50.6349,57.56525,359.7101,-1
288.5788,2.40573,297.3607,50.61266,57.62107,359.7118,-1
288.5788,2.405746,297.3607,50.50161,57.67287,359.7581,-1
288.5787,2.405767,297.3607,50.37259,57.72632,359.816,-1
288.5787,2.405786,297.3607,50.2305,57.76523,359.8694,-1
288.5787,2.405805,297.3607,50.09943,57.81737,359.9215,-1
288.5787,2.405815,297.3607,50.00134,57.84272,359.9511,-1
288.5787,2.405831,297.3607,49.89448,57.88566,-0.003909722,-1
288.5787,2.405844,297.3607,49.81012,57.91614,0.03145343,-1
288.5787,2.405853,297.3607,49.73902,57.9458,0.05751448,-1
288.5787,2.405869,297.3607,49.66059,57.97428,0.1000501,-1
288.5787,2.405873,297.3607,49.60532,57.99394,0.112521,-1
288.5787,2.405886,297.3607,49.54441,58.01945,0.1466707,-1
288.5787,2.405895,297.3607,49.49694,58.04473,0.1710603,-1
288.5787,2.405905,297.3607,49.44884,58.06829,0.1999441,-1
288.5787,2.405913,297.3607,49.40017,58.09784,0.2216003,-1
288.5787,2.405917,297.3607,49.36842,58.11571,0.2332152,-1
288.5787,2.405921,297.3607,49.34025,58.13404,0.2425581,-1
288.5787,2.405925,297.3607,49.31281,58.14099,0.2531828,-1
288.5787,2.405931,297.3607,49.27883,58.16356,0.2690009,-1
288.5787,2.405931,297.3607,49.257,58.18153,0.2702031,-1
288.5787,2.405934,297.3607,49.22722,58.18922,0.277398,-1
288.5787,2.405937,297.3607,49.19667,58.19924,0.2855572,-1
288.5787,2.405939,297.3607,49.19249,58.20273,0.2911325,-1
288.5787,2.405941,297.3607,49.19324,58.21872,0.2989208,-1
288.5787,2.405947,297.3607,49.1655,58.23037,0.314947,-1
288.5787,2.405945,297.3606,49.16075,58.25311,0.3069395,-1
288.5787,2.405947,297.3606,49.16571,58.26181,0.314426,-1
288.5787,2.405956,297.3606,49.10577,58.27739,0.3365298,-1
288.5787,2.405951,297.3606,49.14909,58.3023,0.3248647,-1
288.5787,2.405958,297.3606,49.11201,58.31092,0.3427546,-1
288.5787,2.405957,297.3606,49.0638,58.30744,0.3404126,-1
288.5787,2.405956,297.3606,49.06163,58.31176,0.3360275,-1
288.5787,2.405956,297.3606,49.07434,58.32368,0.3366504,-1
288.5787,2.405954,297.3606,49.08413,58.32176,0.3312729,-1
288.5787,2.405953,297.3606,49.0741,58.31606,0.3305466,-1
288.5787,2.40596,297.3606,49.06105,58.34852,0.3478365,-1
288.5786,2.40596,297.3606,49.05822,58.35833,0.348257,-1
288.5786,2.405961,297.3606,49.0591,58.37167,0.3494567,-1
288.5786,2.40596,297.3606,49.05726,58.38015,0.3489773,-1
288.5786,2.405962,297.3606,49.05268,58.38107,0.3524287,-1
288.5786,2.40596,297.3606,49.04811,58.37526,0.348194,-1
288.5786,2.405958,297.3606,49.04904,58.37421,0.3423932,-1
288.5786,2.40596,297.3606,49.04878,58.36486,0.3471227,-1
288.5786,2.405957,297.3606,49.05608,58.36356,0.3410164,-1
288.5786,2.405953,297.3606,49.06644,58.36533,0.3287781,-1
288.5786,2.40595,297.3606,49.06028,58.35905,0.3214043,-1
288.5786,2.405958,297.3606,49.0508,58.3786,0.3413632,-1
288.5786,2.405961,297.3606,49.04359,58.38696,0.3501422,-1
288.5786,2.405962,297.3606,49.05412,58.40274,0.3525484,-1
288.5786,2.405961,297.3606,49.06443,58.39957,0.3510553,-1
288.5786,2.405961,297.3606,49.05127,58.40321,0.3508633,-1
288.5786,2.405965,297.3606,49.04068,58.40776,0.3610493,-1
288.5786,2.40596,297.3606,49.06498,58.41924,0.3486249,-1
288.5786,2.405964,297.3606,49.06816,58.42289,0.3585306,-1
288.5786,2.405964,297.3606,49.04485,58.4287,0.359652,-1
288.5786,2.405967,297.3606,49.04203,58.43531,0.3668709,-1
288.5786,2.405962,297.3606,49.06437,58.43674,0.3539997,-1
288.5786,2.405961,297.3606,49.06065,58.42978,0.3497959,-1
288.5786,2.405961,297.3606,49.06065,58.42978,0.3497933,-1
288.5786,2.405961,297.3606,49.06065,58.42978,0.3497933,-1
288.5786,2.405952,297.3606,49.08394,58.41527,0.3259296,-1
288.5786,2.40595,297.3606,49.07693,58.41863,0.3213713,-1
288.5786,2.405953,297.3606,49.07613,58.42857,0.3300935,-1
288.5786,2.405954,297.3606,49.0721,58.43711,0.3322119,-1
288.5786,2.405957,297.3606,49.05871,58.44441,0.3411725,-1
288.5786,2.405963,297.3606,49.05156,58.46046,0.3577282,-1
288.5786,2.405963,297.3606,49.0565,58.45865,0.3561169,-1
288.5786,2.405961,297.3606,49.06342,58.46607,0.3500292,-1
288.5786,2.405961,297.3606,49.0641,58.47908,0.3518374,-1
288.5786,2.405964,297.3606,49.0533,58.49057,0.3588012,-1
288.5786,2.405972,297.3606,49.03848,58.50417,0.3797046,-1
288.5786,2.405967,297.3606,49.05677,58.50545,0.368775,-1
288.5786,2.405967,297.3606,49.05248,58.5169,0.3682013,-1
288.5786,2.405974,297.3606,49.05041,58.52705,0.3870674,-1
288.5786,2.40597,297.3606,49.04176,58.52068,0.3765542,-1
288.5786,2.405977,297.3606,49.25588,58.47598,0.3957245,-1
288.5787,2.405966,297.3606,49.11938,58.31252,0.3664617,-1
288.5789,2.406043,297.3607,49.33707,58.1035,0.579408,-1
288.5788,2.406073,297.3607,49.30355,58.22311,0.6607179,-1
288.5789,2.406109,297.3607,49.37333,58.24114,0.7597819,-1
288.5788,2.406099,297.3607,49.34659,58.302,0.7335783,-1
288.5788,2.406058,297.3607,49.37105,58.28888,0.6207846,-1
288.5789,2.40607,297.3607,49.28424,58.1129,0.6535059,-1
288.5789,2.406073,297.3607,49.30442,58.14707,0.6609182,-1
288.5789,2.406072,297.3607,49.32027,58.12598,0.6572326,-1
288.5789,2.406069,297.3607,49.3126,58.12374,0.6491149,-1
288.5789,2.406068,297.3607,49.32922,58.13462,0.6465669,-1
288.5789,2.406065,297.3607,49.33555,58.12335,0.6375881,-1
288.5789,2.406067,297.3607,49.32512,58.13041,0.6449227,-1
288.5789,2.406065,297.3607,49.33124,58.12967,0.6388399,-1
288.5789,2.406065,297.3607,49.33832,58.12376,0.6403286,-1
288.5789,2.406063,297.3607,49.33254,58.11806,0.63289,-1
288.5789,2.406066,297.3607,49.32786,58.12387,0.6412956,-1
288.5789,2.406071,297.3607,49.32639,58.12391,0.6543117,-1
288.5789,2.406066,297.3607,49.31464,58.11241,0.6423625,-1
288.5789,2.406069,297.3607,49.30086,58.11344,0.6499737,-1
288.5789,2.406069,297.3607,49.30193,58.12061,0.6506582,-1
288.5789,2.406071,297.3607,49.30276,58.12403,0.6547886,-1
288.5789,2.406068,297.3607,49.29926,58.12093,0.6479308,-1
288.5789,2.406067,297.3607,49.30023,58.1153,0.6452935,-1
288.5789,2.406067,297.3607,49.3056,58.11473,0.6446986,-1
288.5789,2.406067,297.3607,49.30896,58.12185,0.6453451,-1
288.5789,2.406067,297.3607,49.29541,58.11656,0.6453037,-1
288.5789,2.40607,297.3607,49.29232,58.11183,0.6530526,-1
288.5789,2.406073,297.3607,49.29358,58.11144,0.6596835,-1
288.5789,2.406073,297.3607,49.29671,58.11594,0.6601942,-1
288.5789,2.406074,297.3607,49.29647,58.11266,0.6623774,-1
288.5789,2.406072,297.3607,49.29118,58.10004,0.6565854,-1
288.5789,2.406067,297.3607,49.28527,58.08704,0.6429719,-1
288.5789,2.406067,297.3607,49.29157,58.08276,0.6431432,-1
288.5789,2.406067,297.3607,49.29352,58.08653,0.644614,-1
288.5789,2.406065,297.3607,49.29744,58.0811,0.6372285,-1
288.5789,2.406065,297.3607,49.29267,58.0809,0.6388871,-1
288.5789,2.406065,297.3607,49.28244,58.08923,0.6393305,-1
288.5789,2.406063,297.3607,49.29063,58.09439,0.6311291,-1
288.5789,2.406061,297.3607,49.28912,58.09787,0.6274654,-1
288.5789,2.406061,297.3607,49.28404,58.10114,0.6271075,-1
288.5789,2.406063,297.3607,49.28044,58.10951,0.6322315,-1
288.5789,2.40606,297.3607,49.2865,58.11703,0.6249764,-1
288.5789,2.406065,297.3607,49.27676,58.12761,0.6371105,-1
288.5789,2.406065,297.3607,49.2572,58.13016,0.6386056,-1
288.5789,2.406063,297.3607,49.28026,58.14533,0.6328444,-1
288.5789,2.40606,297.3607,49.28989,58.15294,0.6251083,-1
288.5789,2.406068,297.3607,49.26868,58.17488,0.6458542,-1
288.5789,2.406065,297.3607,49.26969,58.18603,0.6391994,-1
288.5788,2.406065,297.3607,49.2837,58.19604,0.6386399,-1
288.5788,2.406062,297.3607,49.28318,58.20448,0.6312746,-1
288.5788,2.406065,297.3607,49.26331,58.21975,0.6388811,-1
288.5788,2.406063,297.3607,49.26633,58.23432,0.6328462,-1
288.5788,2.406063,297.3607,49.26751,58.24531,0.6325997,-1
288.5788,2.406066,297.3607,49.27685,58.27419,0.6404228,-1
288.5788,2.406063,297.3607,49.28271,58.28101,0.6325616,-1
288.5788,2.406064,297.3607,49.27657,58.28795,0.6346659,-1
288.5788,2.406062,297.3607,49.27789,58.29899,0.6297462,-1
288.5788,2.406062,297.3607,49.28192,58.30952,0.6295019,-1
288.5788,2.406065,297.3607,49.27937,58.32736,0.6377566,-1
288.5788,2.406063,297.3607,49.28099,58.33915,0.6321155,-1
288.5787,2.406063,297.3607,49.27832,58.35512,0.6314791,-1
288.5787,2.406065,297.3607,49.27643,58.36785,0.6372737,-1
288.5787,2.406062,297.3607,49.27682,58.37205,0.6287013,-1
288.5787,2.406061,297.3607,49.27942,58.37281,0.6260539,-1
288.5787,2.406065,297.3607,49.27824,58.3938,0.6375562,-1
288.5787,2.406061,297.3607,49.27728,58.39912,0.627181,-1
288.5787,2.406062,297.3607,49.26802,58.4089,0.630408,-1
288.5787,2.406066,297.3607,49.26636,58.4326,0.6405404,-1
288.5787,2.406068,297.3607,49.27035,58.44988,0.6472082,-1
288.5787,2.40607,297.3607,49.27894,58.46275,0.6505589,-1
288.5787,2.406066,297.3607,49.28609,58.46494,0.6410664,-1
288.5787,2.406071,297.3607,49.27502,58.47561,0.6532739,-1
288.5787,2.40607,297.3607,49.28217,58.48468,0.6513162,-1
288.5787,2.406068,297.3607,49.29279,58.49109,0.6474766,-1
288.5787,2.406068,297.3606,49.29125,58.50585,0.6470088,-1
288.5787,2.406068,297.3606,49.28702,58.521,0.6476157,-1
288.5787,2.406069,297.3606,49.29,58.53607,0.6497154,-1
288.5787,2.40607,297.3606,49.29143,58.54961,0.6526666,-1
288.5787,2.406072,297.3606,49.2898,58.57424,0.6587244,-1
288.5787,2.406072,297.3606,49.30441,58.57867,0.6570262,-1
288.5786,2.406066,297.3606,49.31434,58.59212,0.6427567,-1
288.5786,2.406072,297.3606,49.30695,58.59784,0.6574032,-1
288.5786,2.406071,297.3606,49.29484,58.62134,0.6538979,-1
288.5786,2.406073,297.3606,49.31742,58.63418,0.6602306,-1
288.5786,2.406078,297.3606,49.31283,58.65056,0.6740676,-1
288.5786,2.406079,297.3606,49.30695,58.6729,0.6772637,-1
288.5786,2.406079,297.3606,49.30914,58.68003,0.6761256,-1
288.5786,2.406081,297.3606,49.30056,58.68888,0.6837882,-1
288.5786,2.406077,297.3606,49.30437,58.69682,0.6725246,-1
288.5786,2.406076,297.3606,49.30171,58.70382,0.6691963,-1
288.5786,2.406076,297.3606,49.30384,58.71961,0.6676146,-1
288.5786,2.406075,297.3606,49.30167,58.72378,0.6640342,-1
288.5786,2.406073,297.3606,49.30927,58.73114,0.6595687,-1
288.5786,2.406071,297.3606,49.30783,58.73745,0.6555448,-1
288.5786,2.406069,297.3606,49.28514,58.73655,0.6485283,-1
288.5786,2.406064,297.3606,49.27805,58.73429,0.6345279,-1
288.5786,2.406059,297.3606,49.29235,58.74055,0.6226835,-1
288.5786,2.406057,297.3606,49.29848,58.75545,0.6175027,-1
288.5786,2.406056,297.3606,49.29358,58.76637,0.6139145,-1
288.5786,2.406059,297.3606,49.2871,58.77901,0.622214,-1
288.5786,2.40606,297.3605,49.29195,58.79105,0.6241578,-1
288.5786,2.406063,297.3605,49.29512,58.80924,0.6310269,-1
288.5785,2.406064,297.3605,49.29394,58.83427,0.635874,-1
288.5785,2.406065,297.3605,49.29422,58.85226,0.6370952,-1
288.5785,2.406064,297.3605,49.28934,58.85782,0.6336861,-1
288.5785,2.40607,297.3605,49.28387,58.87196,0.6507183,-1
288.5785,2.406072,297.3605,49.28127,58.88354,0.657998,-1
288.5785,2.406068,297.3605,49.28418,58.88404,0.646251,-1
288.5785,2.406071,297.3605,49.28249,58.88847,0.6539879,-1
288.5785,2.40607,297.3605,49.28505,58.90931,0.6519642,-1
288.5785,2.406068,297.3605,49.28359,58.91488,0.6469476,-1
288.5785,2.406073,297.3605,49.2785,58.93041,0.6592305,-1
288.5785,2.406072,297.3605,49.27646,58.93283,0.6579782,-1
288.5785,2.406072,297.3605,49.28178,58.94045,0.6576277,-1
288.5785,2.406068,297.3605,49.28825,58.9405,0.6454405,-1
288.5785,2.40607,297.3605,49.29394,58.94605,0.6508145,-1
288.5785,2.406067,297.3605,49.28935,58.94959,0.6436248,-1
288.5785,2.406067,297.3605,49.27815,58.95317,0.6427665,-1
288.5785,2.406065,297.3605,49.28649,58.96223,0.6361708,-1
288.5785,2.406065,297.3605,49.28487,58.97409,0.6367256,-1
288.5785,2.406067,297.3605,49.28205,58.9912,0.6433986,-1
288.5784,2.406065,297.3605,49.28675,58.99724,0.638572,-1
288.5784,2.406063,297.3605,49.28961,59.00407,0.6316605,-1
288.5784,2.406065,297.3605,49.29657,59.02245,0.6373141,-1
288.5784,2.406067,297.3605,49.29906,59.04219,0.6439401,-1
288.5784,2.406066,297.3605,49.29425,59.03728,0.6408714,-1
288.5784,2.406066,297.3605,49.28903,59.05024,0.6405364,-1
288.5784,2.406068,297.3605,49.28819,59.05705,0.6453034,-1
288.5784,2.406063,297.3605,49.29323,59.06223,0.6333275,-1
288.5784,2.406064,297.3605,49.28697,59.07106,0.6362974,-1
288.5784,2.406065,297.3605,49.28523,59.08784,0.6379241,-1
288.5784,2.406064,297.3605,49.27223,59.09209,0.6360626,-1
288.5784,2.406066,297.3605,49.27184,59.09885,0.6407031,-1
288.5784,2.406065,297.3605,49.28143,59.10999,0.6383644,-1
288.5784,2.406065,297.3604,49.28918,59.11771,0.6370562,-1
288.5784,2.406065,297.3604,49.28416,59.13148,0.6372323,-1
288.5784,2.406067,297.3604,49.27769,59.14288,0.6430747,-1
288.5784,2.406071,297.3604,49.27173,59.15956,0.6546515,-1
288.5784,2.406073,297.3604,49.27626,59.17511,0.6592686,-1
288.5784,2.406069,297.3604,49.27918,59.17771,0.6478896,-1
288.5784,2.406069,297.3604,49.2837,59.19564,0.6491637,-1
288.5784,2.406071,297.3604,49.29092,59.21183,0.6558959,-1
288.5783,2.406072,297.3604,49.2927,59.23025,0.6571973,-1
288.5783,2.40607,297.3604,49.28839,59.22919,0.6508303,-1
288.5783,2.406067,297.3604,49.29699,59.23443,0.6436774,-1
288.5783,2.406065,297.3604,49.29955,59.24165,0.6374547,-1
288.5783,2.406066,297.3604,49.29877,59.26115,0.6402807,-1
288.5783,2.406068,297.3604,49.2855,59.27375,0.6474466,-1
288.5783,2.406067,297.3604,49.28279,59.28988,0.6428586,-1
288.5783,2.406062,297.3604,49.29412,59.29826,0.6297283,-1
288.5783,2.406058,297.3604,49.30156,59.30502,0.6202283,-1
288.5783,2.406057,297.3604,49.30493,59.30792,0.6154831,-1
288.5783,2.406059,297.3604,49.29998,59.32285,0.6206403,-1
288.5783,2.406067,297.3604,49.30838,59.34806,0.6445492,-1
288.5783,2.406072,297.3604,49.30014,59.37038,0.6570712,-1
288.5783,2.406071,297.3604,49.28723,59.37473,0.6559542,-1
288.5782,2.406072,297.3604,49.28897,59.39,0.6565718,-1
288.5782,2.40607,297.3604,49.29514,59.39522,0.6528858,-1
288.5782,2.406069,297.3604,49.2906,59.3924,0.6490582,-1
288.5782,2.406069,297.3604,49.2906,59.3924,0.6490582,-1
288.5783,2.406068,297.3604,49.26324,59.38007,0.6470366,-1
288.5782,2.406075,297.3604,49.27056,59.4044,0.6660702,-1
288.5782,2.406081,297.3604,49.27344,59.42903,0.6821088,-1
288.5782,2.40607,297.3604,49.28285,59.41899,0.652477,-1
288.5782,2.406068,297.3604,49.27527,59.41331,0.647244,-1
288.5782,2.406066,297.3604,49.29118,59.41726,0.6403208,-1
288.5782,2.406065,297.3604,49.29296,59.42101,0.6395926,-1
288.5782,2.40606,297.3604,49.29862,59.42405,0.6259601,-1
288.5782,2.406054,297.3604,49.29552,59.42401,0.6091651,-1
288.5782,2.406048,297.3604,49.30182,59.4248,0.5928312,-1
288.5782,2.406049,297.3604,49.29869,59.43349,0.5951895,-1
288.5782,2.406046,297.3604,49.31385,59.44298,0.5875145,-1
288.5782,2.406044,297.3604,49.33629,59.46382,0.582203,-1
288.5782,2.406045,297.3604,49.31742,59.46052,0.5850501,-1
288.5782,2.406052,297.3604,49.31133,59.48143,0.6035144,-1
288.5782,2.406046,297.3604,49.33027,59.49199,0.5860988,-1
288.5782,2.406043,297.3604,49.33236,59.48835,0.5792086,-1
288.5782,2.406048,297.3604,49.31756,59.49701,0.5920122,-1
288.5782,2.406051,297.3603,49.31738,59.52177,0.5987607,-1
288.5782,2.406047,297.3603,49.33118,59.5438,0.5896026,-1
288.5782,2.406049,297.3603,49.31627,59.55295,0.5936705,-1
288.5782,2.406057,297.3603,49.30471,59.57853,0.6164994,-1
288.5782,2.406059,297.3603,49.30706,59.60301,0.6217196,-1
288.5782,2.406062,297.3603,49.31377,59.61174,0.6291231,-1
288.5782,2.406064,297.3603,49.29665,59.62581,0.6364483,-1
288.5781,2.406067,297.3603,49.30124,59.64639,0.6431488,-1
288.5781,2.406064,297.3603,49.31311,59.65864,0.6368419,-1
288.5781,2.406064,297.3603,49.32343,59.6646,0.6360714,-1
288.5781,2.406062,297.3603,49.31611,59.67374,0.6313035,-1
288.5781,2.40607,297.3603,49.30782,59.68211,0.6511706,-1
288.5781,2.406068,297.3603,49.32755,59.68927,0.6460289,-1
288.5781,2.406066,297.3603,49.31328,59.68762,0.640527,-1
288.5781,2.406063,297.3603,49.31799,59.69038,0.6320665,-1
288.5781,2.406066,297.3603,49.31491,59.70777,0.6416196,-1
288.5781,2.406067,297.3603,49.31475,59.72018,0.6446429,-1
288.5781,2.406058,297.3603,49.31645,59.72152,0.6184485,-1
288.5781,2.406058,297.3603,49.30832,59.72998,0.6191845,-1
288.5781,2.406057,297.3603,49.29422,59.74377,0.6169493,-1
288.5781,2.406055,297.3603,49.2933,59.74474,0.6107454,-1
288.5781,2.406054,297.3603,49.30727,59.79891,0.6082289,-1
288.5781,2.406047,297.3603,49.31932,59.78872,0.5903435,-1
288.5781,2.406053,297.3603,49.30608,59.80691,0.6046653,-1
288.5781,2.40605,297.3603,49.3091,59.81408,0.5981125,-1
288.578,2.406049,297.3602,49.31657,59.82619,0.5941455,-1
288.578,2.406047,297.3602,49.32293,59.83834,0.5886104,-1
288.578,2.406046,297.3602,49.3131,59.84647,0.5870288,-1
288.578,2.406048,297.3602,49.3188,59.85257,0.5920008,-1
288.578,2.406052,297.3602,49.32185,59.8756,0.6014348,-1
288.578,2.406055,297.3602,49.32852,59.88084,0.6109961,-1
288.578,2.406059,297.3602,49.33005,59.89259,0.6231419,-1
288.578,2.406057,297.3602,49.33417,59.89731,0.6174656,-1
288.578,2.406054,297.3602,49.33142,59.90853,0.6079742,-1
288.578,2.406054,297.3602,49.32158,59.91525,0.6091024,-1
288.578,2.406058,297.3602,49.30874,59.92347,0.6178567,-1
288.578,2.406054,297.3602,49.32253,59.92232,0.6092321,-1
288.578,2.406048,297.3602,49.32442,59.91615,0.5912116,-1
288.578,2.406047,297.3602,49.32041,59.92814,0.5905635,-1
288.578,2.406046,297.3602,49.31803,59.93887,0.5876428,-1
288.578,2.406059,297.3602,49.34208,59.96315,0.6222353,-1
288.578,2.406056,297.3602,49.34418,59.9704,0.6141105,-1
288.578,2.406062,297.3602,49.33433,59.98305,0.629501,-1
288.578,2.406059,297.3602,49.33284,59.98982,0.6216391,-1
288.5779,2.406058,297.3602,49.33403,60.00036,0.6198643,-1
288.5779,2.406057,297.3602,49.33913,60.0084,0.6174833,-1
288.5779,2.406056,297.3602,49.33633,60.02172,0.6138317,-1
288.5779,2.406058,297.3602,49.33688,60.03364,0.6196511,-1
288.5779,2.406062,297.3602,49.33364,60.04229,0.6298068,-1
288.5779,2.406053,297.3602,49.34393,60.04623,0.6066479,-1
288.5779,2.406054,297.3602,49.32752,60.04599,0.6088772,-1
288.5779,2.406054,297.3602,49.32603,60.0508,0.608754,-1
288.5779,2.406054,297.3602,49.34128,60.06272,0.6090291,-1
288.5779,2.406055,297.3602,49.35667,60.0713,0.6128324,-1
288.5779,2.406058,297.3602,49.34115,60.07259,0.6188111,-1
288.5779,2.406059,297.3602,49.33951,60.07636,0.6223941,-1
288.5779,2.406055,297.3602,49.34687,60.08021,0.6112529,-1
288.5779,2.406055,297.3602,49.35471,60.08507,0.6130282,-1
288.5779,2.406056,297.3602,49.34335,60.07604,0.6136127,-1
288.5779,2.406054,297.3602,49.33993,60.07619,0.6080663,-1
288.5779,2.406051,297.3602,49.34385,60.07901,0.5995466,-1
288.5779,2.40605,297.3602,49.3425,60.07798,0.5967337,-1
288.5779,2.406052,297.3602,49.33827,60.08734,0.6027701,-1
288.5779,2.406053,297.3602,49.34113,60.08998,0.6071087,-1
288.5779,2.40605,297.3602,49.35432,60.09034,0.5978784,-1
288.5779,2.406053,297.3602,49.35107,60.09763,0.605724,-1
288.5779,2.406051,297.3602,49.34428,60.10089,0.5993343,-1
288.5779,2.406049,297.3602,49.33851,60.09367,0.5948402,-1
288.5779,2.406049,297.3602,49.33705,60.10734,0.5954778,-1
288.5779,2.406049,297.3602,49.33655,60.11659,0.5951887,-1
288.5779,2.406051,297.3602,49.32901,60.1197,0.6015328,-1
288.5779,2.406054,297.3602,49.31733,60.13399,0.6082613,-1
288.5779,2.406058,297.3602,49.31856,60.14252,0.6192712,-1
288.5779,2.406058,297.3602,49.33549,60.14329,0.619377,-1
288.5779,2.406052,297.3602,49.34563,60.14035,0.6029837,-1
288.5779,2.406054,297.3602,49.33492,60.14342,0.6100537,-1
288.5779,2.406053,297.3602,49.3252,60.14904,0.60468,-1
288.5779,2.406048,297.3601,49.33141,60.14587,0.5930616,-1
288.5779,2.406047,297.3601,49.3428,60.14522,0.589603,-1
288.5779,2.406046,297.3601,49.33529,60.14719,0.5871388,-1
288.5779,2.406049,297.3601,49.32374,60.15437,0.5937186,-1
288.5779,2.406049,297.3601,49.33394,60.15874,0.5935796,-1
288.5779,2.406048,297.3601,49.34737,60.17139,0.5926485,-1
288.5779,2.406051,297.3601,49.33841,60.17638,0.5995669,-1
288.5779,2.406052,297.3601,49.33323,60.16793,0.6028212,-1
288.5779,2.406049,297.3601,49.32697,60.16156,0.59474,-1
288.5779,2.406044,297.3601,49.33955,60.16331,0.581969,-1
288.5779,2.406045,297.3601,49.33591,60.16771,0.5835089,-1
288.5779,2.406047,297.3601,49.32854,60.16594,0.588371,-1
288.5779,2.406053,297.3601,49.32103,60.18178,0.6059911,-1
288.5779,2.40605,297.3601,49.3266,60.18405,0.5964517,-1
288.5779,2.406053,297.3601,49.33286,60.18559,0.6042526,-1
288.5779,2.406054,297.3601,49.33392,60.19707,0.6090324,-1
288.5779,2.406055,297.3601,49.33567,60.20993,0.612943,-1
288.5779,2.406061,297.3601,49.34132,60.2233,0.6268255,-1
288.5779,2.406063,297.3601,49.33075,60.2294,0.6323848,-1
288.5779,2.40606,297.3601,49.33551,60.22182,0.6252788,-1
288.5779,2.40606,297.3601,49.34084,60.22137,0.6258785,-1
288.5779,2.40606,297.3601,49.34399,60.22543,0.6253288,-1
288.5779,2.406063,297.3601,49.34058,60.23236,0.6328074,-1
288.5779,2.406063,297.3601,49.33485,60.22717,0.6336745,-1
288.5779,2.406062,297.3601,49.33607,60.22083,0.6292351,-1
288.5779,2.406064,297.3601,49.34059,60.22284,0.6352081,-1
288.5779,2.406058,297.3601,49.33986,60.20268,0.6192039,-1
288.5779,2.406061,297.3601,49.31631,60.18876,0.6267036,-1
288.5779,2.406059,297.3601,49.35041,60.19979,0.623434,-1
288.5781,2.406189,297.3603,49.31351,59.97078,0.9806859,-1
288.5782,2.406101,297.3604,49.35447,59.47314,0.7373766,-1
288.5832,2.406759,297.3641,67.28846,51.83117,4.302028,-1
288.5914,2.414201,297.3793,74.76114,100.0335,84.27015,-1
288.593,2.399003,297.3885,75.15349,303.1546,303.5966,-1
288.5931,2.408044,297.3818,85.24947,67.3219,56.55061,-1
288.5924,2.410813,297.3954,79.68609,46.07373,60.37551,-1
288.5788,2.415331,297.4131,63.03718,86.19013,139.1042,-1
288.593,2.409763,297.3932,76.25309,139.8313,148.878,-1
288.5901,2.403429,297.3733,82.27641,353.2782,326.0251,-1
288.5774,2.401431,297.3602,77.2513,22.47705,321.4441,-1
288.5882,2.391864,297.3764,64.00774,287.6096,264.9229,-1
288.5929,2.408118,297.3947,82.5398,20.57331,33.37733,-1
288.5936,2.404883,297.3911,65.48849,350.2909,355.9001,-1
288.5898,2.391208,297.3834,26.85452,353.8566,329.1842,-1
288.5895,2.39344,297.3978,26.87119,327.8226,334.2687,-1
288.5858,2.385922,297.3809,11.96341,6.172457,320.5055,-1
288.5921,2.3961,297.3904,355.5566,356.517,342.2381,-1
288.5927,2.39805,297.3891,338.5955,3.21126,344.8569,-1
288.5925,2.397681,297.3844,343.7736,10.71494,344.6152,-1
288.5927,2.398381,297.3843,341.6479,10.98595,345.7993,-1
288.5929,2.399903,297.3833,342.34,11.68131,348.7866,-1
288.5927,2.400361,297.382,345.4583,13.10328,349.8256,-1
288.5924,2.399583,297.3811,354.4871,13.40551,348.6843,-1
288.5926,2.40178,297.3802,3.584237,13.4192,352.7106,-1
288.5926,2.402532,297.3799,9.792364,13.28017,353.9928,-1
288.5925,2.402814,297.3795,13.27924,13.68719,354.4393,-1
288.5925,2.405938,297.3788,19.30917,16.36534,0.1998949,-1
288.5927,2.407522,297.3799,18.66004,15.28092,3.19349,-1
288.5926,2.407435,297.3795,13.60675,15.59534,2.952996,-1
288.5925,2.407613,297.379,15.32183,16.84011,3.306346,-1
288.5922,2.408434,297.3784,21.84681,18.9727,5.024647,-1
288.5923,2.408202,297.3786,28.70822,19.08108,4.843108,-1
288.5914,2.410888,297.3768,35.83428,26.88753,11.23727,-1
288.5912,2.411716,297.3769,43.87261,30.66966,14.77494,-1
288.5906,2.413589,297.3764,46.48038,36.76467,20.60801,-1
288.5911,2.413268,297.3774,48.84411,35.24244,20.67526,-1
288.5912,2.410414,297.376,44.16962,29.82648,11.51312,-1
288.5914,2.409249,297.3763,42.36378,26.66276,8.308208,-1
288.5916,2.410295,297.377,41.8383,27.11791,10.78886,-1
288.5909,2.410835,297.3755,36.86119,29.73131,11.26774,-1
288.5908,2.408427,297.3746,31.78058,27.30083,5.473838,-1
288.5905,2.406471,297.3737,25.28871,26.56536,1.264112,-1
288.5906,2.406052,297.374,23.6824,25.78061,0.4287213,-1
288.5909,2.405802,297.3747,23.44983,24.03088,359.9398,-1
288.5914,2.405416,297.3757,23.8116,21.79272,359.1848,-1
288.5917,2.405086,297.3765,24.85428,20.10593,358.5273,-1
288.5918,2.405033,297.3768,25.51472,19.46548,358.4133,-1
288.5913,2.405519,297.3756,29.075,22.06852,359.3576,-1
288.5909,2.406476,297.3745,26.47863,25.04976,1.286572,-1
288.5905,2.406823,297.3738,28.15856,26.79985,2.010888,-1
288.5905,2.406902,297.3737,29.19163,27.20498,2.195071,-1
288.5912,2.406359,297.3752,26.21694,23.59875,1.050869,-1
288.5914,2.406194,297.3759,25.52584,22.15334,0.7166474,-1
288.5919,2.405642,297.377,32.73757,19.55147,359.594,-1
288.5926,2.404665,297.3793,24.50878,14.43523,357.701,-1
288.5931,2.404676,297.3816,23.34211,10.19801,357.7451,-1
288.5933,2.404624,297.3826,22.80298,8.484525,357.6529,-1
288.5933,2.404822,297.3826,21.48989,8.65824,358.055,-1
288.5934,2.404818,297.383,21.23902,7.932582,358.051,-1
288.5934,2.404709,297.3836,20.69422,6.697775,357.8497,-1
288.5934,2.404885,297.3832,20.05996,7.512309,358.1936,-1
288.5932,2.40442,297.3823,20.26755,8.974382,357.3026,-1
288.593,2.402963,297.3814,22.46889,9.390729,354.4317,-1
288.593,2.403489,297.3811,25.29606,10.15853,355.3529,-1
288.5929,2.40471,297.3807,27.0728,11.83145,357.7427,-1
288.5931,2.404196,297.3818,27.79752,9.239974,356.685,-1
288.5933,2.403875,297.3829,26.94658,6.915603,356.0646,-1
288.5934,2.402694,297.3848,29.09706,2.313089,353.5557,-1
288.5934,2.402054,297.3846,32.64148,1.370288,351.9386,-1
288.5934,2.402606,297.3841,36.05038,2.354039,352.8359,-1
288.5934,2.402488,297.385,35.68423,0.6236461,352.6059,-1
288.5936,2.403174,297.3857,36.16042,0.2048172,354.0939,-1
288.5933,2.403222,297.3834,38.55145,4.116071,354.0112,-1
288.5931,2.403473,297.3822,36.99522,6.863428,354.7027,-1
288.5933,2.404283,297.3828,25.2329,7.701302,356.9313,-1
288.5936,2.404742,297.3846,22.08678,4.900579,357.8929,-1
288.5936,2.404807,297.3845,17.43328,5.276501,358.0748,-1
288.5934,2.404727,297.3831,16.62442,7.898246,357.9333,-1
288.5934,2.404817,297.3833,17.44176,7.510893,358.0938,-1
288.5935,2.404734,297.3839,16.90829,6.414237,357.9429,-1
288.5936,2.404858,297.3846,16.64093,5.152963,358.1779,-1
288.5937,2.404907,297.3858,16.74496,3.050616,358.2703,-1
288.5937,2.404941,297.3858,17.22238,3.000498,358.3289,-1
288.5936,2.40501,297.3855,17.56698,3.616891,358.4541,-1
288.5936,2.404914,297.385,18.74738,4.442123,358.2639,-1
288.5936,2.404897,297.3847,18.31878,4.902631,358.2357,-1
288.5936,2.404897,297.3848,17.56998,4.746993,358.2432,-1
288.5936,2.40495,297.385,17.58595,4.502413,358.3418,-1
288.5936,2.405016,297.3849,17.32882,4.679455,358.4688,-1
288.5936,2.404974,297.3848,17.43824,4.912288,358.3894,-1
288.5936,2.404883,297.3848,15.12755,4.908337,358.2395,-1
288.5936,2.404939,297.3847,16.69124,4.962378,358.3305,-1
288.5936,2.404971,297.3849,17.09312,4.694295,358.3856,-1
288.5936,2.405011,297.385,17.05494,4.513054,358.4609,-1
183.4784,2.405717,226.8751,17.15368,4.523186,358.5005,-1
183.4784,2.405665,226.8751,17.13476,4.551933,358.404,-1
183.4771,2.406121,226.8682,16.51683,17.44628,359.2612,-1
183.4756,2.403786,226.8911,13.81087,334.3322,354.9576,-1
183.4637,2.403731,226.9048,15.37001,301.0362,354.8194,-1
183.4448,2.40322,226.9096,15.76232,265.1487,353.8546,-1
183.4267,2.402635,226.9027,14.31165,229.5698,352.8075,-1
183.415,2.402926,226.8818,15.47001,185.2739,353.3147,-1
183.418,2.402815,226.864,13.22821,152.4917,353.175,-1
183.431,2.403814,226.8501,12.95364,118.1879,355.0273,-1
183.4431,2.40379,226.8462,13.58837,95.00844,354.9692,-1
183.4353,2.404588,226.848,14.67365,109.644,356.4274,-1
183.4466,1.031517,226.8779,0,60,0,exit0
183.4431,2.405261,226.8461,13.63207,95.6663,357.6852,-1
183.4323,2.40258,226.8495,12.61424,115.0615,352.7582,-1
183.4293,2.40177,226.8513,14.14083,120.9351,351.2008,-1
183.8757,2.400284,226.5629,14.69917,123.3316,349.6461,-1
185.3603,2.398189,225.6125,12.69542,120.6922,349.8453,-1
187.2312,2.404079,224.492,10.47417,108.0116,355.5571,-1
189.2356,2.405424,223.9492,10.63198,102.9439,358.0081,-1
191.3704,2.405747,223.4212,11.83871,105.3526,358.5919,-1
194.0461,2.402028,222.6885,12.19777,105.4271,359.0979,-1
196.9619,2.407223,221.9067,13.70086,104.5658,1.300372,-1
199.763,2.406933,221.1658,14.01999,106.3443,0.7685441,-1
202.7762,2.406457,220.2336,14.41337,108.411,359.8895,-1
205.8016,2.40591,219.2281,14.16104,108.5286,358.8791,-1
208.9404,2.406117,218.2061,13.6792,107.3173,359.2627,-1
211.9896,2.398933,217.2574,13.43364,107.3664,359.4876,-1
215.1172,2.405851,216.2647,13.40997,109.2051,358.7737,-1
218.5637,2.405506,214.9913,12.94637,111.2561,358.1427,-1
221.9316,2.405375,213.6861,13.13954,110.9809,357.9001,-1
225.0719,2.400805,212.4529,13.07915,113.7956,357.3521,-1
228.4145,2.396975,210.9982,13.34056,112.781,357.4926,-1
231.7928,2.405415,209.5794,13.62022,112.9973,357.9686,-1
235.2625,2.405152,208.084,13.31783,113.7208,357.4873,-1
238.6046,2.40535,206.6256,13.03834,113.4163,357.8547,-1
241.9567,2.405384,205.174,12.74411,113.6312,357.919,-1
245.4023,2.405465,203.673,12.73462,113.2238,358.0692,-1
248.9906,2.405163,202.1283,13.33519,113.2674,358.2885,-1
252.7128,2.405674,200.5435,13.4717,112.8154,358.4472,-1
256.3473,2.405869,199.0259,13.10977,112.4304,358.8087,-1
260.0254,2.405895,197.5113,13.67142,112.2798,358.8623,-1
263.692,2.405214,196.0096,13.9059,112.4328,359.5356,-1
267.1892,2.406354,194.5745,13.81532,112.1051,359.6988,-1
270.8096,2.406434,193.104,13.35747,112.1,359.8474,-1
274.4576,2.403636,191.6203,11.91555,112.7124,0.4458389,-1
278.1245,2.406835,190.0759,9.046542,113.2166,0.5758654,-1
279.1695,1.031517,189.6643,0,60,0,enter1
279.6167,2.406711,189.4379,8.934445,112.768,0.722968,-1
279.637,2.405383,189.4338,9.917086,82.62938,358.2201,-1
279.6574,2.404353,189.4449,9.572568,39.76302,356.3513,-1
279.665,2.404031,189.466,9.39681,358.527,355.7671,-1
279.656,2.403937,189.4877,8.773378,315.4071,355.6038,-1
279.6505,2.403985,189.4923,9.496813,302.3829,355.681,-1
279.6506,2.402918,189.4921,10.64365,302.3668,353.7142,-1
279.6616,2.402869,189.4796,10.87242,332.5714,353.6195,-1
279.6636,2.403152,189.4567,10.941,15.07814,354.1369,-1
279.663,2.403742,189.4547,11.17608,19.12511,355.214,-1
279.6627,2.404767,189.4536,10.50181,21.44984,357.0957,-1
279.6625,2.404946,189.4532,10.33045,22.30551,357.4229,-1
279.6331,1.031361,189.4656,0,60,0,exit1
279.6635,2.404982,189.4556,12.63153,21.95985,357.5779,-1
279.8585,2.404739,189.9264,14.17257,22.43622,356.7156,-1
280.6523,2.404911,191.905,15.81474,21.22254,357.0097,-1
281.6985,2.404886,194.5978,15.23162,21.36202,356.9717,-1
282.7292,2.405107,197.2126,14.62066,21.5675,357.3899,-1
283.8109,2.395835,199.9205,14.94161,22.00889,357.4521,-1
284.8621,2.405253,202.5097,15.27667,21.85946,357.6543,-1
286.0286,2.405343,205.4256,15.93206,21.76541,357.8129,-1
287.2667,2.405275,208.5338,16.05996,21.45727,357.6857,-1
288.486,2.405365,211.6783,15.99606,20.88068,357.8531,-1
289.7063,2.403652,214.8735,15.79223,21.38793,357.914,-1
290.9775,2.405674,217.9644,15.35243,22.48442,358.4355,-1
292.2987,2.405712,221.1649,15.39412,22.2873,358.5052,-1
293.6414,2.405676,224.4441,15.2468,22.2408,358.4396,-1
294.9158,2.403651,227.5541,14.92195,22.31483,358.3746,-1
296.177,2.405638,230.625,14.59637,22.31062,358.3732,-1
297.433,2.405726,233.6786,14.64239,22.36138,358.5359,-1
298.833,2.405753,237.0652,14.28229,22.55926,358.5878,-1
300.1788,2.398253,240.3085,13.97833,22.57386,358.6781,-1
301.6271,2.40599,243.7855,11.95172,22.98782,359.036,-1
301.9504,1.031517,244.6353,0,60,0,enter2
302.1792,2.405008,245.0924,12.85978,23.54573,357.2272,-1
302.1821,2.405694,245.1,12.67178,15.57544,358.4886,-1
302.1833,2.404954,245.1098,12.37802,357.592,357.1336,-1
302.1799,2.40473,245.1231,11.76396,332.6379,356.7304,-1
302.1745,2.404406,245.1308,9.776008,315.8003,356.161,-1
302.1671,2.403747,245.1365,10.27871,298.6226,354.9535,-1
302.1569,2.404233,245.1402,13.38675,279.0693,355.7916,-1
302.1531,2.404396,245.1407,12.62008,272.2252,356.1051,-1
302.1523,2.403944,245.1407,9.876614,270.8135,355.3189,-1
302.1525,2.404522,245.1407,9.28424,271.5309,356.3784,-1
302.1531,2.404634,245.1407,9.404455,272.5639,356.5799,-1
302.1535,2.404899,245.1407,10.44516,273.2321,357.0537,-1
302.1514,1.031517,245.1088,0,60,0,exit2
302.155,2.404307,245.1405,11.84031,275.7271,355.9534,-1
302.0781,2.403797,245.1522,12.87074,279.4765,355.0232,-1
300.5653,2.403491,245.4037,14.47922,279.3298,354.3954,-1
298.5042,2.403183,245.7397,13.90202,279.3175,353.8376,-1
296.5434,2.403459,246.0668,14.59218,279.6368,354.332,-1
294.1746,2.397103,246.4619,14.96438,279.3178,354.5615,-1
291.4559,2.40386,246.9004,15.02432,278.6901,355.0681,-1
288.7176,2.404822,247.4195,14.52004,273.5793,356.8632,-1
285.9744,2.405768,247.5709,13.82437,267.99,358.6189,-1
283.2311,2.404949,247.5052,13.36573,270.6025,358.5042,-1
280.2354,2.405462,247.5516,13.81146,271.4879,358.054,-1
277.3207,2.405797,247.6136,13.23382,270.7291,358.6761,-1
274.2974,2.406448,247.6543,13.73169,271.0365,359.8735,-1
271.0313,2.40293,247.7094,14.53,271.1964,359.9578,-1
267.4867,2.406653,247.7888,14.38682,271.2578,0.2510449,-1
264.1532,2.40689,247.8498,14.16467,270.101,0.6886202,-1
260.6784,2.406921,247.8372,14.3301,269.7653,0.7463843,-1
257.3181,2.406867,247.8369,14.11819,270.5361,0.6462908,-1
253.8737,2.40677,247.8726,13.84479,270.5611,0.4661956,-1
250.2831,2.406856,247.8644,13.8752,268.4716,0.6248476,-1
246.7337,2.406359,247.7759,13.88662,268.7906,0.7060633,-1
243.1126,2.406789,247.7138,13.51052,269.5204,0.5014306,-1
239.484,2.40666,247.6883,13.31795,270.0649,0.2621754,-1
235.8738,2.403346,247.7038,13.15419,270.5503,-0.001511129,-1
232.2136,2.406975,247.7098,13.37466,269.3796,0.842817,-1
228.5672,2.40419,247.6708,13.44446,269.3821,0.7056113,-1
224.9978,2.406852,247.6416,13.34166,269.6003,0.6172146,-1
221.2339,2.406842,247.6129,13.43162,269.6775,0.5975888,-1
217.5146,2.406839,247.5922,13.65514,269.603,0.5928589,-1
213.6501,2.406923,247.5601,13.39507,269.5088,0.7469078,-1
209.7737,2.406903,247.5294,12.95734,269.5434,0.7088544,-1
205.9827,2.406854,247.5005,12.69789,269.6179,0.6177968,-1
202.0978,2.40687,247.4726,12.39581,269.7533,0.6466086,-1
198.3559,2.406797,247.4537,12.04203,269.6716,0.5135763,-1
194.4371,2.406955,247.4249,12.53788,269.1413,0.8026106,-1
190.6948,2.406921,247.3615,13.1471,268.8783,0.7433259,-1
186.824,2.406708,247.2966,13.38208,269.2847,0.3519123,-1
182.9874,2.407123,247.2413,12.36874,268.9899,1.110259,-1
179.2325,2.401646,247.1789,11.25951,268.861,1.886731,-1
176.5712,1.031302,247.085,0,60,0,enter0
