*Subject
0
*Layout
2
*Condition
False,False,True
*Marks
347.6389,0,266.5152
294.5628,0,177.1688
243.7269,0,267.8084
*Path
x,y,z,flag
288.6922,2.4045,155.1298,5.381065,126.9735,356.3713,-1
288.6922,2.40458,155.1299,4.950264,128.4557,356.5175,-1
288.6909,2.40427,155.131,2.356305,131.6262,355.97,-1
288.6871,2.403308,155.1353,1.807062,141.8592,354.2415,-1
288.686,2.405881,155.1365,0.04212023,144.9918,358.8609,-1
288.6858,2.404613,155.1368,358.326,145.7534,356.5878,-1
288.6844,2.404346,155.139,0.411741,150.308,356.1087,-1
288.6843,2.404099,155.1393,1.568048,150.653,355.6655,-1
288.6846,2.404363,155.1387,1.362622,149.5435,356.1397,-1
288.6849,2.404422,155.1382,0.5152446,148.5087,356.2453,-1
288.6853,2.404562,155.1376,359.2609,147.3441,356.4974,-1
288.6853,2.404613,155.1376,359.0497,147.3671,356.5885,-1
288.6854,2.404654,155.1375,358.9264,147.0946,356.661,-1
288.6854,2.404614,155.1374,358.8752,146.9434,356.5907,-1
288.6855,2.404696,155.1373,358.5693,146.7937,356.7355,-1
288.6855,2.40467,155.1373,358.6836,146.7712,356.6904,-1
288.6856,2.40473,155.1371,358.4232,146.4418,356.7976,-1
288.6856,2.404686,155.1371,358.2253,146.335,356.7178,-1
288.6857,2.404611,155.137,358.756,146.2324,356.5834,-1
288.6856,2.404775,155.1371,359.117,146.2858,356.8792,-1
288.6856,2.404835,155.137,358.867,146.2259,356.9861,-1
288.6857,2.404886,155.137,359.2328,146.1528,357.0781,-1
288.6856,2.404748,155.1371,359.1534,146.3525,356.8313,-1
288.6855,2.404688,155.1372,359.0024,146.5445,356.7224,-1
288.6856,2.404721,155.1371,359.1109,146.3756,356.7826,-1
288.6856,2.404852,155.1371,359.1224,146.2652,357.0173,-1
288.6857,2.404912,155.137,359.5241,146.0646,357.1253,-1
288.6858,2.404684,155.1368,0.4412932,145.6686,356.716,-1
347.6122,2.403726,266.4976,2.282425,146.3149,354.9918,-1
347.6119,2.402953,266.4982,3.26132,147.3429,353.5958,-1
347.6136,2.404229,266.4955,3.773776,141.8351,355.8911,-1
347.6374,2.405659,266.4832,4.817383,92.46149,358.4588,-1
347.6554,2.404424,266.4879,5.413492,58.40489,356.2339,-1
347.648,2.405895,266.4845,5.821658,73.25284,358.8799,-1
347.6091,2.403891,266.5038,8.555653,158.3295,355.2405,-1
347.6083,2.403312,266.5244,9.380045,195.8237,354.1744,-1
347.611,2.403076,266.5305,8.732243,207.8654,353.7549,-1
347.617,2.403149,266.5383,8.52369,225.818,353.8912,-1
347.6293,2.401951,266.5454,8.870749,251.2948,351.6961,-1
347.6246,2.4035,266.5436,8.340736,242.5607,354.5325,-1
347.6389,1.031517,266.5152,0,345,0,exit0
347.6127,2.404829,266.5334,6.863567,214.5757,356.955,-1
347.6161,2.40422,266.5375,8.078085,223.8942,355.843,-1
347.6299,2.40554,266.5459,9.082186,253.5839,358.2277,-1
347.6294,2.40497,266.5457,8.865723,252.3327,357.1954,-1
347.6213,2.404995,266.5418,6.641871,236.3155,357.256,-1
347.2251,2.404903,266.0474,6.161427,213.3583,357.0923,-1
345.8005,2.404631,263.7993,6.170583,211.1415,356.6008,-1
343.879,2.404829,260.5683,5.71013,210.0279,356.961,-1
341.8683,2.39488,257.0625,6.306085,209.8747,356.9123,-1
339.7426,2.404783,253.352,6.254547,209.6977,356.8757,-1
337.6686,2.404818,249.6835,6.294569,209.2395,356.9377,-1
335.6004,2.404749,245.9949,6.118496,209.2132,356.8144,-1
333.2889,2.404727,241.8729,5.559376,209.2525,356.7779,-1
331.0092,2.404634,237.7921,5.465117,209.1769,356.6105,-1
328.6837,2.404777,233.6102,5.549397,208.8763,356.8672,-1
326.2928,2.404735,229.2806,5.651665,208.8988,356.7912,-1
323.8773,2.404703,224.8979,5.525882,208.9779,356.7346,-1
321.3682,2.404655,220.3926,5.369985,209.485,356.6494,-1
318.8194,2.401625,215.8912,5.495375,209.7242,356.6399,-1
316.5267,2.40449,211.9243,5.109646,210.41,356.3543,-1
314.332,2.404585,208.1845,4.81719,210.3856,356.5273,-1
312.0544,2.404464,204.2987,4.790179,210.3085,356.3097,-1
309.9205,2.40199,200.6598,4.81128,210.3513,356.3448,-1
307.8252,2.404401,197.0994,4.28206,210.6224,356.1988,-1
305.8246,2.404316,193.7545,3.99567,211.3788,356.0469,-1
303.7741,2.396462,190.5175,3.576289,214.751,356.3901,-1
301.7814,2.402117,187.65,3.3571,214.2168,356.599,-1
300.1213,2.404762,185.1713,2.902779,213.0691,356.8516,-1
298.6615,2.404789,182.9613,2.522335,213.9024,356.9015,-1
297.5211,2.404548,181.2508,2.487145,213.344,356.4694,-1
296.7816,2.404511,180.1253,2.253478,213.5635,356.4034,-1
296.2366,2.404206,179.2987,2.622223,214.0395,355.8547,-1
296.0488,1.026376,178.9625,0,345,0,enter1
295.9262,2.401217,178.8378,2.554133,215.5536,355.6697,-1
295.9308,2.400743,178.8422,3.447348,229.7679,354.6426,-1
295.9501,2.399641,178.8495,7.397729,267.0569,352.605,-1
295.9629,2.398552,178.8471,9.150438,290.1625,350.5764,-1
295.9717,2.398808,178.8418,7.977932,309.2375,351.0746,-1
295.977,2.399037,178.8361,6.773592,323.6165,351.5156,-1
295.9791,2.399285,178.8328,7.900749,330.5646,351.9467,-1
295.9804,2.400939,178.8305,8.472413,335.7346,354.9497,-1
295.9822,2.401112,178.8252,9.664064,345.8162,355.2484,-1
295.9825,2.400309,178.8236,9.046947,348.4354,353.7944,-1
295.9816,2.401646,178.8276,8.866104,341.5652,356.2297,-1
295.9807,2.40144,178.83,9.392087,336.8539,355.8495,-1
295.9512,1.028725,178.8178,0,345,0,exit1
295.9802,2.40153,178.8311,7.704202,334.8813,356.0301,-1
295.98,2.401347,178.8316,6.979988,333.8447,355.7071,-1
295.9792,2.401176,178.833,6.914099,330.8796,355.3973,-1
295.7089,2.403643,179.338,7.952983,332.5408,354.7968,-1
294.8444,2.4045,180.944,8.99652,329.8199,356.3417,-1
293.9504,2.404529,182.4548,8.971667,328.3406,356.3936,-1
292.9658,2.404371,184.0567,8.415011,328.4833,356.1128,-1
291.6277,2.396741,186.2708,8.117731,329.4119,356.2243,-1
290.2054,2.403772,188.665,8.293514,329.1412,356.0528,-1
288.6174,2.404485,191.32,8.342242,328.9554,356.3203,-1
286.9599,2.404488,194.055,8.400459,328.5918,356.3246,-1
285.1329,2.404472,197.0502,8.268355,328.6949,356.2982,-1
283.3287,2.394662,200.03,8.064352,328.8871,356.1379,-1
281.5316,2.404458,203.0208,7.921924,329.0922,356.275,-1
279.6879,2.402654,206.1137,7.789471,329.3843,356.3655,-1
277.7488,2.404477,209.3907,7.553077,329.1295,356.4582,-1
275.7848,2.404629,212.6823,7.594447,329.1206,356.5881,-1
273.8898,2.404173,215.8599,7.375947,329.006,356.7486,-1
271.9742,2.404665,219.061,7.049337,329.3649,356.6578,-1
270.0253,2.404641,222.3571,7.003301,329.4227,356.6133,-1
268.0897,2.403369,225.6359,6.977054,329.7204,356.408,-1
266.1651,2.404496,228.9379,6.837789,329.8028,356.3531,-1
264.4509,2.404469,231.8826,6.797845,329.8991,356.3052,-1
262.5558,2.40453,235.1609,6.883758,330.0551,356.4141,-1
260.7009,2.398718,238.3727,6.719058,330.0627,356.3369,-1
258.8249,2.404456,241.6359,6.478332,330.0575,356.4006,-1
256.8884,2.403834,244.9927,6.256883,329.6819,356.2744,-1
254.9915,2.398099,248.2571,6.032263,329.5932,356.7397,-1
253.143,2.404697,251.4137,5.38236,329.8958,356.7246,-1
251.2582,2.404795,254.6718,5.584004,330.7688,356.9001,-1
249.5273,2.404381,257.9746,3.675618,336.6398,356.1645,-1
248.4627,2.404453,260.4988,4.254126,337.0858,356.2916,-1
247.6999,2.405007,262.2292,4.549411,333.5038,357.2863,-1
247.3496,2.405089,262.9141,4.147155,331.9596,357.4351,-1
246.8847,2.396007,263.7804,4.185385,332.0943,357.0403,-1
246.2778,2.397515,264.9362,4.002798,332.1339,356.2726,-1
246.1113,2.404081,265.2565,4.197917,334.3302,355.6221,-1
246.0686,1.031517,265.2706,0,345,0,enter2
246.0975,2.404343,265.2836,4.159897,340.2419,356.0934,-1
246.099,2.402754,265.2703,6.278721,4.146188,353.2059,-1
246.0944,2.40159,265.2567,8.306026,29.78746,351.049,-1
246.0881,2.402364,265.249,9.147894,47.99974,352.4456,-1
246.0858,2.403406,265.247,8.474345,53.7497,354.3586,-1
246.0844,2.403356,265.2461,7.911412,56.68246,354.2758,-1
246.0846,2.403714,265.2462,7.68469,56.58872,354.9292,-1
246.0853,2.404179,265.2466,7.937139,55.21425,355.7689,-1
246.0845,2.403729,265.2462,7.334529,56.65813,354.9614,-1
246.085,2.403939,265.2464,6.205813,55.8345,355.3526,-1
246.0853,2.403733,265.2466,6.009646,55.22417,354.9821,-1
246.0856,2.403885,265.2469,4.72842,54.60236,355.2653,-1
246.0673,1.031517,265.273,0,345,0,exit2
246.268,2.403831,265.376,5.180852,54.50794,355.1662,-1
247.7133,2.403765,266.4036,5.472404,54.90347,355.0437,-1
249.6509,2.403769,267.7472,5.708843,55.94883,355.0486,-1
251.6867,2.40336,269.1038,5.475711,56.27949,354.313,-1
254.1463,2.399809,270.7911,5.131521,54.09287,354.8707,-1
256.8738,2.403269,272.774,5.621313,53.63533,354.8129,-1
259.7061,2.403932,274.8822,6.124346,52.85098,355.3395,-1
262.5443,2.403947,277.0323,6.32443,52.88556,355.3661,-1
265.3763,2.403939,279.1868,6.156378,52.59743,355.3517,-1
268.2393,2.403901,281.374,6.145901,52.4729,355.2832,-1
271.2583,2.404158,283.7085,6.099355,51.76169,355.7484,-1
274.1594,2.404163,286.0029,5.887619,51.49095,355.7598,-1
277.0569,2.404202,288.3132,5.779532,51.18065,355.8312,-1
280.1642,2.404381,290.8376,5.399222,50.06416,356.1549,-1
283.1778,2.404215,293.3555,5.123958,50.53009,355.8588,-1
286.1962,2.402457,295.8555,5.101101,50.36995,356.0467,-1
289.1193,2.402945,298.2843,4.966677,50.31854,355.9855,-1
292.1611,2.403042,300.7903,5.079431,50.88389,355.8268,-1
295.1256,2.404251,303.1802,5.108663,51.40384,355.9231,-1
298.1746,2.404341,305.6255,5.245904,51.02707,356.0851,-1
301.1278,2.399247,308.0199,5.295501,50.76596,356.1395,-1
304.1718,2.404356,310.5046,5.17096,50.58698,356.1116,-1
307.2113,2.404337,312.9999,5.37854,50.55141,356.0773,-1
310.2292,2.396909,315.4909,5.448225,50.27876,356.0983,-1
313.1602,2.404279,317.9234,5.471147,50.30615,355.9713,-1
316.1872,2.404232,320.4431,5.659773,50.13943,355.8844,-1
319.1033,2.404199,322.8804,5.796222,50.07409,355.8251,-1
322.1179,2.404243,325.4099,5.848162,49.8846,355.9028,-1
325.1631,2.404201,327.9732,5.942233,49.95517,355.8268,-1
328.1483,2.404276,330.4802,5.833701,49.67409,355.9782,-1
331.1049,2.403329,332.9854,5.731536,49.94214,355.8723,-1
334.1188,2.404319,335.5407,5.982493,49.06263,356.0399,-1
336.9852,2.401749,338.0327,5.477013,49.05485,355.9926,-1
339.9034,2.402717,340.5629,4.352077,49.33059,355.9162,-1
342.5372,2.397784,342.8289,4.209049,49.19475,355.8064,-1
345.0231,2.404219,344.9802,4.370269,49.30998,355.8735,-1
347.6346,2.404241,347.2274,4.441326,49.59805,355.909,-1
349.5327,2.404153,348.8526,3.374036,48.73073,355.7565,-1
351.3441,2.394829,350.459,2.952453,48.72505,355.8888,-1
352.3613,2.403981,351.352,2.672513,48.62111,355.5851,-1
352.5476,1.031444,351.56,0,345,0,enter0
