*Subject
6
*Layout
6
*Condition
True,False,True
*Marks
269.6912,0,158.5634
361.0951,0,208.012
272.5681,0,262.4436
*Path
x,y,z,flag
316.639,2.401535,219.1083,351.9004,172.2776,359.7451,-1
316.6403,2.402533,219.0983,349.5786,167.7052,0.11191,-1
316.6406,2.401535,219.0971,347.011,165.8688,358.2783,-1
316.6411,2.400122,219.0959,347.2531,164.1519,355.682,-1
316.6423,2.402025,219.0923,352.6206,156.5618,359.1943,-1
316.6429,2.402805,219.091,350.9784,153.6528,0.6038493,-1
316.6424,2.403133,219.0921,348.4416,155.8079,1.208478,-1
316.6414,2.402437,219.0947,350.1464,160.9505,359.937,-1
316.6411,2.403069,219.0956,350.531,162.4509,1.084923,-1
316.6412,2.403125,219.0953,350.472,161.9802,1.185816,-1
316.641,2.402563,219.0959,351.2612,163.2908,0.1646936,-1
316.6411,2.402802,219.0957,351.4462,162.8631,0.5970494,-1
316.6412,2.403218,219.0952,351.5911,161.7641,1.349993,-1
316.6412,2.403329,219.0953,351.5704,161.9406,1.552031,-1
316.6412,2.403345,219.0953,351.4844,161.8931,1.581692,-1
316.6411,2.40316,219.0955,349.7212,162.2636,1.252314,-1
316.6411,2.403099,219.0955,349.4142,162.2929,1.142184,-1
316.6411,2.403102,219.0955,349.5647,162.266,1.148414,-1
316.6416,2.40388,219.0941,348.4318,159.3298,2.574109,-1
316.6433,2.405979,219.0906,347.5699,151.453,6.444992,-1
316.6446,2.402147,219.088,348.4509,147.7943,359.4073,-1
316.6449,2.399587,219.0878,350.6933,147.8313,354.7581,-1
316.6424,2.402872,219.0921,351.1686,155.8961,0.725686,-1
316.6423,2.405077,219.0927,350.7884,156.2555,4.731929,-1
316.6417,2.405344,219.0943,350.0999,159.2031,5.227293,-1
316.6417,2.405858,219.0944,349.6246,159.1534,6.175416,-1
316.6421,2.406616,219.0936,347.358,156.935,7.627433,-1
316.6423,2.405743,219.0927,343.7224,155.283,6.112833,-1
316.6414,2.405304,219.0952,351.3057,161.0276,5.137892,-1
316.641,2.406453,219.0967,350.3228,163.3225,7.250344,-1
316.6411,2.406767,219.0966,350.7371,163.2296,7.8162,-1
316.6409,2.406428,219.097,350.2238,164.0489,7.206336,-1
316.6407,2.406073,219.0976,350.8842,165.1935,6.54469,-1
316.6408,2.406327,219.0974,350.3267,164.7913,7.01898,-1
316.6409,2.40527,219.0964,353.089,163.5052,5.053131,-1
316.6409,2.403128,219.0963,356.0464,163.9181,1.178637,-1
316.6405,2.402019,219.0978,356.76,166.7434,359.1885,-1
316.6401,2.404823,219.1002,354.585,170.6852,4.233401,-1
316.6398,2.404914,219.1021,353.9854,173.9835,4.40143,-1
316.6398,2.404381,219.1024,354.9221,174.7962,3.43497,-1
316.6399,2.402505,219.1011,355.0414,172.7359,0.06084939,-1
316.6406,2.400436,219.0977,355.4561,166.8055,356.3409,-1
316.6407,2.400401,219.0969,355.8414,165.2534,356.2804,-1
316.641,2.401953,219.0959,355.357,163.2518,359.0679,-1
316.6409,2.403213,219.0961,356.2862,163.5485,1.330507,-1
316.6409,2.403329,219.0963,356.8664,163.8503,1.537187,-1
316.6404,2.403145,219.0979,356.3156,166.8921,1.2083,-1
316.6404,2.40313,219.0979,356.0646,166.8165,1.181449,-1
316.6404,2.40313,219.0979,356.0646,166.8165,1.181449,-1
316.6404,2.40313,219.0979,356.0646,166.8165,1.181449,-1
316.6404,2.402494,219.0979,355.7305,166.9537,0.0405378,-1
316.6404,2.402294,219.098,356.2595,167.2197,359.6819,-1
316.6404,2.402015,219.0983,356.4702,167.6508,359.1814,-1
316.6404,2.401826,219.098,352.5623,167.215,358.8341,-1
316.6403,2.401614,219.0984,355.1847,167.9376,358.4586,-1
316.6406,2.402223,219.0973,355.6552,165.8115,359.5535,-1
316.6409,2.402256,219.096,354.3722,163.4333,359.613,-1
316.6411,2.40261,219.0956,355.5478,162.6747,0.2477666,-1
316.6412,2.402028,219.0952,355.2324,161.9205,359.2022,-1
316.6407,2.401289,219.0971,353.8079,165.6639,357.8691,-1
316.6406,2.400797,219.0975,352.3759,166.528,356.9728,-1
316.6406,2.401249,219.0975,353.0789,166.4287,357.795,-1
316.6405,2.401402,219.0978,353.6692,167.0163,358.0726,-1
316.6405,2.401352,219.0978,352.5881,167.0176,357.9784,-1
316.6405,2.401032,219.0977,352.3082,166.8846,357.3982,-1
316.6405,2.400959,219.0978,352.3326,167.1727,357.2657,-1
316.6404,2.400856,219.098,352.6412,167.4945,357.0816,-1
316.6404,2.401011,219.0981,353.3283,167.5037,357.3672,-1
316.6405,2.40076,219.098,352.6317,167.4447,356.909,-1
316.6406,2.399731,219.0977,353.9986,167.0887,355.0598,-1
316.6405,2.399923,219.0981,354.4604,167.7986,355.4105,-1
316.6404,2.399872,219.0984,356.059,168.2006,355.3297,-1
316.6404,2.399779,219.0984,355.5684,168.2583,355.1584,-1
316.6404,2.399858,219.0984,354.7572,168.2957,355.2961,-1
316.6404,2.399765,219.0986,354.2733,168.6372,355.1228,-1
316.6404,2.399665,219.0987,354.3755,168.9262,354.9449,-1
316.6404,2.399758,219.0986,355.429,168.572,355.1196,-1
316.642,2.403373,219.0931,354.7531,157.7997,1.619851,-1
316.6413,2.402844,219.0948,355.3302,161.1442,0.6686546,-1
316.6414,2.404172,219.0949,354.5605,161.0953,3.059047,-1
316.6412,2.403378,219.0951,355.6517,161.5418,1.628194,-1
316.6411,2.403407,219.0956,356.1441,162.652,1.678067,-1
316.6409,2.402977,219.0961,354.6492,163.5615,0.9095426,-1
316.6399,2.402431,219.101,356.4389,172.5706,359.9279,-1
316.6398,2.399189,219.1032,354.844,177.0886,354.0884,-1
316.64,2.399396,219.101,352.9567,173.1806,354.4423,-1
316.6409,2.398646,219.097,350.6203,166.2424,353.0411,-1
316.6411,2.399793,219.0959,351.6152,163.834,355.1469,-1
316.6414,2.400312,219.095,351.4092,162.0501,356.0858,-1
316.6412,2.400903,219.0951,351.8073,162.1583,357.1614,-1
316.6412,2.401782,219.0951,353.0266,161.9218,358.7555,-1
316.6411,2.401565,219.0957,353.4863,163.0087,358.3661,-1
316.6411,2.401446,219.0957,354.1408,162.9906,358.153,-1
316.6411,2.401233,219.0956,354.3161,162.8422,357.7713,-1
316.6411,2.401101,219.0957,354.352,163.0737,357.5327,-1
316.6411,2.40097,219.0958,354.431,163.278,357.2977,-1
316.6411,2.400907,219.0957,354.748,163.07,357.1848,-1
316.6411,2.400911,219.0957,354.8322,163.0344,357.1934,-1
316.6411,2.400921,219.0957,354.7115,163.1257,357.2109,-1
269.66,2.404942,158.5561,354.2162,167.0027,357.164,-1
269.6592,2.404683,158.5621,352.941,178.0754,356.6896,-1
269.6606,2.404047,158.5727,351.8351,197.5166,355.5276,-1
269.6673,2.403107,158.5844,351.2903,222.2473,353.811,-1
269.6784,2.403938,158.5927,353.9625,246.936,355.3511,-1
269.6909,2.405223,158.5954,353.9563,269.849,357.6704,-1
269.7015,2.404567,158.5937,352.5964,289.2828,356.4769,-1
269.7122,2.402154,158.5871,354.5226,312.4476,352.127,-1
269.7185,2.402851,158.5797,357.0082,329.7057,353.4123,-1
269.7216,2.405197,158.5731,356.9022,342.485,357.6329,-1
269.7228,2.406286,158.5681,354.2091,351.744,359.5835,-1
269.7231,2.406885,158.5637,353.5589,359.5034,0.6630557,-1
269.6912,1.031517,158.5634,0,315,0,exit0
269.7224,2.405225,158.5518,354.0235,3.792731,357.6741,-1
269.7203,2.405529,158.5193,353.9377,1.937909,358.2207,-1
269.7201,2.405992,158.5165,355.876,6.812579,359.0576,-1
269.7151,2.40598,158.5028,353.1404,33.23314,359.0321,-1
269.6839,2.405178,158.4752,352.8562,54.06817,357.5833,-1
269.6822,2.40747,158.4737,352.8806,48.01467,1.720399,-1
269.6887,2.4101,158.4821,353.6399,28.34859,6.469521,-1
269.691,2.408782,158.487,353.2575,18.75779,4.086783,-1
269.6897,2.40908,158.484,353.8443,24.66252,4.620427,-1
269.6842,2.409277,158.4758,351.433,42.22078,5.003777,-1
269.5861,2.408382,158.3761,352.4753,42.35651,5.172292,-1
269.5211,2.407116,158.3055,354.1405,43.38972,1.078515,-1
269.4976,2.406698,158.2837,358.0595,48.43761,0.324634,-1
269.3705,2.407634,158.1729,3.698268,48.90863,2.00423,-1
272.0558,2.408368,160.4327,4.516042,51.17148,3.326049,-1
275.0706,2.406646,162.9251,3.309747,53.84829,0.2304914,-1
277.1548,2.405577,164.4339,2.729949,55.28622,358.3141,-1
279.4372,2.405612,165.9518,2.682563,54.98154,358.3766,-1
282.1289,2.405817,167.3611,2.760532,54.86889,358.7446,-1
284.3573,2.40579,168.8113,2.222613,54.71701,358.6972,-1
286.8641,2.404914,170.4605,1.130446,55.38288,357.1287,-1
289.0967,2.401819,171.8927,1.209013,56.85969,355.6364,-1
291.6155,2.403767,173.2157,1.738383,57.05238,355.0682,-1
294.1606,2.403883,174.3994,1.299,56.5193,355.2783,-1
296.5883,2.404048,175.6241,1.257792,55.98708,355.5732,-1
299.1544,2.404308,176.978,1.006263,55.81911,356.0402,-1
301.7271,2.404521,178.0809,0.7540076,55.54144,356.4227,-1
303.9781,2.40459,179.3195,0.7150682,55.43378,356.5473,-1
306.3818,2.40454,180.535,0.7053407,55.43228,356.4565,-1
308.5848,2.404519,181.7367,0.519687,55.35791,356.4201,-1
311.035,2.404523,182.9896,0.3450662,55.14223,356.4269,-1
313.5075,2.404336,184.1468,0.3092372,55.15243,356.3805,-1
315.9036,2.404396,185.509,0.6399949,54.66194,356.2,-1
318.2797,2.404213,186.8332,0.2916099,54.81726,355.8721,-1
320.6915,2.404275,187.9919,0.657428,54.67912,355.9818,-1
323.0947,2.404275,189.0938,0.6660728,54.76332,355.9827,-1
325.7001,2.404263,190.2613,0.7413257,54.79934,355.9601,-1
328.284,2.404015,191.3963,0.8194245,54.65953,355.9832,-1
331.0959,2.403874,192.5862,1.257023,54.67007,356.1953,-1
333.6993,2.404616,193.5866,1.580815,54.50884,356.5923,-1
336.3989,2.404858,194.6711,1.507227,54.13864,357.0265,-1
339.2125,2.405155,195.9844,1.422236,53.88417,357.5605,-1
341.6702,2.405598,197.0482,1.089254,53.17937,358.3542,-1
344.2829,2.406102,198.5234,0.9011236,52.17929,359.2563,-1
346.7018,2.406246,199.9658,0.4449451,51.65135,359.5241,-1
349.377,2.406192,201.7673,359.8002,51.40372,359.4189,-1
351.8654,2.399183,203.4991,359.5865,51.77054,359.016,-1
354.0398,2.405692,204.8133,359.2279,51.59547,358.5226,-1
356.4808,2.405381,206.4585,359.1311,51.23555,358.3906,-1
358.4047,2.405933,207.5845,356.9411,44.31893,358.9521,-1
358.7172,2.406543,207.599,353.5,33.5296,0.04676447,-1
358.7014,1.031517,207.609,0,315,0,enter1
358.7382,2.406874,207.5971,352.2584,14.28258,0.6459054,-1
358.7391,2.407006,207.607,351.8791,356.2422,0.884306,-1
358.7372,2.406504,207.6159,351.0641,340.0081,359.9763,-1
358.7326,2.406439,207.6245,349.5655,322.5381,359.8579,-1
358.7263,2.407559,207.6307,351.2179,306.2663,1.888462,-1
358.7229,2.40834,207.6328,350.9856,298.8709,3.306185,-1
358.7241,2.405806,207.6322,348.5371,302.1252,358.7004,-1
358.7241,2.406821,207.6322,347.7999,301.6389,0.5577617,-1
358.7255,2.405981,207.6313,350.4745,305.0158,359.0258,-1
358.7252,2.406567,207.6315,352.8226,304.1117,0.09084478,-1
358.7244,2.408503,207.6319,353.5052,302.2036,3.581414,-1
358.7255,2.406969,207.6313,357.0569,304.8303,0.811098,-1
358.7072,1.031517,207.605,0,315,0,exit1
358.7374,2.406554,207.6502,358.9088,303.8965,0.06697048,-1
358.71,2.406659,207.681,2.466354,304.4102,0.254043,-1
357.1073,2.400486,208.79,5.211129,304.7673,0.5270101,-1
355.8851,2.406708,209.6421,6.955033,305.1093,0.3450603,-1
355.1982,2.406727,210.1258,6.386377,305.1964,0.3780643,-1
354.7129,2.406938,210.4701,7.326586,305.187,0.7598658,-1
353.7665,2.406857,211.144,9.404662,305.5175,0.6165736,-1
351.8981,2.406797,212.4724,10.29629,305.3609,0.5103298,-1
349.675,2.404566,214.056,10.0473,305.4982,0.4939834,-1
347.5435,2.406778,215.5761,9.841133,305.5145,0.4740565,-1
345.5694,2.406891,216.9813,10.84965,305.3456,0.6812745,-1
343.2703,2.407043,218.6005,11.68704,304.4659,0.9625191,-1
341.4213,2.407312,219.8604,10.96001,303.7379,1.449813,-1
339.2099,2.407417,221.3375,11.66998,303.3925,1.645213,-1
337.189,2.407486,222.6635,11.61357,302.8927,1.770854,-1
335.2952,2.407458,223.8784,10.72058,301.9837,1.71453,-1
333.4814,2.407322,225.0041,8.530042,301.3574,1.457466,-1
330.5474,2.407422,226.8126,8.054498,301.7976,1.635977,-1
326.9937,2.40725,229.0339,8.073521,302.7174,1.32648,-1
323.9599,2.407178,230.9868,9.142766,302.8508,1.199034,-1
320.0329,2.398284,233.5204,9.454431,302.769,1.589315,-1
316.0173,2.407367,236.1091,9.378263,302.7404,1.541821,-1
311.8142,2.40763,238.8098,9.399415,302.8928,2.020988,-1
307.3674,2.407966,241.6979,9.04275,303.6069,2.62786,-1
303.1732,2.408204,244.4705,8.872479,303.208,3.058809,-1
299.0384,2.400105,247.1898,9.070516,303.1298,4.056565,-1
294.606,2.408001,250.0616,9.295595,302.5356,4.853338,-1
290.0777,2.408497,252.9232,9.301012,301.8152,4.490215,-1
285.4918,2.409159,255.7264,8.096127,300.8437,4.783521,-1
281.1335,2.409181,258.31,8.034872,299.6089,4.823068,-1
277.6639,2.40788,260.2665,2.938668,298.7347,2.444022,-1
277.6202,2.407188,260.2906,358.5659,299.2946,1.202452,-1
277.6199,2.407279,260.2907,3.64384,298.833,1.367309,-1
276.6069,2.401806,260.8493,6.749984,298.6708,2.816386,-1
273.5892,1.031517,262.4412,0,315,0,enter2
273.0304,2.404762,262.7768,7.012659,298.9661,1.994497,-1
272.9714,2.400635,262.8083,2.93311,298.3891,2.462164,-1
272.9615,2.4006,262.8117,1.042546,279.3968,2.398718,-1
272.9508,2.398408,262.8117,357.4724,260.244,358.4696,-1
272.9415,2.398535,262.8085,355.7563,242.5103,358.6957,-1
272.9339,2.399952,262.803,355.3618,225.4813,1.239695,-1
272.9276,2.401111,262.7942,353.3974,205.7086,3.334461,-1
272.9257,2.400465,262.7896,354.8352,196.8477,2.164978,-1
272.9255,2.398727,262.789,354.8513,196.0249,359.0389,-1
272.9259,2.39871,262.7903,356.3346,198.4865,359.0102,-1
272.9257,2.398886,262.7896,357.6892,197.1843,359.3268,-1
272.9258,2.397927,262.79,357.3995,197.9702,357.6066,-1
272.9563,1.024262,262.7802,0,315,0,exit2
272.9254,2.398848,262.7885,1.997863,194.9953,359.2587,-1
272.9254,2.39919,262.7885,9.451841,195.2184,359.823,-1
272.1751,2.406993,260.026,11.38204,195.3531,0.8687428,-1
270.9951,2.407527,255.6508,10.68664,194.2826,1.841451,-1
270.2184,2.407807,252.6022,9.86265,194.2628,2.345179,-1
269.4492,2.407815,249.5469,10.1703,193.6505,2.360999,-1
268.6808,2.401433,246.3718,10.39042,193.5698,2.547839,-1
267.9254,2.402906,243.2419,10.39042,193.5698,2.547839,-1
267.1655,2.407916,240.094,10.39042,193.5698,2.547839,-1
266.4139,2.407893,236.971,10.37002,193.4644,2.506212,-1
265.6731,2.401467,233.8886,10.48189,193.4889,2.30674,-1
264.9464,2.406821,230.856,11.93041,193.555,2.942736,-1
263.9178,2.405062,226.6273,12.86212,193.8044,3.430031,-1
262.777,2.408366,221.9919,12.57024,193.833,3.394225,-1
261.64,2.408239,217.4062,12.58162,194.1342,3.160877,-1
260.4443,2.407239,212.6746,12.54331,194.4427,3.035242,-1
259.2922,2.408135,208.2127,12.38623,194.6667,2.967057,-1
258.0864,2.408265,203.6252,12.37247,194.8325,3.205065,-1
256.8717,2.40376,199.0578,12.39158,194.9999,3.142831,-1
255.6224,2.40686,194.3801,12.28535,195.0694,3.029029,-1
254.3708,2.408113,189.7303,12.24008,195.2327,2.924654,-1
253.1006,2.408171,185.0405,12.16801,195.1628,3.030945,-1
251.8117,2.408188,180.2305,11.45455,194.3529,3.053376,-1
250.9281,2.407672,176.7245,5.390624,193.4166,2.077354,-1
250.893,1.031517,176.4444,0,315,0,enter0
