*Subject
2
*Layout
3
*Condition
True,False,True
*Marks
162.7782,0,297.4577
213.0596,0,264.7219
266.5495,0,291.9003
*Path
x,y,z,flag
204.3485,2.405723,277.5707,1.879854,278.7872,358.5774,-1
204.3477,2.405865,277.5709,4.46735,277.2427,358.8285,-1
204.3471,2.405482,277.5709,4.676574,276.1024,358.1407,-1
204.3476,2.405593,277.5709,5.318664,276.9547,358.3387,-1
204.348,2.405466,277.5708,7.589117,277.6351,358.101,-1
204.3483,2.404898,277.5707,7.381966,277.9412,357.0761,-1
204.3472,2.406646,277.5709,359.1105,276.4847,0.2307631,-1
204.3504,2.405857,277.5704,356.4816,282.252,358.8158,-1
204.3519,2.40534,277.57,355.4006,285.0745,357.8843,-1
204.352,2.407113,277.57,0.9118416,285.183,1.067709,-1
204.3522,2.405176,277.5699,3.465756,285.5009,357.5938,-1
204.3519,2.405892,277.57,355.2905,284.9747,358.8778,-1
204.352,2.404552,277.5699,344.1122,286.1481,356.3406,-1
204.351,2.40484,277.5702,342.9872,284.2597,356.8578,-1
204.3539,2.405294,277.5694,339.258,289.6135,357.6588,-1
204.3556,2.40491,277.5688,340.0965,293.0073,356.9384,-1
204.3543,2.404956,277.5692,342.5504,290.3195,357.0681,-1
204.353,2.406625,277.5697,347.0929,286.9612,0.1984909,-1
204.3509,2.406365,277.5703,356.0974,283.2225,359.7269,-1
204.3512,2.405917,277.5702,355.0293,283.8427,358.9219,-1
204.351,2.405603,277.5703,357.9532,283.4142,358.3621,-1
204.3508,2.405497,277.5703,358.2904,283.0453,358.1728,-1
204.3508,2.405494,277.5703,358.5212,283.0834,358.1678,-1
204.3513,2.405742,277.5702,358.6069,283.9485,358.6124,-1
204.3521,2.405846,277.57,359.7624,285.3655,358.799,-1
204.3508,2.407396,277.5703,12.69007,283.3908,1.613543,-1
204.3486,2.406718,277.5707,24.53699,279.0925,0.3963177,-1
204.3501,2.406526,277.5705,31.57913,281.6302,0.01876479,-1
204.3513,2.406066,277.5702,34.50479,283.3825,359.0211,-1
204.3515,2.405221,277.5701,13.85212,283.6115,357.6104,-1
204.351,2.404249,277.5702,2.496088,283.2388,355.9318,-1
204.353,2.412822,277.5691,340.3261,283.2486,12.07815,-1
204.3544,2.416512,277.5675,338.8683,283.442,19.56337,-1
204.3534,2.409602,277.5694,355.0319,287.3246,5.552176,-1
204.3515,2.406859,277.5701,13.71863,284.3906,0.629871,-1
204.362,2.411574,277.5648,7.763568,306.8965,9.178296,-1
204.3642,2.411508,277.5631,10.27588,312.193,9.120933,-1
204.3574,2.406443,277.568,10.85645,295.5377,359.8647,-1
204.3508,2.413126,277.5696,14.6049,286.3154,12.32343,-1
204.312,2.407602,277.5439,2.869441,188.7185,1.945857,-1
204.3259,2.405746,277.5125,6.854907,123.5175,358.6099,-1
204.3337,2.40276,277.5089,14.83551,106.4823,353.0241,-1
204.3261,2.40781,277.5124,32.80809,124.7,2.75529,-1
204.3249,2.406151,277.5132,26.73294,125.5965,359.2669,-1
204.3286,2.407964,277.5109,25.10674,119.3046,2.86202,-1
204.3289,2.411241,277.5111,1.320514,117.9678,8.491363,-1
204.3418,2.408206,277.5072,19.71133,94.38206,3.214694,-1
204.3532,2.411441,277.509,6.546247,73.322,8.910238,-1
204.3366,2.407898,277.5079,20.65382,103.5729,2.64398,-1
204.3319,2.40946,277.5095,16.28965,113.0767,5.497426,-1
204.3302,2.407065,277.5101,20.06166,115.1747,1.044273,-1
204.342,2.407112,277.5072,25.26059,93.44486,1.177242,-1
204.3504,2.405718,277.5079,25.94403,77.0089,358.4093,-1
204.3527,2.409473,277.5086,38.91098,77.72276,6.819067,-1
204.3597,2.409157,277.5116,55.20991,66.52905,8.314571,-1
204.3528,2.406986,277.5085,56.04247,74.56324,1.502202,-1
204.3527,2.405713,277.5084,53.2782,71.60358,357.5906,-1
204.3563,2.409053,277.5099,65.49526,76.63113,11.01605,-1
204.3546,2.40666,277.509,71.33408,70.75893,0.7999517,-1
204.3521,2.406549,277.5083,85.54768,75.38068,0.7235422,-1
204.3548,2.406167,277.5091,90,69.57233,0,-1
204.3575,2.405897,277.5103,90,64.22435,0,-1
204.3592,2.405651,277.5112,90,60.84276,0,-1
204.3595,2.406141,277.5113,90,60.32773,0,-1
204.3493,2.403248,277.5078,34.62227,75.64341,352.868,-1
204.3468,2.405929,277.5073,8.382721,84.09914,358.9359,-1
204.3457,2.406384,277.5072,9.188218,86.16216,359.7586,-1
204.3463,2.406191,277.5072,9.497478,85.20448,359.4085,-1
204.3458,2.406089,277.5072,9.714534,85.92458,359.2225,-1
204.346,2.406106,277.5072,9.732618,85.69293,359.2543,-1
204.346,2.406129,277.5072,9.672032,85.70257,359.2957,-1
204.346,2.406176,277.5072,9.682502,85.6263,359.3802,-1
204.346,2.406166,277.5072,9.675706,85.57938,359.3619,-1
204.3461,2.406195,277.5072,9.666895,85.53987,359.4158,-1
204.3461,2.406213,277.5072,9.651936,85.44978,359.4469,-1
204.3461,2.406209,277.5072,9.639002,85.40674,359.4399,-1
204.3462,2.406256,277.5072,9.644342,85.35889,359.525,-1
204.3462,2.406231,277.5072,9.659097,85.29872,359.4812,-1
204.3462,2.406256,277.5072,9.653321,85.26421,359.5265,-1
204.3463,2.406281,277.5072,9.551532,85.19509,359.5703,-1
204.3463,2.406291,277.5072,9.606378,85.18598,359.5902,-1
204.3463,2.406256,277.5072,9.586852,85.14437,359.5266,-1
204.3463,2.406275,277.5072,9.600694,85.13577,359.5608,-1
204.3463,2.406288,277.5072,9.592175,85.07145,359.5848,-1
204.3464,2.406297,277.5072,9.576355,85.01413,359.601,-1
204.3464,2.406279,277.5072,9.605878,85.0064,359.5681,-1
204.3464,2.406272,277.5072,9.581279,84.90248,359.5548,-1
204.3465,2.406297,277.5072,9.572067,84.86853,359.6005,-1
204.3465,2.406284,277.5072,9.54668,84.8168,359.5764,-1
204.3465,2.406301,277.5072,9.534972,84.76662,359.6078,-1
204.3465,2.406168,277.5072,9.815443,84.73017,359.365,-1
204.3466,2.40619,277.5073,9.695368,84.64716,359.4054,-1
204.3466,2.406337,277.5073,9.520969,84.56893,359.674,-1
204.3466,2.406298,277.5073,9.560891,84.56048,359.6022,-1
204.3466,2.40626,277.5073,9.603301,84.52547,359.5327,-1
204.3467,2.406282,277.5073,9.584424,84.45162,359.5731,-1
204.3467,2.406321,277.5073,9.555892,84.39211,359.6438,-1
204.3467,2.406312,277.5073,9.557149,84.34985,359.6276,-1
204.3468,2.4063,277.5073,9.572841,84.30228,359.6064,-1
204.3468,2.406296,277.5073,9.576238,84.26627,359.5982,-1
204.3468,2.406298,277.5073,9.569681,84.22624,359.6017,-1
204.3468,2.406299,277.5073,9.568375,84.17062,359.6038,-1
204.3469,2.406296,277.5073,9.574865,84.13846,359.5986,-1
204.3469,2.406285,277.5073,9.601661,84.10845,359.5788,-1
204.3469,2.406279,277.5073,9.61497,84.07175,359.5669,-1
204.3469,2.406275,277.5073,9.637406,84.03596,359.56,-1
204.3469,2.406267,277.5073,9.653662,84.01125,359.5453,-1
204.3469,2.406256,277.5073,9.683835,83.98641,359.5259,-1
204.347,2.406257,277.5073,9.703279,83.95403,359.5277,-1
204.347,2.40625,277.5073,9.711173,83.9186,359.515,-1
204.347,2.406254,277.5073,9.705337,83.87752,359.5219,-1
204.347,2.406253,277.5073,9.701756,83.85475,359.5201,-1
204.347,2.406253,277.5073,9.710984,83.82572,359.5206,-1
204.347,2.406251,277.5073,9.71712,83.78462,359.5171,-1
204.3471,2.406247,277.5073,9.722672,83.75306,359.5085,-1
204.3471,2.40625,277.5073,9.725349,83.71934,359.5154,-1
204.3471,2.406247,277.5073,9.725255,83.69004,359.5093,-1
204.3471,2.406256,277.5073,9.730861,83.65392,359.5264,-1
204.3471,2.40625,277.5073,9.720614,83.62502,359.516,-1
204.3472,2.406252,277.5073,9.722073,83.59491,359.5188,-1
204.3472,2.406254,277.5073,9.72011,83.57014,359.5217,-1
204.3472,2.406257,277.5073,9.719468,83.54554,359.5269,-1
204.3472,2.40625,277.5073,9.731288,83.53139,359.516,-1
204.3472,2.406252,277.5073,9.725247,83.50575,359.5184,-1
204.3472,2.406248,277.5073,9.733232,83.48261,359.5115,-1
204.3472,2.406248,277.5073,9.729449,83.45605,359.5111,-1
204.3472,2.406248,277.5073,9.739054,83.42677,359.5109,-1
204.3473,2.406247,277.5073,9.730634,83.40081,359.5089,-1
204.3473,2.406245,277.5073,9.727968,83.3775,359.5055,-1
204.3473,2.406243,277.5073,9.726943,83.34619,359.503,-1
204.3473,2.406244,277.5073,9.735718,83.32711,359.5046,-1
204.3473,2.406244,277.5073,9.737089,83.30186,359.5047,-1
204.3473,2.406244,277.5073,9.735409,83.27845,359.5039,-1
204.3473,2.406245,277.5073,9.736271,83.25552,359.5066,-1
204.3474,2.406246,277.5073,9.73869,83.2237,359.507,-1
204.3474,2.406244,277.5073,9.737735,83.19986,359.5042,-1
204.3474,2.406242,277.5073,9.735043,83.17427,359.5003,-1
204.3474,2.406243,277.5074,9.742275,83.1403,359.503,-1
204.3474,2.406245,277.5074,9.736719,83.10564,359.5065,-1
204.3474,2.406244,277.5074,9.743145,83.08196,359.5043,-1
204.3474,2.40624,277.5074,9.744605,83.05424,359.4958,-1
204.3475,2.40624,277.5074,9.746521,83.03193,359.4968,-1
204.3475,2.406244,277.5074,9.746342,83.01341,359.5034,-1
204.3475,2.406245,277.5074,9.749777,82.99157,359.5063,-1
204.3475,2.406246,277.5074,9.739013,82.97473,359.5073,-1
204.3475,2.406244,277.5074,9.754973,82.95644,359.5038,-1
204.3475,2.406244,277.5074,9.747908,82.92738,359.5045,-1
204.3475,2.406247,277.5074,9.741865,82.91855,359.5088,-1
204.3475,2.406244,277.5074,9.734778,82.90354,359.5045,-1
204.3475,2.406249,277.5074,9.74137,82.89136,359.5128,-1
204.3475,2.406239,277.5074,9.745802,82.86414,359.4947,-1
204.3476,2.406239,277.5074,9.744805,82.84151,359.4956,-1
204.3476,2.40624,277.5074,9.73574,82.81584,359.4972,-1
204.3476,2.406244,277.5074,9.751279,82.80312,359.5038,-1
204.3476,2.406242,277.5074,9.733846,82.78075,359.4998,-1
204.3476,2.406247,277.5074,9.744757,82.77589,359.509,-1
204.3476,2.406248,277.5074,9.725937,82.7581,359.5116,-1
204.3476,2.406246,277.5074,9.736583,82.7485,359.5085,-1
204.3476,2.406244,277.5074,9.728069,82.72588,359.5037,-1
204.3476,2.406248,277.5074,9.724589,82.7115,359.5105,-1
204.3477,2.40625,277.5074,9.734266,82.69379,359.5152,-1
204.3477,2.406254,277.5074,9.734906,82.67651,359.5221,-1
204.3477,2.406251,277.5074,9.728839,82.65924,359.5173,-1
204.3477,2.406254,277.5074,9.736753,82.64461,359.522,-1
204.3477,2.406253,277.5074,9.742258,82.62927,359.5212,-1
204.3477,2.406253,277.5074,9.746594,82.61652,359.5205,-1
204.3477,2.406254,277.5074,9.744185,82.60958,359.5218,-1
204.3477,2.40625,277.5074,9.750837,82.5908,359.5154,-1
204.3477,2.406247,277.5074,9.744984,82.57301,359.5092,-1
204.3477,2.406248,277.5074,9.738744,82.56458,359.5117,-1
204.3477,2.406249,277.5074,9.736082,82.55195,359.5134,-1
204.3477,2.406249,277.5074,9.742884,82.53345,359.5122,-1
204.3477,2.406245,277.5074,9.738663,82.51997,359.506,-1
204.3477,2.406245,277.5074,9.732046,82.51272,359.5056,-1
204.3478,2.406248,277.5074,9.735897,82.50079,359.5115,-1
204.3478,2.406249,277.5074,9.735976,82.49113,359.5123,-1
204.3478,2.406247,277.5074,9.733791,82.4852,359.5094,-1
204.3478,2.406245,277.5074,9.725131,82.46758,359.5052,-1
204.3478,2.406241,277.5074,9.72323,82.45456,359.4995,-1
204.3478,2.406247,277.5074,9.724236,82.44181,359.5085,-1
204.3478,2.406247,277.5074,9.736165,82.42826,359.5086,-1
204.3478,2.406248,277.5074,9.73073,82.41236,359.5105,-1
204.3478,2.406249,277.5074,9.727782,82.3985,359.5124,-1
204.3478,2.40625,277.5074,9.728724,82.39314,359.5139,-1
204.3478,2.40625,277.5074,9.733356,82.38077,359.5159,-1
204.3478,2.40625,277.5074,9.718409,82.3741,359.5136,-1
204.3478,2.406216,277.5074,9.789791,82.36732,359.4534,-1
204.3478,2.406222,277.5074,9.774663,82.34106,359.4648,-1
204.3478,2.406241,277.5074,9.73269,82.3503,359.499,-1
204.3478,2.406234,277.5074,9.722042,82.35448,359.4857,-1
204.3478,2.406251,277.5074,9.671426,82.35373,359.517,-1
204.3479,2.406249,277.5074,9.639272,82.33025,359.5137,-1
204.3479,2.406241,277.5074,9.649316,82.31652,359.4992,-1
204.3479,2.406227,277.5074,9.678722,82.31309,359.4731,-1
204.3479,2.406226,277.5074,9.676333,82.30408,359.4716,-1
204.3479,2.40622,277.5074,9.698437,82.31151,359.4607,-1
204.3479,2.406214,277.5074,9.698338,82.30566,359.4495,-1
204.3479,2.406213,277.5074,9.700533,82.29448,359.4473,-1
204.3479,2.406211,277.5074,9.705439,82.28886,359.445,-1
204.3479,2.40621,277.5074,9.71524,82.28292,359.443,-1
204.3479,2.406211,277.5074,9.718515,82.27277,359.4435,-1
204.3479,2.406206,277.5074,9.725619,82.27819,359.4346,-1
204.3479,2.406204,277.5074,9.729086,82.27031,359.4306,-1
204.3479,2.406208,277.5074,9.730178,82.25919,359.439,-1
204.3479,2.406216,277.5074,9.731034,82.257,359.4521,-1
204.3479,2.406219,277.5074,9.731361,82.2542,359.4572,-1
204.3479,2.406222,277.5074,9.725846,82.25256,359.4646,-1
204.3479,2.406225,277.5074,9.735727,82.25217,359.469,-1
204.3479,2.406225,277.5074,9.735501,82.24635,359.4699,-1
204.3479,2.406229,277.5074,9.737555,82.25523,359.4774,-1
204.3479,2.406223,277.5074,9.737562,82.25491,359.4656,-1
204.3479,2.406222,277.5074,9.736086,82.2576,359.4645,-1
204.3479,2.406223,277.5074,9.740805,82.25755,359.4656,-1
204.3479,2.406223,277.5074,9.749258,82.25629,359.4652,-1
204.3479,2.40622,277.5074,9.744807,82.25485,359.4602,-1
204.3479,2.406218,277.5074,9.743981,82.25915,359.4567,-1
204.3479,2.406215,277.5074,9.741409,82.25766,359.4511,-1
204.3479,2.40621,277.5074,9.748363,82.25371,359.4418,-1
204.3479,2.406222,277.5074,9.733993,82.24748,359.4642,-1
204.3479,2.406218,277.5074,9.740178,82.26379,359.4566,-1
204.3479,2.406221,277.5074,9.737732,82.27019,359.4631,-1
204.3479,2.406222,277.5074,9.739893,82.27956,359.4641,-1
204.3479,2.406221,277.5074,9.732821,82.28259,359.462,-1
204.3479,2.406217,277.5074,9.750203,82.29211,359.4549,-1
204.3479,2.406214,277.5074,9.752748,82.3006,359.4496,-1
204.3479,2.406211,277.5074,9.75261,82.30456,359.4439,-1
204.3479,2.406211,277.5074,9.75404,82.30927,359.4439,-1
204.3479,2.406207,277.5074,9.760739,82.30786,359.4363,-1
204.3479,2.406205,277.5074,9.758775,82.3137,359.4322,-1
204.3479,2.406204,277.5074,9.760385,82.32193,359.432,-1
204.3478,2.406212,277.5074,9.760416,82.34057,359.4459,-1
204.3478,2.406209,277.5074,9.763937,82.35085,359.4402,-1
204.3478,2.406213,277.5074,9.747718,82.35722,359.4485,-1
204.3478,2.40621,277.5074,9.747945,82.37047,359.4419,-1
204.3478,2.406207,277.5074,9.749907,82.37666,359.4356,-1
204.3478,2.406204,277.5074,9.740776,82.38462,359.4305,-1
204.3478,2.406203,277.5074,9.732945,82.3958,359.429,-1
204.3478,2.406203,277.5074,9.733785,82.40823,359.4288,-1
204.3478,2.4062,277.5074,9.741562,82.41467,359.4236,-1
204.3478,2.406207,277.5074,9.747288,82.42979,359.4375,-1
204.3478,2.406203,277.5074,9.753414,82.43982,359.4291,-1
204.3478,2.406199,277.5074,9.7418,82.44382,359.4215,-1
204.3478,2.406204,277.5074,9.735696,82.44936,359.4315,-1
204.3478,2.406204,277.5074,9.73,82.45065,359.4313,-1
204.3478,2.406212,277.5074,9.733854,82.46722,359.4458,-1
204.3478,2.406215,277.5074,9.727748,82.48752,359.4505,-1
204.3478,2.40622,277.5074,9.740831,82.49323,359.4608,-1
204.3478,2.406219,277.5074,9.751647,82.49548,359.4576,-1
204.3477,2.406218,277.5074,9.740585,82.50156,359.4558,-1
204.3477,2.406219,277.5074,9.753194,82.51665,359.4592,-1
204.3477,2.406221,277.5074,9.750285,82.52409,359.4618,-1
204.3477,2.406225,277.5074,9.745659,82.53077,359.4687,-1
204.3477,2.406234,277.5074,9.733379,82.53159,359.4859,-1
204.3477,2.406234,277.5074,9.739447,82.54211,359.485,-1
204.3477,2.406226,277.5074,9.744982,82.55752,359.4709,-1
204.3477,2.406223,277.5074,9.742469,82.56952,359.4661,-1
204.3477,2.406226,277.5074,9.755415,82.58028,359.4715,-1
204.3477,2.406225,277.5074,9.754198,82.5885,359.4686,-1
204.3477,2.406224,277.5074,9.751736,82.59238,359.4683,-1
204.3477,2.406231,277.5074,9.740223,82.60091,359.48,-1
204.3477,2.406228,277.5074,9.746266,82.61337,359.4743,-1
204.3477,2.406219,277.5074,9.747603,82.62565,359.4589,-1
204.3477,2.40622,277.5074,9.744521,82.63672,359.4614,-1
204.3477,2.40622,277.5074,9.7421,82.65361,359.4613,-1
204.3477,2.406214,277.5074,9.749712,82.6647,359.4494,-1
204.3477,2.406207,277.5074,9.742526,82.67606,359.4364,-1
204.3476,2.406202,277.5074,9.741151,82.68903,359.4273,-1
204.3476,2.406204,277.5074,9.733745,82.69872,359.4309,-1
204.3476,2.406208,277.5074,9.730035,82.70476,359.4378,-1
204.3476,2.406213,277.5074,9.738469,82.71055,359.4473,-1
204.3476,2.40621,277.5074,9.736757,82.72167,359.4424,-1
204.3476,2.406209,277.5074,9.750678,82.73587,359.4405,-1
204.3476,2.406207,277.5074,9.747131,82.74467,359.4358,-1
204.3476,2.406202,277.5074,9.750013,82.75768,359.4269,-1
204.3476,2.406206,277.5074,9.755671,82.77139,359.434,-1
204.3476,2.406209,277.5074,9.756735,82.79182,359.4397,-1
204.3476,2.406211,277.5074,9.755035,82.80676,359.4435,-1
204.3476,2.406208,277.5074,9.746966,82.81941,359.4386,-1
204.3476,2.406206,277.5074,9.750476,82.84064,359.4345,-1
204.3475,2.406207,277.5074,9.757175,82.8591,359.4362,-1
204.3475,2.406207,277.5074,9.753345,82.87993,359.4371,-1
204.3475,2.40621,277.5074,9.756133,82.90372,359.442,-1
204.3475,2.406207,277.5074,9.758584,82.92222,359.4368,-1
204.3475,2.406205,277.5074,9.754993,82.94025,359.4333,-1
204.3475,2.406205,277.5074,9.751414,82.95619,359.4337,-1
204.3475,2.406205,277.5074,9.746593,82.97221,359.4327,-1
204.3475,2.406207,277.5074,9.762726,82.98872,359.4369,-1
204.3475,2.40619,277.5074,9.750387,83.01051,359.4061,-1
204.3475,2.406298,277.5074,9.558675,83.01212,359.602,-1
204.3475,2.406252,277.5074,9.64286,83.01701,359.5191,-1
204.3474,2.406228,277.5074,9.639881,83.06889,359.4741,-1
204.3474,2.406205,277.5074,9.625031,83.08018,359.4336,-1
204.3474,2.40622,277.5074,9.685922,83.0892,359.4614,-1
204.3474,2.406231,277.5074,9.708979,83.10051,359.4809,-1
204.3474,2.406232,277.5074,9.708387,83.11674,359.4817,-1
204.3474,2.406221,277.5074,9.687142,83.14521,359.4617,-1
204.3474,2.406221,277.5073,9.684628,83.15563,359.4616,-1
204.3474,2.406223,277.5073,9.670574,83.16457,359.4653,-1
204.3474,2.406225,277.5073,9.634265,83.18639,359.4692,-1
204.3474,2.406217,277.5073,9.660767,83.20755,359.4539,-1
204.3474,2.406229,277.5073,9.610115,83.24046,359.4776,-1
204.3473,2.406178,277.5073,9.717926,83.25863,359.3846,-1
204.3473,2.406165,277.5073,9.728377,83.29222,359.3597,-1
204.3473,2.406164,277.5073,9.719974,83.28728,359.3592,-1
204.3473,2.40618,277.5073,9.740896,83.29466,359.3875,-1
204.3473,2.406178,277.5073,9.721221,83.31396,359.3833,-1
204.3473,2.406312,277.5073,9.546955,83.32413,359.6281,-1
204.3474,2.406422,277.5073,9.571159,83.24604,359.8266,-1
204.3475,2.406374,277.5074,9.62604,83.00072,359.7412,-1
204.3474,2.406265,277.5073,9.534801,83.19063,359.5424,-1
204.3491,2.405597,277.5076,10.24898,79.83276,358.3255,-1
204.3531,2.398109,277.5097,74.30014,356.4774,283.8463,-1
204.3226,2.396019,277.5174,69.66875,64.55164,289.2315,-1
204.3331,2.397882,277.5102,74.34143,18.91288,268.9917,-1
204.3387,2.399159,277.5084,76.51408,19.05177,279.5883,-1
204.3498,2.411775,277.5082,80.3343,180.7321,101.8773,-1
204.3652,2.400804,277.5162,79.53593,305.9032,259.4362,-1
204.3618,2.388885,277.5196,55.25608,299.2482,255.2052,-1
204.364,2.393037,277.5184,64.28698,330.7395,283.8515,-1
204.3689,2.399345,277.5209,63.51311,8.345146,329.832,-1
204.3705,2.400926,277.5227,27.60706,26.15468,348.6291,-1
204.3686,2.404313,277.5192,24.0174,36.75806,355.675,-1
204.3708,2.407694,277.5223,38.58623,33.31693,2.695961,-1
204.3729,2.408113,277.5263,25.62982,25.05177,3.170533,-1
204.3749,2.407504,277.5322,11.98978,12.86284,1.806414,-1
204.3756,2.407775,277.5378,4.571498,2.459328,2.26049,-1
204.3755,2.407187,277.5413,6.506766,356.2639,1.207055,-1
204.3756,2.4072,277.5399,5.249955,358.7004,1.227813,-1
204.3756,2.407454,277.5401,4.371251,358.4305,1.682182,-1
204.3755,2.407292,277.5417,3.451739,355.4013,1.391129,-1
204.3755,2.40521,277.5418,1.922161,355.0298,357.6571,-1
204.3753,2.404832,277.5431,4.990818,352.6508,356.9697,-1
204.3753,2.404679,277.5431,4.90528,352.5071,356.6958,-1
204.375,2.403673,277.5445,2.834308,349.9834,354.8952,-1
204.3747,2.40484,277.5465,2.9072,346.4766,356.9928,-1
204.3747,2.40484,277.5466,0.5012833,346.5011,356.9966,-1
204.3743,2.404836,277.5482,1.868601,343.3391,356.9862,-1
204.3738,2.404972,277.5496,358.4995,340.9771,357.2324,-1
204.3736,2.405181,277.5504,355.3395,339.6298,357.5994,-1
204.3735,2.404547,277.5505,355.5694,339.4258,356.46,-1
204.3732,2.405107,277.5512,0.02794689,337.7556,357.4741,-1
204.3738,2.405398,277.5497,357.1425,340.7586,357.9935,-1
204.3738,2.405729,277.5498,352.4936,340.6662,358.5773,-1
204.374,2.406741,277.5493,351.5279,341.4238,0.4046709,-1
204.3743,2.406202,277.5483,354.929,343.3514,359.4335,-1
204.3738,2.407938,277.5497,359.0883,340.5761,2.545103,-1
204.3736,2.407746,277.5502,1.102645,339.6949,2.201457,-1
204.3732,2.409142,277.5511,2.459766,338.1754,4.710309,-1
204.3735,2.409437,277.5503,1.28074,339.5463,5.236076,-1
204.3737,2.41072,277.5492,7.036258,342.3971,7.605511,-1
204.3749,2.409057,277.5455,9.60096,349.3048,4.617682,-1
204.3751,2.410183,277.5438,14.82962,353.2196,6.80711,-1
204.3753,2.407036,277.5437,12.79438,351.9679,0.9527249,-1
204.375,2.408363,277.545,7.000533,349.7144,3.331253,-1
204.3751,2.407238,277.5447,5.681911,349.9787,1.298388,-1
204.3744,2.40544,277.5478,0.2109302,344.2176,358.0712,-1
204.3742,2.406748,277.5487,2.012072,342.5666,0.4136632,-1
204.3739,2.405922,277.5495,1.420283,341.032,358.9339,-1
204.3739,2.405984,277.5495,0.7325528,341.0578,359.0462,-1
204.3737,2.406511,277.55,358.2497,340.0679,359.9896,-1
204.3736,2.405412,277.5503,0.9939929,339.4221,358.0212,-1
204.3743,2.405309,277.5482,359.0084,343.4314,357.8368,-1
204.374,2.405781,277.5492,1.873622,341.5829,358.6815,-1
204.374,2.404326,277.5491,1.251021,341.7122,356.0727,-1
204.3737,2.406419,277.5499,358.7692,340.235,359.8238,-1
204.3734,2.407427,277.5507,356.0837,338.671,1.632989,-1
204.374,2.405597,277.5491,355.02,341.9893,358.3462,-1
204.3745,2.406227,277.5475,1.438931,344.9088,359.4808,-1
204.3743,2.405685,277.5482,359.9938,343.3859,358.5101,-1
204.3739,2.406514,277.5495,358.2544,341.1185,-0.004903897,-1
204.3739,2.406254,277.5496,0.01534653,340.8875,359.5288,-1
204.374,2.406202,277.5493,0.8522315,341.4351,359.4354,-1
204.374,2.406332,277.549,1.086489,341.8998,359.6681,-1
204.3742,2.406063,277.5486,1.612579,342.6993,359.186,-1
204.3743,2.405924,277.5484,1.977908,343.1415,358.9382,-1
204.3743,2.405929,277.5483,2.039819,343.2643,358.9454,-1
204.3743,2.406067,277.5483,2.189404,343.265,359.1935,-1
204.3743,2.406035,277.5482,2.282399,343.3651,359.1362,-1
204.3743,2.406048,277.5482,2.194176,343.4414,359.1589,-1
204.3743,2.406013,277.5482,2.312414,343.4966,359.096,-1
204.3743,2.406026,277.5482,2.526188,343.5512,359.1204,-1
204.3742,2.406561,277.5487,4.808021,342.6534,0.07950331,-1
204.3739,2.407238,277.5493,12.85756,341.6459,1.324874,-1
204.3741,2.407379,277.5489,11.79776,342.5693,1.57691,-1
204.3736,2.40661,277.5504,11.37294,339.3433,0.1693691,-1
204.3739,2.406847,277.5496,8.123043,341.0368,0.5977919,-1
204.3741,2.40567,277.5488,359.7346,342.3347,358.4832,-1
162.8099,2.404213,297.4619,358.2487,352.5832,355.8692,-1
162.8102,2.40627,297.459,0.3689251,357.75,359.5583,-1
162.8051,2.403398,297.4405,2.332715,32.42381,354.4025,-1
162.7952,2.400026,297.4313,7.083525,55.82613,348.2055,-1
162.7852,2.398052,297.4276,5.991471,75.27016,344.5741,-1
162.7731,2.395368,297.4282,7.083869,97.29985,339.4469,-1
162.7645,2.395118,297.4312,7.114717,114.7054,338.9624,-1
162.7601,2.399124,297.4324,2.917856,125.0434,346.6248,-1
162.762,2.404233,297.4302,0.9154921,120.5272,355.9061,-1
162.7613,2.405201,297.4306,357.5553,122.0747,357.6407,-1
162.7589,2.405534,297.4322,354.3165,127.3394,358.2303,-1
162.7592,2.405403,297.432,356.1678,126.555,358.0008,-1
162.7782,1.031517,297.4577,0,45,0,exit0
162.7602,2.40526,297.4313,0.153218,124.3847,357.7494,-1
162.7599,2.405431,297.4315,1.943554,124.9186,358.054,-1
162.7603,2.405445,297.4312,0.9303376,124.0492,358.0798,-1
162.7603,2.406225,297.4312,359.5615,124.0359,359.4777,-1
162.9972,2.405988,297.2755,0.7560725,122.9981,359.0528,-1
164.2154,2.405636,296.4865,1.93878,123.2366,358.4223,-1
166.1378,2.405741,295.2224,1.6892,123.3572,358.6102,-1
167.7322,2.405774,294.1704,1.77461,123.3512,358.6687,-1
169.5916,2.405807,292.9474,1.718829,123.3278,358.7792,-1
171.6329,2.405869,291.6046,1.529739,123.2839,358.8389,-1
173.453,2.405998,290.4117,1.554255,123.1717,359.0695,-1
175.49,2.403803,289.0836,1.460732,123.0226,359.2609,-1
177.6122,2.4062,287.707,1.389507,122.849,359.4329,-1
179.7223,2.403555,286.3437,1.446449,122.8301,359.5713,-1
181.8311,2.406261,284.9827,1.468155,122.8894,359.5413,-1
184.1609,2.40623,283.4713,1.385883,122.7367,359.4854,-1
186.4406,2.405514,282.1653,0.61235,115.421,359.4098,-1
188.7965,2.406054,280.999,1.052183,120.0302,359.17,-1
191.2507,2.406094,279.5594,0.9571133,120.9797,359.2418,-1
193.6196,2.405965,278.1282,0.6814028,121.4402,359.0118,-1
196.2508,2.40595,276.5168,0.5839456,121.6833,358.9842,-1
198.7871,2.405963,274.9495,0.1381106,121.8108,359.0087,-1
201.084,2.405927,273.5204,0.1439325,122.0706,358.9442,-1
203.6609,2.405943,271.9093,0.1062102,122.1917,358.9729,-1
206.1468,2.40613,270.3482,0.5779699,122.148,359.3067,-1
208.6073,2.406183,268.7881,1.851106,122.6423,359.4012,-1
210.6278,2.406093,267.4936,5.306862,122.8474,359.2376,-1
211.1712,2.406716,267.1435,8.085102,120.0071,0.3602852,-1
211.196,1.031517,267.1656,0,45,0,enter1
211.2045,2.407257,267.1342,7.314915,75.94669,1.335385,-1
211.2108,2.406932,267.1366,8.172277,63.77116,0.7508115,-1
211.2088,2.406707,267.1357,6.960523,67.71181,0.3435296,-1
211.209,2.406803,267.1358,5.41777,67.18342,0.5143022,-1
211.2104,2.406754,267.1364,5.382916,64.57323,0.4260577,-1
211.2097,2.404821,267.1361,2.325463,65.64809,356.9596,-1
211.211,2.40554,267.1367,3.124251,63.08679,358.2484,-1
211.2104,2.406727,267.1364,3.386308,64.58823,0.3759903,-1
211.2109,2.407169,267.1366,3.981412,63.56594,1.169933,-1
211.2104,2.406835,267.1364,3.480822,64.47018,0.5707933,-1
211.2106,2.406896,267.1365,3.371377,64.11839,0.6790095,-1
211.2104,2.406725,267.1364,3.493214,64.43879,0.3724886,-1
211.1966,1.031517,267.1653,0,45,0,exit1
211.3251,2.406467,267.1913,3.467478,64.58192,359.9111,-1
212.0604,2.406424,267.5382,3.823882,64.78025,359.8329,-1
212.879,2.406501,267.9239,4.15948,64.74883,359.9713,-1
213.7586,2.406491,268.338,4.357367,64.89748,359.9538,-1
214.5146,2.40644,268.6911,4.490241,65.07689,359.8619,-1
215.7069,2.406359,269.2435,4.703005,65.21415,359.716,-1
216.6255,2.406301,269.6664,4.776754,65.33513,359.6115,-1
217.7176,2.406254,270.1678,4.970173,65.42271,359.5281,-1
218.7149,2.406289,270.6242,5.260902,65.58164,359.5893,-1
219.5676,2.406484,271.0138,5.099099,65.51306,359.9413,-1
220.7429,2.397182,271.5483,5.092403,65.50475,0.19896,-1
221.9588,2.406615,272.1024,4.789803,65.58949,0.175307,-1
223.597,2.406565,272.8453,4.774676,65.81732,0.08673386,-1
225.7562,2.406596,273.815,4.956426,65.83231,0.1422296,-1
227.736,2.397624,274.7023,4.897772,65.792,0.1856058,-1
229.9274,2.406634,275.6858,4.710649,65.88664,0.2098853,-1
231.7568,2.40661,276.5045,4.498848,65.97247,0.1666095,-1
233.8353,2.406549,277.4274,4.1361,66.21576,0.05792167,-1
235.8468,2.406134,278.3107,3.841855,66.45966,0.01526392,-1
237.9618,2.406515,279.2295,3.66465,66.55359,-0.003313761,-1
240.2688,2.406064,280.2298,3.458845,66.50979,0.02608569,-1
242.2635,2.402509,281.0968,3.611308,66.47134,0.001661434,-1
244.5304,2.406548,282.0858,3.846555,66.29613,0.05506096,-1
246.7794,2.406553,283.0739,4.167831,66.30347,0.06532338,-1
248.8241,2.405985,283.9724,4.289733,66.30573,0.09646475,-1
250.8649,2.406623,284.8681,4.176028,66.28437,0.1900834,-1
253.1013,2.406565,285.8494,4.242363,66.35297,0.08677266,-1
255.014,2.406509,286.685,4.400753,66.42737,359.9867,-1
257.192,2.40651,287.6349,4.444131,66.43493,359.9879,-1
259.4054,2.40651,288.6002,4.444131,66.43493,359.9879,-1
261.5804,2.40651,289.5488,4.444131,66.43493,359.9879,-1
263.8808,2.406858,290.5482,6.751968,66.62193,0.6156627,-1
265.5407,2.407078,291.2691,8.141124,66.02222,1.015164,-1
265.6569,2.406907,291.3206,8.677342,64.88696,1.305257,-1
265.6592,2.407583,291.3218,8.498156,60.61544,2.538853,-1
265.6617,2.408278,291.3234,7.177284,55.48179,3.786858,-1
265.6664,2.408035,291.3274,6.233904,44.2627,3.342046,-1
265.6433,1.031181,291.3495,0,45,0,enter2
265.673,2.408934,291.338,6.838725,21.85046,4.97154,-1
265.6752,2.406595,291.3472,2.925939,4.231924,0.7427222,-1
265.675,2.40539,291.3537,359.5592,352.5665,358.5841,-1
265.6736,2.406411,291.3597,358.8678,341.3764,0.4128405,-1
265.6716,2.406445,291.3645,2.102459,332.0716,0.474014,-1
265.6713,2.406194,291.3651,0.1232812,330.871,0.0233479,-1
265.6723,2.407093,291.3631,359.4595,334.827,1.633494,-1
265.6722,2.406632,291.3634,0.7508153,334.2982,0.8078511,-1
265.6722,2.40676,291.3634,0.1411938,334.3947,1.037051,-1
265.6723,2.406723,291.3631,3.47343,334.9196,0.9728772,-1
265.6718,2.406856,291.3643,5.109455,332.6804,1.214282,-1
265.6719,2.406078,291.364,6.561426,333.0521,359.8143,-1
265.6433,1.031181,291.3495,0,45,0,exit2
265.6719,2.406082,291.364,8.993978,333.0156,359.8212,-1
265.3636,2.40621,291.9695,11.41562,332.8681,359.4401,-1
264.3117,2.401443,294.0283,12.19379,332.9447,359.351,-1
262.9557,2.406177,296.6823,12.17587,333.1609,359.3759,-1
261.6216,2.406272,299.3294,12.08739,333.2852,359.5514,-1
260.2575,2.406166,302.0287,12.06098,333.3896,359.3579,-1
258.8843,2.401771,304.7818,12.09076,333.5163,359.472,-1
257.4957,2.406352,307.5791,12.03081,333.5277,359.6985,-1
256.1126,2.406582,310.3579,12.0002,333.5882,0.1184471,-1
254.7628,2.40664,313.0806,11.87995,333.6893,0.2239578,-1
253.3916,2.406608,315.8607,11.83546,333.8749,0.1663839,-1
252.0198,2.405145,318.6583,11.90284,333.9408,0.1233865,-1
250.679,2.397521,321.3984,12.00303,333.8942,0.3022693,-1
249.328,2.406708,324.1539,11.99601,333.9224,0.3486944,-1
247.9732,2.406661,326.9232,11.8599,333.97,0.2625707,-1
246.5611,2.406692,329.8156,11.53205,333.9672,0.3199663,-1
245.1921,2.404488,332.6247,11.40773,334.1251,0.1830177,-1
243.8681,2.406469,335.3619,11.54481,334.3994,359.9126,-1
242.4793,2.400896,338.2715,11.40829,334.5694,359.7295,-1
241.1665,2.406301,341.0405,11.33761,334.7977,359.6053,-1
239.847,2.400186,343.8408,11.17279,334.8325,359.4074,-1
238.5076,2.406179,346.6931,11.11465,334.8055,359.3826,-1
237.1774,2.404556,349.523,11.1539,334.8084,359.3228,-1
235.8476,2.406144,352.351,10.91134,334.8274,359.3195,-1
234.4848,2.399547,355.2487,10.89547,334.7921,359.2949,-1
233.1128,2.403448,358.17,10.89601,334.9391,359.2274,-1
231.7952,2.406066,360.9907,10.74646,335.004,359.1785,-1
230.4579,2.406043,363.8596,10.73586,335.0265,359.1353,-1
229.1307,2.406037,366.7083,10.77251,335.0569,359.1252,-1
227.8343,2.403688,369.4896,10.76082,334.934,359.2223,-1
226.4799,2.40611,372.3868,10.91596,335.0177,359.2578,-1
225.0051,2.406098,375.5892,7.905431,336.225,359.2428,-1
223.9483,2.400984,378.0123,6.96227,337.6802,359.0371,-1
223.6458,2.405482,378.7536,7.011749,339.5115,358.1329,-1
223.6439,2.405448,378.7582,5.843198,340.5578,358.0755,-1
223.6439,2.405544,378.7581,6.217065,340.8601,358.2472,-1
223.6439,2.405631,378.7582,6.240579,340.614,358.4038,-1
223.3678,2.405727,379.5389,7.281271,340.3188,358.5732,-1
222.7853,2.395672,381.1516,7.79126,340.2048,358.2515,-1
222.5379,2.405434,381.8443,7.751201,340.403,358.0432,-1
222.5155,2.401443,381.908,5.127058,340.3225,357.6748,-1
222.4854,1.027725,381.8974,0,45,0,enter0
