*Subject
3
*Layout
7
*Condition
True,True,True
*Marks
301.2375,0,211.8912
241.3645,0,208.0102
208.0683,0,257.9221
*Path
x,y,z,flag
256.897,2.404319,292.3047,0.04703128,53.47085,359.227,-1
256.8968,2.40357,292.3046,3.98346,53.79252,357.8814,-1
256.8969,2.403024,292.3047,5.4662,53.36306,356.8922,-1
256.8942,2.402442,292.3029,2.374304,59.22912,355.8586,-1
256.8925,2.402946,292.302,1.185319,62.71327,356.7662,-1
256.8937,2.402349,292.3026,2.811079,60.22163,355.6901,-1
256.8876,2.401765,292.3,1.655002,72.16437,354.6444,-1
256.8896,2.405667,292.3006,14.46295,68.94305,1.693937,-1
256.8892,2.40543,292.3005,13.18846,69.57638,1.25011,-1
256.8893,2.405086,292.3005,11.67721,69.2446,0.6127079,-1
256.8898,2.405296,292.3007,11.90374,68.33824,0.9986309,-1
256.8941,2.408233,292.303,10.96254,60.59404,6.363924,-1
256.8964,2.407075,292.3044,12.06212,55.65269,4.260085,-1
256.8969,2.405872,292.3047,10.69276,53.96254,2.043238,-1
256.8972,2.404956,292.3048,9.575164,53.15037,0.3725707,-1
256.8969,2.404646,292.3046,9.917936,53.63552,359.81,-1
256.8966,2.403875,292.3044,8.985247,54.09637,358.412,-1
256.8958,2.40477,292.3039,5.741872,56.04523,0.03461855,-1
256.8957,2.405284,292.3038,3.000047,56.3238,0.9566028,-1
256.8962,2.405655,292.3042,2.370589,55.17201,1.620804,-1
256.8956,2.405337,292.3037,1.108927,56.48437,1.049888,-1
256.8956,2.404418,292.3037,3.516279,56.54022,359.4031,-1
256.8953,2.403638,292.3036,4.213628,56.88729,358.003,-1
256.8948,2.403515,292.3033,4.475815,57.85905,357.7809,-1
256.8944,2.40332,292.303,2.614693,58.81152,357.4349,-1
256.8944,2.403336,292.303,2.445561,58.81813,357.464,-1
256.8942,2.403442,292.3029,1.762685,59.27589,357.656,-1
256.8959,2.402318,292.304,0.5798981,55.72789,355.6388,-1
256.8955,2.404475,292.3036,356.0598,56.73188,359.5048,-1
256.8948,2.404845,292.3032,353.2832,58.13344,0.1712738,-1
256.8947,2.404831,292.3032,357.4204,58.3213,0.1438829,-1
256.8953,2.404847,292.3035,358.0803,57.20858,0.1720316,-1
256.8952,2.404909,292.3034,359.1618,57.38738,0.2833412,-1
256.895,2.405001,292.3033,1.328458,57.77525,0.4477579,-1
256.8945,2.405223,292.303,2.346837,58.84974,0.8472416,-1
256.8978,2.404526,292.3054,3.568857,51.50632,359.5977,-1
256.8969,2.404459,292.3046,3.311242,53.60426,359.4771,-1
256.8962,2.404678,292.3041,3.415893,55.11842,359.8707,-1
256.8956,2.404709,292.3037,3.539985,56.57158,359.9262,-1
256.8948,2.404698,292.3032,3.862976,58.21502,359.906,-1
256.8945,2.404806,292.303,4.24963,58.74033,0.09907283,-1
256.8944,2.404695,292.303,4.103516,58.92498,359.9001,-1
256.8943,2.404712,292.3029,4.00186,59.10657,359.9307,-1
256.8943,2.404694,292.3029,4.102433,59.15183,359.8986,-1
256.8943,2.404694,292.3029,4.102433,59.15183,359.8986,-1
256.8943,2.404694,292.3029,4.102433,59.15183,359.8986,-1
256.8942,2.404478,292.3028,4.843765,59.51186,359.5094,-1
256.8944,2.404595,292.303,6.942352,58.94622,359.7187,-1
256.8937,2.404346,292.3026,7.10795,60.44172,359.2702,-1
256.8935,2.404041,292.3024,6.824291,60.79662,358.7203,-1
256.8934,2.40402,292.3024,7.095854,60.80485,358.6818,-1
256.8936,2.404029,292.3025,7.608812,60.6216,358.6961,-1
256.8935,2.403964,292.3024,7.443965,60.77724,358.579,-1
256.8928,2.403977,292.3021,7.192715,62.203,358.6041,-1
256.8928,2.404223,292.3021,7.185081,62.14653,359.0475,-1
256.8928,2.404294,292.3021,7.797597,62.13762,359.1752,-1
256.8928,2.404143,292.3021,8.570122,62.1484,358.8992,-1
256.8928,2.404086,292.302,8.531453,62.24603,358.7964,-1
256.8928,2.404138,292.3021,8.710574,62.19044,358.8896,-1
256.8929,2.40421,292.3021,8.937974,61.99377,359.0199,-1
256.893,2.40436,292.3022,8.951683,61.73102,359.2916,-1
256.893,2.404295,292.3022,8.992193,61.73611,359.174,-1
256.893,2.404289,292.3022,9.134073,61.69318,359.1631,-1
256.8931,2.404373,292.3022,9.105205,61.62925,359.3153,-1
256.8931,2.404334,292.3022,9.296084,61.56164,359.2437,-1
256.8929,2.403899,292.3022,9.549583,61.77908,358.4532,-1
256.8932,2.403811,292.3023,8.721038,61.29277,358.2986,-1
256.8929,2.403731,292.3021,8.782154,61.84187,358.1527,-1
256.8928,2.40414,292.3021,8.225489,62.05664,358.8946,-1
256.8927,2.404312,292.302,8.110796,62.33652,359.2071,-1
256.8927,2.404448,292.302,7.720861,62.37227,359.4535,-1
256.8928,2.404655,292.3021,8.448893,62.20279,359.8261,-1
256.8933,2.405849,292.3024,13.01132,61.70364,2.018621,-1
256.8928,2.40531,292.302,16.74199,62.71818,1.045032,-1
256.8926,2.405634,292.302,19.72044,63.31279,1.679993,-1
256.894,2.404452,292.3028,26.97908,59.52602,359.3999,-1
256.8933,2.404119,292.3023,24.27777,60.78075,358.7599,-1
256.8942,2.404031,292.3029,15.73389,59.00259,358.6615,-1
256.894,2.405807,292.3027,20.36603,60.57574,2.018743,-1
256.8928,2.404982,292.3021,24.59035,62.45066,0.455157,-1
256.885,2.403394,292.2992,32.47581,75.67651,357.1202,-1
256.899,2.40578,292.3063,30.3664,49.96603,2.136643,-1
256.9094,2.40857,292.3346,29.74291,356.3637,7.901632,-1
256.8972,2.401974,292.305,29.68082,49.94381,354.2683,-1
256.8738,2.40427,292.2987,22.69238,97.13322,359.0675,-1
256.8867,2.407045,292.2997,41.27462,77.62315,5.47456,-1
256.8844,2.406788,292.2991,60.27539,84.69823,7.377854,-1
256.8871,2.406023,292.2998,68.50587,79.03373,6.22855,-1
256.8963,2.403357,292.3043,81.24375,38.4048,343.3747,-1
256.9046,2.403296,292.3128,86.45475,346.0417,312.6563,-1
256.9097,2.403545,292.3338,84.73519,329.6997,335.7672,-1
256.9099,2.4033,292.3313,85.30894,324.8532,326.3359,-1
256.9095,2.403501,292.3358,85.16479,322.8375,332.3958,-1
256.9094,2.403409,292.3359,85.07749,320.9807,330.7522,-1
256.9094,2.4033,292.336,84.81946,319.8971,329.8714,-1
256.9094,2.403214,292.336,84.63264,319.2189,329.1027,-1
256.9094,2.403126,292.336,84.55112,317.6392,327.6812,-1
256.9094,2.403129,292.336,84.32926,319.1541,329.1518,-1
256.9094,2.40306,292.336,84.33497,317.6605,327.6489,-1
256.9094,2.403003,292.336,84.22019,317.1547,327.1506,-1
256.9094,2.402938,292.336,84.13305,316.3976,326.3552,-1
256.9094,2.402892,292.336,84.0843,315.7844,325.7068,-1
256.9094,2.402855,292.336,84.01506,315.476,325.3904,-1
256.9094,2.402825,292.336,83.96288,315.186,325.0919,-1
256.9094,2.402791,292.336,83.90012,314.9187,324.8119,-1
256.9094,2.40277,292.3359,83.85172,314.8455,324.6881,-1
256.9094,2.402737,292.3359,83.81364,314.4532,324.2635,-1
256.9094,2.402712,292.3359,83.79243,314.1126,323.8935,-1
256.9094,2.402697,292.3359,83.7553,314.0992,323.851,-1
256.9094,2.402672,292.3359,83.72571,313.8096,323.533,-1
256.9094,2.402658,292.3359,83.73397,313.5108,323.2005,-1
256.9094,2.402657,292.3358,83.79041,313.1427,322.7686,-1
256.9094,2.402658,292.3358,83.85324,312.7965,322.3623,-1
256.9094,2.402655,292.3358,83.90867,312.3679,321.8828,-1
256.9094,2.402658,292.3357,83.95818,312.1387,321.5953,-1
256.9094,2.402662,292.3357,84.00871,311.884,321.2868,-1
256.9094,2.402662,292.3357,84.05232,311.6122,320.9575,-1
256.9094,2.402664,292.3356,84.08709,311.4405,320.7255,-1
256.9094,2.402661,292.3356,84.12357,311.1417,320.3691,-1
256.9094,2.402665,292.3356,84.15957,310.9909,320.1675,-1
256.9094,2.402663,292.3355,84.17924,310.8371,319.9609,-1
256.9095,2.402664,292.3355,84.2102,310.656,319.7242,-1
256.9095,2.402669,292.3355,84.23663,310.6163,319.6315,-1
256.9095,2.402665,292.3354,84.25342,310.4204,319.3793,-1
256.9095,2.40266,292.3354,84.272,310.2124,319.117,-1
256.9095,2.402661,292.3354,84.29237,310.0976,318.95,-1
256.9095,2.402661,292.3354,84.30887,310.0208,318.8214,-1
256.9095,2.402663,292.3353,84.32843,309.9446,318.6958,-1
256.9095,2.402664,292.3353,84.33923,309.9166,318.6208,-1
256.9095,2.40266,292.3353,84.34855,309.778,318.4325,-1
256.9095,2.402658,292.3353,84.35947,309.6938,318.3035,-1
256.9095,2.402657,292.3352,84.36473,309.6571,318.2231,-1
256.9095,2.402658,292.3352,84.37423,309.6353,318.1552,-1
256.9095,2.402656,292.3352,84.38152,309.5767,318.0428,-1
256.9095,2.402661,292.3351,84.39528,309.6297,318.0518,-1
256.9095,2.40266,292.3351,84.39811,309.6237,317.9992,-1
256.9095,2.402666,292.3351,84.40749,309.7341,318.0623,-1
256.9095,2.402661,292.3351,84.4028,309.6866,317.9679,-1
256.9095,2.402654,292.3351,84.40025,309.5802,317.8197,-1
256.9095,2.402654,292.335,84.4034,309.6078,317.8013,-1
256.9095,2.402652,292.335,84.40675,309.5734,317.7176,-1
256.9095,2.40265,292.335,84.40953,309.5333,317.6332,-1
256.9095,2.402654,292.335,84.41718,309.6084,317.6614,-1
256.9095,2.402653,292.3349,84.41928,309.6205,317.6288,-1
256.9095,2.40265,292.3349,84.41573,309.6284,317.5862,-1
256.9095,2.402652,292.3349,84.41781,309.7061,317.6152,-1
256.9095,2.402652,292.3348,84.41833,309.7399,317.5979,-1
256.9095,2.402658,292.3348,84.42075,309.9046,317.722,-1
256.9095,2.40266,292.3348,84.42571,309.9741,317.7427,-1
256.9095,2.402661,292.3348,84.42796,310.0104,317.7325,-1
256.9095,2.402657,292.3347,84.42603,309.9828,317.6586,-1
256.9096,2.402663,292.3347,84.43418,310.1047,317.7337,-1
256.9096,2.402667,292.3347,84.43243,310.2668,317.8427,-1
256.9096,2.402673,292.3347,84.438,310.4088,317.9401,-1
256.9096,2.402667,292.3347,84.42993,310.384,317.8706,-1
256.9096,2.402671,292.3346,84.42339,310.579,318.0205,-1
256.9096,2.402669,292.3346,84.41935,310.6287,318.026,-1
256.9096,2.402666,292.3346,84.42448,310.5471,317.9023,-1
256.9096,2.402659,292.3345,84.41928,310.4503,317.7638,-1
256.9096,2.402656,292.3345,84.41735,310.4419,317.7091,-1
256.9096,2.40266,292.3345,84.4158,310.6161,317.8299,-1
256.9096,2.402669,292.3345,84.4231,310.812,317.9741,-1
256.9096,2.402652,292.3344,84.43684,310.3006,317.4342,-1
256.9096,2.402662,292.3344,84.42867,310.6503,317.7456,-1
256.9096,2.402656,292.3344,84.43916,310.4501,317.5148,-1
256.9096,2.402658,292.3344,84.44109,310.5342,317.5534,-1
256.9096,2.402654,292.3344,84.44254,310.4502,317.4267,-1
256.9096,2.402654,292.3343,84.44964,310.4258,317.3596,-1
256.9096,2.402652,292.3343,84.45405,310.3852,317.2721,-1
256.9096,2.402653,292.3343,84.45218,310.4798,317.3221,-1
256.9096,2.402654,292.3343,84.45023,310.5654,317.3628,-1
256.9096,2.40265,292.3342,84.44205,310.5661,317.3218,-1
256.9096,2.402647,292.3342,84.44004,310.5648,317.2719,-1
256.9096,2.402648,292.3342,84.44113,310.6422,317.3012,-1
256.9096,2.402644,292.3342,84.42782,310.6834,317.3018,-1
256.9096,2.402647,292.3341,84.4306,310.7864,317.3655,-1
256.9096,2.402647,292.3341,84.42821,310.8374,317.3746,-1
256.9097,2.402644,292.3341,84.42368,310.8644,317.3572,-1
256.9097,2.402649,292.3341,84.42923,310.9744,317.4254,-1
256.9097,2.402659,292.334,84.44046,311.1547,317.5652,-1
256.9097,2.402658,292.334,84.43947,311.1877,317.556,-1
256.9097,2.402662,292.334,84.43874,311.3336,317.6631,-1
256.9097,2.402664,292.334,84.4382,311.4319,317.7238,-1
256.9097,2.402667,292.334,84.44215,311.5112,317.7631,-1
256.9097,2.402666,292.3339,84.4349,311.5882,317.8013,-1
256.9097,2.402666,292.3339,84.43067,311.6548,317.8311,-1
256.9097,2.402664,292.3339,84.42272,311.7309,317.8693,-1
256.9097,2.402662,292.3339,84.41591,311.7685,317.8655,-1
256.9097,2.402662,292.3339,84.41433,311.8417,317.8955,-1
256.9097,2.402671,292.3338,84.40578,312.1742,318.1888,-1
256.9097,2.402668,292.3338,84.42923,311.8989,317.9124,-1
256.9097,2.402674,292.3338,84.44155,311.9411,317.9315,-1
256.9097,2.402666,292.3338,84.45734,311.5997,317.5867,-1
256.9097,2.402669,292.3338,84.46455,311.6401,317.5927,-1
256.9097,2.402672,292.3338,84.47242,311.6852,317.6012,-1
256.9097,2.402671,292.3337,84.47675,311.6492,317.5291,-1
256.9097,2.402668,292.3337,84.48627,311.5269,317.374,-1
256.9097,2.40267,292.3337,84.49117,311.5643,317.3718,-1
256.9097,2.402673,292.3337,84.50817,311.5021,317.2748,-1
256.9097,2.402673,292.3337,84.51302,311.503,317.2332,-1
256.9097,2.402675,292.3336,84.50642,311.6547,317.3489,-1
256.9097,2.402681,292.3336,84.50671,311.8374,317.4988,-1
256.9097,2.402674,292.3336,84.49072,311.8306,317.4695,-1
256.9097,2.402672,292.3336,84.48161,311.9009,317.5062,-1
256.9097,2.402671,292.3336,84.47607,311.963,317.533,-1
256.9097,2.402663,292.3336,84.45968,311.9463,317.4835,-1
256.9097,2.402662,292.3335,84.45589,312.0072,317.5088,-1
256.9097,2.402661,292.3335,84.45052,312.0536,317.5192,-1
256.9097,2.402658,292.3335,84.44491,312.0644,317.4946,-1
256.9097,2.402657,292.3335,84.43587,312.1549,317.5504,-1
256.9097,2.402664,292.3335,84.44113,312.3218,317.6877,-1
256.9097,2.402664,292.3334,84.44208,312.3515,317.6825,-1
256.9097,2.402662,292.3334,84.43929,312.3475,317.6497,-1
256.9097,2.402664,292.3334,84.43587,312.4602,317.7298,-1
256.9097,2.402663,292.3334,84.4325,312.4944,317.7363,-1
256.9097,2.402662,292.3334,84.42929,312.5265,317.7416,-1
256.9097,2.402659,292.3334,84.42413,312.5297,317.7195,-1
256.9097,2.40266,292.3333,84.42251,312.5961,317.7576,-1
256.9097,2.402663,292.3333,84.42561,312.6826,317.8204,-1
256.9097,2.402666,292.3333,84.42697,312.7463,317.8613,-1
256.9097,2.402665,292.3333,84.42596,312.7642,317.8607,-1
256.9097,2.402664,292.3333,84.42395,312.7677,317.8384,-1
256.9097,2.402662,292.3333,84.42258,312.7681,317.8159,-1
256.9097,2.402663,292.3333,84.42303,312.8093,317.8271,-1
256.9097,2.402663,292.3333,84.42571,312.8144,317.8166,-1
256.9097,2.402665,292.3333,84.42845,312.8387,317.8253,-1
256.9097,2.402667,292.3333,84.43151,312.8869,317.8514,-1
256.9097,2.402668,292.3332,84.43039,312.9459,317.8815,-1
256.9097,2.402666,292.3332,84.43362,312.8868,317.8008,-1
256.9097,2.402662,292.3332,84.42258,312.9061,317.8057,-1
256.9097,2.402667,292.3332,84.42719,313.0101,317.886,-1
256.9097,2.402664,292.3332,84.42441,313.0083,317.857,-1
256.9097,2.402662,292.3332,84.42241,312.993,317.8185,-1
256.9097,2.402663,292.3332,84.41823,313.0724,317.8743,-1
256.9097,2.402664,292.3331,84.41689,313.1284,317.9042,-1
256.9097,2.402664,292.3331,84.42089,313.1248,317.8759,-1
256.9097,2.402668,292.3331,84.42241,313.2354,317.9605,-1
256.9097,2.402665,292.3331,84.42561,313.1499,317.8529,-1
256.9097,2.402659,292.3331,84.42845,313.0069,317.6866,-1
256.9097,2.402665,292.3331,84.43324,313.1219,317.7795,-1
256.9097,2.402668,292.3331,84.43222,313.2296,317.8685,-1
256.9098,2.402667,292.333,84.43465,313.2026,317.818,-1
256.9098,2.402663,292.333,84.43039,313.1723,317.7668,-1
256.9098,2.402657,292.333,84.41935,313.1369,317.7159,-1
256.9098,2.402663,292.333,84.42887,313.2122,317.7729,-1
256.9098,2.402669,292.333,84.42695,313.4059,317.9455,-1
256.9098,2.402659,292.333,84.41808,313.2503,317.7769,-1
256.9098,2.402662,292.333,84.42128,313.3117,317.8232,-1
256.9098,2.402663,292.333,84.42185,313.3544,317.8574,-1
256.9098,2.402663,292.333,84.42146,313.3502,317.8396,-1
256.9098,2.402662,292.333,84.41872,313.368,317.8416,-1
256.9098,2.402661,292.333,84.41191,313.4167,317.8817,-1
256.9098,2.402658,292.333,84.41135,313.3759,317.8332,-1
256.9098,2.402655,292.3329,84.40427,313.3572,317.7977,-1
256.9098,2.402658,292.3329,84.40917,313.4196,317.845,-1
256.9098,2.402661,292.3329,84.41492,313.4476,317.8661,-1
256.9098,2.402658,292.3329,84.411,313.4125,317.8188,-1
256.9098,2.40266,292.3329,84.40549,313.532,317.924,-1
256.9098,2.402661,292.3329,84.40851,313.5449,317.9208,-1
256.9098,2.402661,292.3329,84.41932,313.4402,317.8102,-1
256.9098,2.402664,292.3329,84.41904,313.5526,317.9059,-1
256.9098,2.40266,292.3329,84.41637,313.4743,317.8256,-1
256.9098,2.402664,292.3329,84.42293,313.5096,317.8525,-1
256.9098,2.402666,292.3329,84.42268,313.5664,317.9018,-1
256.9098,2.40267,292.3329,84.43497,313.5905,317.9092,-1
256.9098,2.40267,292.3329,84.43803,313.5697,317.878,-1
256.9098,2.402664,292.3329,84.42811,313.505,317.8029,-1
256.9098,2.402658,292.3329,84.41949,313.4497,317.7343,-1
256.9098,2.402657,292.3329,84.41899,313.4415,317.7202,-1
256.9098,2.402656,292.3329,84.41777,313.4403,317.7099,-1
256.9098,2.402655,292.3329,84.41394,313.4695,317.7279,-1
256.9098,2.402655,292.3329,84.41861,313.4198,317.6746,-1
256.9098,2.402652,292.3329,84.41208,313.4168,317.6623,-1
256.9098,2.402653,292.3329,84.41117,313.4452,317.6863,-1
256.9098,2.402653,292.3329,84.4096,313.4634,317.7018,-1
256.9098,2.402656,292.3328,84.4183,313.4607,317.6963,-1
256.9098,2.402654,292.3328,84.40343,313.5532,317.7832,-1
256.9098,2.402654,292.3328,84.40438,313.5455,317.7718,-1
256.9098,2.402651,292.3328,84.3973,313.5527,317.7701,-1
256.9098,2.402653,292.3328,84.40263,313.5519,317.7677,-1
256.9098,2.402652,292.3328,84.40003,313.5574,317.7687,-1
256.9098,2.402655,292.3328,84.4008,313.6423,317.8442,-1
256.9098,2.402656,292.3328,84.40637,313.6116,317.8091,-1
256.9098,2.402655,292.3328,84.40697,313.5876,317.7855,-1
256.9098,2.402651,292.3328,84.3957,313.5909,317.7849,-1
256.9098,2.402654,292.3328,84.40171,313.6248,317.818,-1
256.9098,2.402652,292.3328,84.3958,313.621,317.8139,-1
256.9098,2.402651,292.3328,84.39535,313.5883,317.7816,-1
256.9098,2.402652,292.3328,84.3988,313.5962,317.7859,-1
256.9098,2.402656,292.3328,84.40199,313.6582,317.8462,-1
256.9098,2.402649,292.3328,84.39919,313.5105,317.7055,-1
256.9098,2.402651,292.3328,84.39895,313.555,317.7482,-1
256.9098,2.402655,292.3328,84.39388,313.7049,317.8987,-1
256.9098,2.402653,292.3328,84.39255,313.6783,317.8632,-1
256.9098,2.402661,292.3328,84.41044,313.736,317.9144,-1
256.9098,2.402659,292.3328,84.40269,313.7527,317.9341,-1
256.9098,2.402668,292.3328,84.40102,313.969,318.1469,-1
256.9098,2.402645,292.3328,84.38332,313.5394,317.748,-1
256.9098,2.40265,292.3328,84.39167,313.5794,317.7968,-1
256.9098,2.40266,292.3328,84.40812,313.6871,317.8986,-1
256.9098,2.402668,292.3328,84.40599,313.899,318.1062,-1
256.9098,2.402673,292.3328,84.41195,313.9802,318.1851,-1
256.9098,2.402674,292.3328,84.41573,313.9673,318.1719,-1
256.9098,2.402676,292.3328,84.41664,314.0042,318.206,-1
256.9098,2.402678,292.3328,84.41311,314.0915,318.2866,-1
256.9098,2.402678,292.3328,84.41296,314.1018,318.3018,-1
256.9098,2.402675,292.3328,84.40858,314.0481,318.2531,-1
256.9098,2.402679,292.3328,84.41521,314.094,318.3024,-1
256.9098,2.402679,292.3328,84.41577,314.0906,318.3044,-1
256.9098,2.402681,292.3328,84.41661,314.1221,318.3497,-1
256.9098,2.402679,292.3329,84.41517,314.0626,318.3018,-1
256.9098,2.402674,292.3329,84.40487,314.0118,318.2621,-1
256.9098,2.402674,292.3329,84.39965,314.0528,318.3095,-1
256.9098,2.402671,292.3329,84.41303,313.8466,318.1191,-1
256.9098,2.402673,292.3329,84.40518,313.9608,318.2421,-1
256.9098,2.402672,292.3329,84.41135,313.8639,318.1615,-1
256.9098,2.402676,292.3329,84.41447,313.9379,318.2419,-1
256.9098,2.402678,292.3329,84.42339,313.8866,318.195,-1
256.9098,2.402675,292.3329,84.42114,313.8237,318.1415,-1
256.9098,2.402673,292.3329,84.415,313.825,318.1572,-1
256.9098,2.402671,292.3329,84.41195,313.7963,318.1333,-1
256.9098,2.402671,292.3329,84.40829,313.8209,318.1607,-1
256.9098,2.402663,292.3329,84.40328,313.6736,318.0172,-1
256.9098,2.402661,292.3329,84.39555,313.6838,318.0323,-1
256.9098,2.402662,292.3329,84.40469,313.6082,317.9673,-1
256.9098,2.402662,292.3329,84.40599,313.5909,317.9639,-1
256.9098,2.402662,292.3329,84.4081,313.5763,317.9562,-1
256.9098,2.40266,292.3329,84.39934,313.5888,317.9799,-1
256.9098,2.402656,292.3329,84.39506,313.5021,317.9028,-1
256.9098,2.402659,292.3329,84.38916,313.6412,318.0462,-1
256.9098,2.402653,292.3329,84.38797,313.4753,317.9016,-1
256.9098,2.402657,292.3329,84.3964,313.4776,317.9164,-1
256.9098,2.402652,292.333,84.39118,313.3971,317.8542,-1
256.9098,2.402652,292.333,84.38927,313.403,317.8694,-1
256.9098,2.402649,292.333,84.38944,313.328,317.8053,-1
256.9098,2.402653,292.333,84.40458,313.2488,317.7489,-1
256.9098,2.402658,292.333,84.40297,313.3766,317.8819,-1
256.9098,2.402654,292.333,84.40048,313.3048,317.8288,-1
256.9098,2.40266,292.333,84.40048,313.4437,317.9761,-1
256.9098,2.402659,292.333,84.39828,313.4187,317.966,-1
256.9098,2.402664,292.333,84.39797,313.5144,318.0793,-1
256.9098,2.402664,292.333,84.40276,313.4597,318.0479,-1
256.9098,2.402665,292.333,84.41033,313.4005,318.0008,-1
256.9098,2.402664,292.333,84.41226,313.3626,317.9674,-1
256.9098,2.402664,292.333,84.41226,313.3626,317.9674,-1
256.9097,2.402655,292.3331,84.40328,313.2061,317.8301,-1
256.9097,2.402659,292.3331,84.41507,313.1697,317.816,-1
256.9097,2.402659,292.3331,84.41047,313.2056,317.8651,-1
256.9097,2.402662,292.3331,84.41132,313.2327,317.905,-1
256.9097,2.402664,292.3331,84.4164,313.2424,317.9259,-1
256.9097,2.402665,292.3331,84.42013,313.2114,317.9071,-1
256.9097,2.402661,292.3331,84.41443,313.1483,317.8637,-1
256.9097,2.402658,292.3331,84.41174,313.0789,317.8123,-1
256.9097,2.402654,292.3331,84.40928,312.9879,317.7398,-1
256.9097,2.402654,292.3331,84.41216,312.9463,317.7136,-1
256.9097,2.402652,292.3332,84.40675,312.9344,317.7215,-1
256.9097,2.402646,292.3332,84.39682,312.8431,317.6507,-1
256.9097,2.402649,292.3332,84.39291,312.9306,317.7572,-1
256.9097,2.402641,292.3332,84.38451,312.788,317.6371,-1
256.9097,2.402642,292.3332,84.39339,312.7238,317.5928,-1
256.9097,2.402647,292.3332,84.39539,312.7997,317.6844,-1
256.9097,2.402649,292.3332,84.40217,312.7897,317.6877,-1
256.9097,2.402653,292.3332,84.40882,312.7903,317.7071,-1
256.9097,2.402658,292.3332,84.41457,312.8496,317.7827,-1
256.9097,2.402657,292.3333,84.41654,312.7802,317.7329,-1
256.9097,2.402659,292.3333,84.41306,312.8558,317.8251,-1
256.9097,2.40266,292.3333,84.41311,312.8635,317.8573,-1
256.9097,2.402663,292.3333,84.4183,312.868,317.8852,-1
256.9097,2.402664,292.3333,84.42118,312.8339,317.8698,-1
256.9097,2.402663,292.3333,84.41973,312.812,317.8719,-1
256.9097,2.402661,292.3333,84.41384,312.7801,317.8604,-1
256.9097,2.402656,292.3333,84.40862,312.6837,317.7844,-1
256.9097,2.402656,292.3333,84.40228,312.7159,317.8373,-1
256.9097,2.402651,292.3333,84.40084,312.6115,317.7486,-1
256.9097,2.402648,292.3333,84.39562,312.5703,317.7214,-1
256.9097,2.402646,292.3334,84.39178,312.5231,317.6931,-1
256.9097,2.402647,292.3334,84.39314,312.5399,317.7261,-1
256.9097,2.402653,292.3334,84.39874,312.6063,317.8163,-1
256.9097,2.402647,292.3334,84.3871,312.5542,317.7858,-1
256.9097,2.40265,292.3334,84.38937,312.5706,317.8177,-1
256.9097,2.402653,292.3334,84.39391,312.5851,317.8534,-1
256.9097,2.402656,292.3334,84.3942,312.6422,317.9337,-1
256.9097,2.402662,292.3334,84.4006,312.7148,318.0265,-1
256.9097,2.402663,292.3335,84.40126,312.6986,318.0336,-1
256.9097,2.402662,292.3335,84.40238,312.6553,318.0035,-1
256.9097,2.402659,292.3335,84.39888,312.6024,317.9723,-1
256.9097,2.402663,292.3335,84.40087,312.6439,318.0319,-1
256.9097,2.402663,292.3335,84.40192,312.6287,318.0387,-1
256.9097,2.402662,292.3335,84.40311,312.5658,317.9961,-1
256.9097,2.40266,292.3335,84.40578,312.4753,317.9301,-1
256.9097,2.402658,292.3335,84.40263,312.424,317.9005,-1
256.9097,2.402659,292.3336,84.40105,312.4501,317.9518,-1
256.9097,2.40266,292.3336,84.40171,312.4179,317.9476,-1
256.9097,2.40266,292.3336,84.39958,312.434,317.978,-1
256.9097,2.40266,292.3336,84.40077,312.3895,317.955,-1
256.9097,2.402658,292.3336,84.39864,312.3416,317.9312,-1
256.9097,2.40266,292.3336,84.40353,312.3345,317.9402,-1
256.9097,2.40266,292.3336,84.40231,312.3224,317.9502,-1
256.9097,2.40266,292.3336,84.40483,312.2873,317.9323,-1
256.9097,2.402662,292.3336,84.40375,312.3148,317.9787,-1
256.9097,2.402661,292.3336,84.4008,312.2893,317.9784,-1
256.9097,2.40266,292.3336,84.39436,312.3116,318.0207,-1
256.9097,2.402659,292.3337,84.39954,312.2284,317.9666,-1
256.9097,2.402659,292.3337,84.39934,312.194,317.9517,-1
256.9097,2.402658,292.3337,84.39874,312.1407,317.9205,-1
256.9097,2.402657,292.3337,84.40147,312.0745,317.879,-1
256.9097,2.402652,292.3337,84.39891,311.9565,317.7871,-1
256.9097,2.402659,292.3337,84.40091,312.0765,317.9329,-1
256.9097,2.402657,292.3337,84.39842,312.0291,317.9074,-1
256.9097,2.402658,292.3338,84.39818,312.0256,317.9365,-1
256.9097,2.402657,292.3338,84.3988,311.9769,317.911,-1
256.9097,2.402657,292.3338,84.39342,311.9869,317.9416,-1
256.9097,2.402657,292.3338,84.39441,311.9778,317.9589,-1
256.9097,2.40265,292.3338,84.39024,311.8388,317.8229,-1
256.9097,2.40265,292.3338,84.39024,311.8388,317.8229,-1
256.9097,2.402651,292.3338,84.38637,311.8559,317.8643,-1
256.9097,2.402651,292.3338,84.39017,311.8044,317.8418,-1
256.9097,2.402657,292.3339,84.38092,312.0076,318.0645,-1
256.9097,2.402666,292.3339,84.40178,312.0086,318.0936,-1
256.9097,2.402662,292.3339,84.39958,311.9116,318.0222,-1
256.9097,2.40266,292.3339,84.39958,311.8359,317.9695,-1
256.9097,2.402664,292.3339,84.40816,311.838,318.0026,-1
256.9097,2.402665,292.3339,84.40942,311.8171,318.0117,-1
256.9097,2.402661,292.334,84.40511,311.7277,317.9473,-1
256.9097,2.402659,292.334,84.40778,311.6418,317.8873,-1
256.9097,2.402657,292.334,84.40599,311.576,317.8435,-1
256.9097,2.402659,292.334,84.40575,311.6053,317.8979,-1
256.9097,2.402659,292.334,84.40942,311.5384,317.859,-1
256.9097,2.40266,292.334,84.40987,311.5358,317.8862,-1
256.9097,2.402658,292.334,84.41436,311.4225,317.7969,-1
256.9097,2.40266,292.334,84.40903,311.4959,317.897,-1
256.9097,2.402662,292.334,84.40736,311.512,317.9418,-1
256.9097,2.402661,292.3341,84.39941,311.5382,317.9967,-1
256.9097,2.402657,292.3341,84.39846,311.4167,317.9031,-1
256.9097,2.402661,292.3341,84.39741,311.5082,318.0187,-1
256.9097,2.402663,292.3341,84.40333,311.4689,318.0024,-1
256.9096,2.402654,292.3341,84.3964,311.3014,317.8598,-1
256.9096,2.402657,292.3341,84.39884,311.3297,317.9141,-1
256.9096,2.402659,292.3342,84.39654,311.3776,317.992,-1
256.9096,2.402659,292.3342,84.39095,311.3984,318.0433,-1
256.9096,2.402664,292.3342,84.39349,311.47,318.1402,-1
256.9096,2.402668,292.3342,84.39604,311.5008,318.1951,-1
256.9096,2.402665,292.3342,84.39472,311.4305,318.1491,-1
256.9096,2.40266,292.3342,84.39346,311.2919,318.0416,-1
256.9096,2.402659,292.3343,84.39167,311.2501,318.0301,-1
256.9096,2.402654,292.3343,84.38672,311.1364,317.9452,-1
256.9096,2.402663,292.3343,84.39129,311.2941,318.1212,-1
256.9096,2.402652,292.3343,84.39268,310.9752,317.8342,-1
256.9096,2.40266,292.3343,84.38951,311.1917,318.0759,-1
256.9096,2.402725,292.3344,84.40753,312.3782,319.4988,-1
256.9096,2.402689,292.3346,84.41132,311.199,318.5825,-1
256.9096,2.402677,292.3346,84.38728,311.0632,318.4949,-1
256.9096,2.402678,292.3347,84.44565,310.5177,318.0084,-1
256.9096,2.402932,292.3347,84.98827,311.7214,319.4238,-1
256.9095,2.402756,292.3352,84.79019,308.0516,316.6486,-1
256.9093,2.404343,292.3366,83.10915,342.857,353.9132,-1
256.9084,2.404541,292.3206,54.7823,17.34041,359.3484,-1
256.8939,2.404809,292.3026,84.25768,61.20316,1.039862,-1
256.8939,2.399481,292.3032,72.74873,26.98826,326.2697,-1
256.8983,2.396763,292.307,70.83282,1.065887,310.5113,-1
256.9091,2.398461,292.3267,73.85164,323.0517,315.0324,-1
256.9095,2.410243,292.3304,70.83288,30.06565,31.51823,-1
256.9089,2.40671,292.3382,58.55185,351.7061,6.739012,-1
256.9076,2.404325,292.3423,60.33429,336.7647,358.4592,-1
256.908,2.405159,292.3413,77.47256,343.4129,3.37748,-1
256.9093,2.404503,292.3368,73.81492,346.989,358.4116,-1
256.905,2.395514,292.316,59.81139,356.8755,324.9695,-1
256.8998,2.389665,292.3126,359.7415,39.1721,331.8716,-1
256.9023,2.392509,292.3136,325.8128,51.0091,332.4545,-1
256.9012,2.395314,292.3105,325.6519,52.69643,339.072,-1
256.9009,2.398133,292.3091,331.1263,49.4654,346.3403,-1
256.9009,2.398133,292.3091,331.1263,49.4654,346.3403,-1
256.9015,2.399223,292.3095,333.5055,46.64219,348.8722,-1
256.9012,2.400718,292.3089,336.3396,45.94382,352.0923,-1
256.9003,2.399802,292.308,340.5689,48.25518,350.5611,-1
256.8976,2.401975,292.3054,342.5822,53.35875,354.7838,-1
256.8965,2.402978,292.3044,346.9682,55.24522,356.7409,-1
256.8958,2.402926,292.3039,351.8921,56.43161,356.6978,-1
256.8961,2.403001,292.3041,355.3797,55.54013,356.8549,-1
256.8959,2.405717,292.304,8.833496,56.03246,1.751444,-1
256.8975,2.404521,292.3051,11.97962,52.20391,359.5805,-1
256.9023,2.403425,292.3097,16.88647,39.71994,357.5178,-1
256.9058,2.402759,292.3149,7.656793,28.60604,356.3987,-1
256.9039,2.403338,292.3117,13.50177,35.09713,357.3978,-1
256.9041,2.404085,292.312,10.31074,34.87422,358.7891,-1
256.9036,2.403748,292.3113,9.977002,36.26831,358.1761,-1
256.9036,2.404121,292.3113,10.01919,36.52533,358.856,-1
256.9034,2.404422,292.3111,10.27803,36.95266,359.4026,-1
256.9033,2.404335,292.3109,8.587919,37.37443,359.2462,-1
256.9036,2.404525,292.3113,9.241227,36.5069,359.5912,-1
256.9043,2.403569,292.3123,8.235041,34.13726,357.862,-1
256.903,2.404155,292.3105,17.49828,38.16406,358.8818,-1
256.9026,2.404088,292.31,25.48443,39.01702,358.6861,-1
256.9033,2.402869,292.3109,33.62035,35.30021,355.9509,-1
256.9032,2.40383,292.3108,35.61803,36.71681,357.9712,-1
256.9026,2.404464,292.31,28.92378,39.41347,359.4138,-1
256.9036,2.404314,292.3112,20.58714,36.46021,359.165,-1
256.9044,2.404119,292.3123,7.213466,34.20963,358.8606,-1
256.9045,2.40363,292.3127,359.2807,33.75293,357.9921,-1
256.9044,2.40469,292.3125,0.3689933,34.01559,359.8916,-1
256.9048,2.405269,292.3131,2.442122,32.7469,0.9287242,-1
256.9047,2.404632,292.3129,1.290311,33.22467,359.7873,-1
256.9051,2.404391,292.3135,1.386132,31.81575,359.3563,-1
256.9052,2.404194,292.3137,2.42653,31.38967,359.0027,-1
256.9055,2.404869,292.3142,2.715308,30.34029,0.2119457,-1
256.9057,2.404918,292.3145,4.334048,29.71193,0.3014342,-1
256.9056,2.405012,292.3144,4.939975,30.03904,0.4694609,-1
256.9055,2.405286,292.3142,4.972457,30.47573,0.9619871,-1
256.9058,2.404737,292.3147,3.221126,29.3299,359.9749,-1
256.9044,2.404641,292.3125,7.351567,33.98277,359.8031,-1
256.8998,2.405609,292.307,8.437716,47.13317,1.554041,-1
256.9005,2.406557,292.3077,6.605611,45.53685,3.258277,-1
256.9015,2.404636,292.3087,6.303629,42.60521,359.7943,-1
256.9015,2.403547,292.3088,5.44437,42.35366,357.835,-1
256.9026,2.403319,292.31,4.111096,39.41674,357.4287,-1
256.9044,2.40447,292.3124,4.177178,34.21418,359.496,-1
256.9046,2.403677,292.3128,5.794502,33.27849,358.0667,-1
256.9055,2.402829,292.3144,3.653647,29.95805,356.55,-1
256.9057,2.4022,292.3147,1.51957,29.47501,355.4274,-1
256.9059,2.403358,292.3149,358.3002,29.10892,357.5056,-1
256.9056,2.403668,292.3145,358.4043,29.92597,358.0605,-1
256.9059,2.403684,292.3148,358.399,29.14816,358.089,-1
256.9059,2.403648,292.3149,358.7251,29.02016,358.0259,-1
256.9059,2.403451,292.3149,358.5334,29.04597,357.6719,-1
256.906,2.403524,292.3151,358.2873,28.76151,357.8027,-1
256.906,2.403776,292.3151,358.3233,28.7239,358.2544,-1
256.9067,2.40413,292.3164,357.7978,25.93826,358.8871,-1
256.9063,2.404328,292.3156,358.4579,27.58944,359.2433,-1
256.9063,2.404158,292.3155,358.4227,27.83174,358.938,-1
256.9063,2.403845,292.3155,356.6242,27.84435,358.3759,-1
256.9063,2.403416,292.3156,356.9183,27.73341,357.6065,-1
256.9064,2.40261,292.3159,6.874056,26.55385,356.1362,-1
256.9066,2.403418,292.3163,2.871821,26.10609,357.6106,-1
256.9064,2.404132,292.3159,359.868,27.02179,358.8931,-1
256.9067,2.40405,292.3165,0.644897,25.67945,358.7447,-1
256.9068,2.403756,292.3167,0.6016874,25.41048,358.2185,-1
256.9065,2.403129,292.316,358.9283,26.74615,357.0941,-1
256.9066,2.402446,292.3164,359.0205,26.06295,355.8689,-1
256.9066,2.402651,292.3164,358.8434,26.12023,356.2378,-1
256.9067,2.4027,292.3165,359.3977,25.83636,356.3253,-1
256.9063,2.402781,292.3158,357.281,27.45775,356.4673,-1
256.9057,2.403439,292.3145,0.7906088,29.70586,357.6502,-1
256.9057,2.403454,292.3146,0.6862127,29.5435,357.6772,-1
256.9058,2.4034,292.3146,0.7438614,29.50652,357.5808,-1
256.906,2.403371,292.3151,0.5768786,28.5081,357.5291,-1
256.9063,2.403484,292.3157,357.4021,27.52298,357.7301,-1
256.9064,2.403464,292.3159,357.7794,27.08103,357.6943,-1
256.908,2.404279,292.3195,357.5389,19.94471,359.1551,-1
256.9078,2.404026,292.319,358.0139,20.97966,358.7009,-1
256.9076,2.404116,292.3185,358.4492,21.9991,358.863,-1
256.9079,2.403941,292.3192,358.678,20.65571,358.5499,-1
301.2674,2.405721,211.8797,358.9742,21.03512,358.5749,-1
301.2673,2.405971,211.8794,358.9728,21.63331,359.0226,-1
301.2568,2.406302,211.8657,0.9763542,52.86417,359.6148,-1
301.2443,2.404772,211.86,3.73905,77.49827,356.8668,-1
301.2341,2.408317,211.8594,8.65528,96.57869,3.262581,-1
301.223,2.406196,211.8626,7.975799,116.9002,359.4192,-1
301.2138,2.407347,211.8697,6.312101,137.9652,1.496217,-1
301.2078,2.40642,211.8793,7.504524,158.2699,359.8247,-1
301.2059,2.406161,211.886,6.048014,170.5977,359.3587,-1
301.206,2.406159,211.8858,5.82851,170.2906,359.3557,-1
301.215,2.40431,211.8685,4.858244,134.5382,356.031,-1
301.2462,2.406055,211.8604,8.476499,74.04488,359.1644,-1
301.2375,1.031517,211.8912,0,330,0,exit0
301.2664,2.406828,211.8775,5.859567,25.3558,0.5598118,-1
301.2687,2.407382,211.8983,4.886543,347.2401,1.555094,-1
301.2608,2.406385,211.9131,4.209137,316.6594,359.7625,-1
301.2556,2.407012,211.9176,5.84158,304.363,0.8901005,-1
301.2475,2.407012,211.9216,4.838345,288.1821,0.8895289,-1
301.2489,2.40734,211.9211,4.641322,290.9243,1.479073,-1
301.2574,2.408262,211.9161,6.260788,308.9713,3.145113,-1
302.1182,2.407994,211.2397,7.692207,298.8224,2.670035,-1
302.193,2.408342,211.1817,5.270341,278.417,3.28252,-1
302.1885,2.406848,211.182,5.567953,270.0366,0.5964643,-1
302.19,2.404358,211.1819,359.5426,272.765,356.1311,-1
302.1892,2.405296,211.182,2.589108,271.1753,357.8116,-1
302.3486,2.406263,211.1895,1.509734,267.95,359.5446,-1
301.217,2.404613,211.1493,2.066131,268.9712,356.5866,-1
300.2668,2.402702,211.1337,0.5343111,271.1293,353.1532,-1
297.5572,2.403062,211.2029,3.023563,272.3844,353.7925,-1
294.8597,2.405589,211.287,6.748358,270.7827,358.3257,-1
291.1691,2.407565,211.301,8.820513,269.4158,1.899859,-1
287.3599,2.406605,211.2636,9.945429,269.3369,1.849603,-1
284.1104,2.407131,211.2304,9.337529,269.2481,1.114772,-1
281.6629,2.406624,211.1985,8.592307,269.4955,0.1936531,-1
279.3054,2.406478,211.179,8.558938,269.4911,0.06849568,-1
276.5226,2.40558,211.1551,9.637829,268.7649,359.0913,-1
273.8546,2.406273,211.1078,8.765189,269.3736,359.5575,-1
270.8943,2.396352,211.0684,8.292499,268.964,359.4855,-1
267.7862,2.404247,211.0184,7.777236,268.6493,0.2354735,-1
264.3647,2.406198,210.9381,7.299696,269.127,359.4229,-1
261.3225,2.406611,210.8984,5.915227,268.6846,0.1696586,-1
258.2737,2.407238,210.8254,6.686387,268.3834,1.300158,-1
255.5692,2.405572,210.7332,7.00332,267.5966,0.7920377,-1
252.7739,2.406621,210.5894,6.862194,266.8107,0.1868938,-1
249.6788,2.40668,210.4042,8.453635,266.1345,0.2949355,-1
246.6749,2.406899,210.1909,8.528134,265.5894,0.6925146,-1
245.1775,2.402457,210.077,7.733766,265.933,359.7713,-1
244.4352,2.404006,210.028,6.221098,268.3469,357.6951,-1
243.8611,2.405429,210.0154,5.227488,270.5465,358.9531,-1
243.8269,1.031044,209.9827,0,330,0,enter1
243.8369,2.404219,210.0126,6.403788,290.3431,356.709,-1
243.8486,2.403718,210.0048,4.33722,315.8673,355.8188,-1
243.8515,2.404792,210.0015,4.075776,323.9142,357.7518,-1
243.853,2.404595,209.9992,6.791241,328.6509,357.3862,-1
243.8532,2.40412,209.9988,4.28153,329.369,356.5445,-1
243.8522,2.405175,210.0005,3.586411,326.1828,358.4407,-1
243.8514,2.404667,210.0016,0.5119397,323.7246,357.5338,-1
243.8517,2.40276,210.0009,6.069158,324.4142,354.0755,-1
243.853,2.405301,209.9992,2.300544,328.898,358.668,-1
243.8526,2.403894,209.9998,2.611596,327.4231,356.1431,-1
243.8504,2.405244,210.0028,7.25201,320.7837,358.5566,-1
243.8491,2.404978,210.0044,4.140958,317.1639,358.0863,-1
243.8256,1.031044,209.9827,0,330,0,exit1
243.7272,2.405565,210.135,2.55129,317.7686,358.2942,-1
242.1667,2.405894,212.1367,2.93437,327.3507,358.8825,-1
240.8338,2.405642,214.435,4.233886,329.7948,358.4286,-1
239.3689,2.401152,216.6477,4.440299,322.873,3.677931,-1
237.6001,2.406868,219.0073,5.604004,323.4428,0.6310682,-1
236.0728,2.406646,221.0458,4.773342,322.6328,0.232009,-1
234.459,2.403226,223.1697,4.192539,322.7526,0.2544241,-1
233.0998,2.406254,224.955,3.777653,322.3847,359.5283,-1
231.7432,2.406371,226.7178,3.410257,322.1873,359.7383,-1
230.3409,2.406037,228.5273,2.453357,321.9398,359.1396,-1
229.1014,2.405404,230.1071,2.397919,321.7395,359.0712,-1
227.6452,2.39931,231.7755,2.07894,321.7991,358.9187,-1
226.2535,2.405961,233.3581,2.362508,321.6971,359.0024,-1
224.9205,2.405962,235.0473,3.405636,321.8743,359.0049,-1
223.4645,2.405953,236.917,4.337214,322.282,358.9875,-1
222.3372,2.399768,238.378,4.298394,323.2783,358.7699,-1
220.9621,2.405629,240.2213,4.360682,323.0672,358.4049,-1
219.6061,2.405469,242.0257,4.424628,323.2404,358.1174,-1
218.3416,2.40555,243.7191,4.530498,324.0236,358.2623,-1
217.0677,2.401845,245.4669,5.102494,323.4777,358.2358,-1
215.8326,2.403747,247.1293,5.491322,323.3172,358.2226,-1
214.5713,2.403155,248.8126,6.563633,323.2421,358.1512,-1
213.3249,2.402267,250.4972,7.442465,323.7186,356.7635,-1
212.0102,2.400219,252.2806,7.895855,323.4612,357.6078,-1
210.7651,2.404896,253.9395,7.554378,322.8817,357.4302,-1
209.3584,2.405148,255.7891,6.766107,322.6529,357.531,-1
208.2451,1.02453,257.191,0,330,0,enter2
208.2704,2.39818,257.2105,6.464695,322.1371,357.5671,-1
208.1169,2.398077,257.4088,6.506164,322.2181,357.5155,-1
208.1225,2.39527,257.3955,3.437764,348.5822,352.4251,-1
208.1207,2.392162,257.3788,6.662264,18.25641,346.6884,-1
208.1111,2.394948,257.3646,9.332948,50.21206,351.7463,-1
208.1042,2.394843,257.3605,8.342845,64.94511,351.5779,-1
208.0958,2.395545,257.358,11.0481,80.72116,352.8008,-1
208.0964,2.397849,257.3578,11.67926,80.48008,357.0157,-1
208.096,2.398689,257.3578,11.82501,81.39249,358.5521,-1
208.0991,2.398205,257.3584,9.948158,75.69576,357.6798,-1
208.0995,2.396202,257.3586,13.57429,73.81647,353.95,-1
208.097,2.395708,257.3582,14.28826,78.16689,353.0126,-1
208.097,2.396275,257.3581,12.88519,78.54945,354.1014,-1
208.0914,1.024481,257.3894,0,330,0,exit2
208.108,2.394181,257.3606,13.38591,76.51216,353.5377,-1
209.4457,2.403326,257.687,13.85434,76.52526,354.1042,-1
210.6345,2.403183,257.9394,14.14871,81.84341,353.8322,-1
211.6336,2.402636,258.063,10.28733,86.52822,352.9192,-1
212.1183,2.39856,258.0938,14.40066,83.05811,357.008,-1
214.0952,2.40467,258.4378,15.74448,81.16746,356.5611,-1
216.3144,2.404262,258.7669,17.0293,81.72461,355.9415,-1
218.4172,2.40438,259.068,17.39291,81.41845,355.9864,-1
220.3623,2.404346,259.3706,17.40915,80.49477,355.924,-1
222.2241,2.403313,259.7105,15.21499,77.75993,354.0441,-1
223.8649,2.404106,260.1046,14.52131,76.4697,355.5361,-1
225.5445,2.404207,260.4863,13.59305,78.86314,355.7402,-1
229.0847,2.404117,261.1617,13.58392,78.59074,355.5736,-1
233.4444,2.402858,262.061,12.61765,76.70802,356.0919,-1
237.9461,2.404751,263.0847,11.69561,77.99154,356.7699,-1
242.2445,2.402253,263.9703,10.87509,79.26968,357.0492,-1
246.3259,2.404737,264.7621,10.70802,78.87052,356.7558,-1
250.2456,2.404933,265.5161,10.50662,79.17152,357.1149,-1
254.0194,2.404665,266.2313,8.483117,79.20566,356.6449,-1
257.6365,2.40486,266.9338,7.588772,78.59405,357.0061,-1
261.1537,2.4048,267.6508,5.322042,77.87766,356.9103,-1
264.3822,2.397784,268.3657,0.3851593,76.03404,356.4829,-1
267.9114,2.405345,269.2199,2.74018,77.4296,357.8986,-1
270.9896,2.404929,269.9349,8.112566,75.13728,357.126,-1
274.0296,2.40504,270.7202,5.040362,76.33065,357.3434,-1
276.8069,2.405267,271.4195,3.658672,76.48325,357.7564,-1
279.0956,2.405515,271.9778,1.610801,77.32805,358.2047,-1
281.5858,2.405684,272.5727,1.799553,76.5645,358.5086,-1
283.0876,1.031517,272.9651,0,330,0,enter0
