*Subject
20
*Layout
0
*Condition
True,True,False
*Marks
379.7332,0,251.199
299.112,0,211.196
276.017,0,257.7413
*Path
x,y,z,flag
271.1457,2.406339,278.2809,15.91549,38.19099,359.6684,-1
271.1458,2.406396,278.2812,15.34999,37.74177,359.7757,-1
271.1498,2.406971,278.2878,10.70685,24.16028,0.82832,-1
271.1514,2.406793,278.2923,11.75786,15.44294,0.5050336,-1
271.1523,2.407801,278.2967,11.21251,7.861213,2.343585,-1
271.1523,2.409135,278.3041,9.606245,354.8185,4.759265,-1
271.1524,2.405864,278.3033,8.981354,355.1819,358.8163,-1
271.1524,2.405423,278.3034,10.3455,354.9596,358.009,-1
271.1525,2.405892,278.3032,12.04889,355.4585,358.856,-1
271.1525,2.406366,278.3025,11.50671,356.8378,359.7241,-1
271.1525,2.406563,278.3004,10.94246,0.6930162,0.08304892,-1
271.1519,2.406997,278.2946,8.291943,11.20509,0.8687441,-1
271.1516,2.406785,278.2931,9.161182,13.99527,0.4866219,-1
271.1515,2.406441,278.2928,9.413791,14.47547,359.8625,-1
271.1515,2.406153,278.2926,10.11828,14.63887,359.3385,-1
271.1517,2.406425,278.2935,5.966754,13.0972,359.8353,-1
271.152,2.407562,278.3065,9.372049,349.8944,1.897225,-1
271.1507,2.407217,278.3114,9.855571,340.7943,1.272571,-1
271.1513,2.406938,278.3097,12.16038,343.9641,0.771445,-1
271.1521,2.406575,278.3062,17.86868,350.3034,0.1097186,-1
271.1524,2.406446,278.3039,22.23709,354.2897,359.8623,-1
271.1525,2.406334,278.3025,22.4073,356.7223,359.6449,-1
271.1525,2.406505,278.3022,22.10652,357.4354,359.976,-1
271.1525,2.406573,278.3029,21.57158,356.142,0.107272,-1
271.1524,2.40684,278.298,10.28514,5.025568,0.5882162,-1
271.1524,2.406896,278.2976,8.899791,5.823555,0.687346,-1
271.1504,2.407405,278.3122,10.15389,339.3836,1.616362,-1
271.1508,2.406363,278.3112,11.8252,340.8267,359.717,-1
271.1512,2.406431,278.3099,14.8009,343.3197,359.8405,-1
271.1501,2.406426,278.2887,25.42182,22.17588,359.8198,-1
271.1431,2.406626,278.278,26.02425,45.328,0.218258,-1
271.1398,2.407228,278.2752,24.22877,53.61452,1.396535,-1
271.1486,2.406136,278.2853,19.70806,28.72503,359.2745,-1
271.1483,2.406931,278.2849,19.83336,29.97346,0.7876756,-1
271.1494,2.407412,278.287,21.86273,26.11724,1.725834,-1
271.1507,2.40715,278.29,31.60361,20.32569,1.330709,-1
271.1508,2.40699,278.2903,42.50225,19.99539,1.147845,-1
271.1511,2.407402,278.2913,31.81206,18.19043,1.86533,-1
271.1497,2.40833,278.2878,19.9153,25.21618,3.45475,-1
271.1499,2.408471,278.2881,30.96648,25.41523,4.08301,-1
271.1502,2.408043,278.2889,35.83297,23.81391,3.372321,-1
271.1502,2.408503,278.289,34.84873,24.06861,4.336825,-1
271.1497,2.407629,278.2878,38.80886,25.6283,2.555201,-1
271.1505,2.40646,278.2896,45.2852,20.38297,359.854,-1
271.1486,2.404822,278.2855,76.19907,16.18764,347.1701,-1
271.1519,2.406976,278.2947,90,11.02224,0,-1
271.1521,2.410585,278.2971,75.89581,37.32058,31.44627,-1
271.1477,2.412162,278.3168,62.2937,349.4081,22.29926,-1
271.1382,2.427318,278.3175,29.77528,345.8856,48.49376,-1
271.1491,2.418719,278.3085,356.092,343.2124,22.47005,-1
271.1519,2.407755,278.3073,356.2475,348.0162,2.221859,-1
271.1525,2.407706,278.2987,356.8668,3.593827,2.13275,-1
271.1521,2.40313,278.2969,357.7198,7.160922,353.9192,-1
271.1511,2.403337,278.2919,6.921213,15.40616,354.2558,-1
271.1453,2.403829,278.2806,9.327732,38.39938,355.1171,-1
271.1326,2.405293,278.2712,12.36768,67.27877,357.7556,-1
271.1287,2.406013,278.2698,9.855006,75.08546,359.0831,-1
271.1286,2.405587,278.2698,9.961545,75.13086,358.3096,-1
271.1285,2.405911,278.2698,9.731113,75.36034,358.8999,-1
271.1279,2.405859,278.2697,9.994094,76.40806,358.804,-1
271.1285,2.405875,278.2698,9.742432,75.45938,358.8345,-1
271.1284,2.405876,278.2698,9.71751,75.52395,358.8361,-1
271.1285,2.405973,278.2698,9.707093,75.44371,359.0113,-1
271.1285,2.405965,278.2698,9.691004,75.46963,358.998,-1
271.1285,2.405988,278.2698,9.634588,75.44297,359.0402,-1
271.1286,2.406019,278.2698,9.598061,75.29192,359.0947,-1
271.1286,2.406029,278.2698,9.540869,75.22765,359.1139,-1
271.1287,2.406048,278.2698,9.518848,75.15622,359.1487,-1
271.1287,2.406071,278.2698,9.485161,75.0862,359.1899,-1
271.1288,2.406086,278.2698,9.476324,75.00588,359.218,-1
271.1288,2.406096,278.2699,9.488611,74.92267,359.2366,-1
271.1288,2.4061,278.2699,9.556411,74.85204,359.2422,-1
271.1289,2.406116,278.2699,9.592918,74.79077,359.2719,-1
271.1289,2.406133,278.2699,9.637444,74.70684,359.3025,-1
271.129,2.406141,278.2699,9.673013,74.62244,359.317,-1
271.129,2.406147,278.2699,9.715629,74.53622,359.3287,-1
271.1291,2.406163,278.2699,9.738106,74.45248,359.3566,-1
271.1291,2.406163,278.2699,9.787379,74.37101,359.3557,-1
271.1291,2.40616,278.27,9.819337,74.35918,359.3509,-1
271.1292,2.406211,278.27,9.847353,74.23103,359.4441,-1
271.1292,2.406173,278.27,9.865455,74.21845,359.3755,-1
271.1292,2.406207,278.27,9.838173,74.16699,359.4373,-1
271.1293,2.406219,278.27,9.863869,74.08127,359.4575,-1
271.1293,2.406223,278.27,9.833622,74.03066,359.4665,-1
271.1293,2.406224,278.27,9.869055,73.93827,359.4672,-1
271.1294,2.406231,278.27,9.876065,73.88644,359.4809,-1
271.1294,2.406221,278.27,9.889482,73.80603,359.4623,-1
271.1295,2.406223,278.2701,9.904889,73.7575,359.4655,-1
271.1295,2.406225,278.2701,9.90597,73.68723,359.4687,-1
271.1295,2.406221,278.2701,9.937057,73.61111,359.4616,-1
271.1296,2.406224,278.2701,9.925499,73.54601,359.4667,-1
271.1296,2.406218,278.2701,9.940413,73.4705,359.4562,-1
271.1296,2.406216,278.2701,9.947025,73.41827,359.4521,-1
271.1297,2.40621,278.2701,9.973294,73.33741,359.4417,-1
271.1297,2.406225,278.2701,9.971176,73.26311,359.4693,-1
271.1297,2.406215,278.2701,9.986046,73.21849,359.451,-1
271.1298,2.406194,278.2701,10.01214,73.18071,359.4137,-1
271.1298,2.406186,278.2701,10.04964,73.14913,359.398,-1
271.1298,2.406193,278.2701,10.03943,73.06241,359.4099,-1
271.1298,2.406173,278.2701,10.07277,72.99741,359.375,-1
271.1299,2.406207,278.2702,10.07451,72.9595,359.4361,-1
271.1299,2.406324,278.2702,10.09012,72.89289,359.6492,-1
271.13,2.406463,278.2702,9.77869,72.81634,359.9014,-1
271.1295,2.406243,278.2701,10.62427,73.58474,359.5003,-1
271.1295,2.406243,278.2701,10.62427,73.58474,359.5003,-1
271.1295,2.406243,278.2701,10.62427,73.58474,359.5003,-1
271.1293,2.405987,278.27,10.57177,73.84576,359.0344,-1
271.1294,2.406018,278.27,10.55466,73.80909,359.0904,-1
271.1294,2.40602,278.27,10.5644,73.74564,359.0944,-1
271.1295,2.406018,278.2701,10.56375,73.69363,359.0913,-1
271.1295,2.406021,278.2701,10.56651,73.63955,359.0968,-1
271.1295,2.406018,278.2701,10.56746,73.57863,359.0919,-1
271.1295,2.406022,278.2701,10.58275,73.53247,359.0982,-1
271.1296,2.406022,278.2701,10.60226,73.47641,359.0976,-1
271.1296,2.406027,278.2701,10.60801,73.41657,359.1067,-1
271.1296,2.406037,278.2701,10.60594,73.36606,359.1253,-1
271.1296,2.406041,278.2701,10.59998,73.31194,359.1324,-1
271.1297,2.406045,278.2701,10.59178,73.26808,359.1399,-1
271.1297,2.406052,278.2701,10.58753,73.21658,359.1535,-1
271.1297,2.406058,278.2701,10.58535,73.17098,359.1634,-1
271.1298,2.406069,278.2701,10.59674,73.13428,359.1846,-1
271.1298,2.406072,278.2701,10.58563,73.09581,359.1899,-1
271.1298,2.406078,278.2701,10.5815,73.04498,359.2012,-1
271.1298,2.406081,278.2701,10.57649,73.00241,359.2052,-1
271.1299,2.406083,278.2702,10.56882,72.95093,359.2086,-1
271.1299,2.406085,278.2702,10.57519,72.91211,359.2124,-1
271.1299,2.406083,278.2702,10.57686,72.8656,359.2086,-1
271.1299,2.40608,278.2702,10.56909,72.82278,359.2032,-1
271.1299,2.406081,278.2702,10.56896,72.79208,359.2063,-1
271.1299,2.406079,278.2702,10.55773,72.75227,359.2021,-1
271.13,2.406079,278.2702,10.57771,72.71201,359.2021,-1
271.13,2.406086,278.2702,10.53894,72.67736,359.2151,-1
271.13,2.406091,278.2702,10.56877,72.63484,359.2234,-1
271.13,2.406083,278.2702,10.57059,72.59689,359.209,-1
271.1301,2.406085,278.2702,10.35853,72.56044,359.2147,-1
271.13,2.406103,278.2702,10.51861,72.61132,359.2455,-1
271.1301,2.406084,278.2702,10.6112,72.54415,359.2104,-1
271.1301,2.40608,278.2702,10.61212,72.49283,359.2042,-1
271.1301,2.406076,278.2702,10.61035,72.43718,359.1962,-1
271.1301,2.406087,278.2702,10.61105,72.42088,359.2175,-1
271.1302,2.406066,278.2703,10.65506,72.37608,359.1792,-1
271.1302,2.40607,278.2703,10.65448,72.3352,359.1852,-1
271.1302,2.406061,278.2703,10.64312,72.3028,359.1688,-1
271.1302,2.406069,278.2703,10.65849,72.27747,359.1835,-1
271.1302,2.406071,278.2703,10.65777,72.23571,359.1871,-1
271.1302,2.406079,278.2703,10.66479,72.19215,359.2018,-1
271.1303,2.406082,278.2703,10.59238,72.13542,359.2081,-1
271.1303,2.406086,278.2703,10.60566,72.08668,359.2151,-1
271.1303,2.406084,278.2703,10.65285,72.06595,359.2113,-1
271.1303,2.406091,278.2703,10.68451,72.06937,359.2233,-1
271.1303,2.406095,278.2703,10.69625,72.08276,359.2309,-1
271.1303,2.406094,278.2703,10.68771,72.05476,359.229,-1
271.1304,2.406084,278.2703,10.66671,71.99924,359.211,-1
271.1304,2.406078,278.2703,10.6457,71.92886,359.1996,-1
271.1304,2.406086,278.2703,10.66287,71.90289,359.2144,-1
271.1304,2.406092,278.2703,10.6981,71.88329,359.2249,-1
271.1304,2.406089,278.2704,10.6989,71.8546,359.2208,-1
271.1304,2.406087,278.2704,10.66263,71.81402,359.2162,-1
271.1305,2.406086,278.2704,10.62024,71.7644,359.2149,-1
271.1305,2.406087,278.2704,10.64152,71.73589,359.2161,-1
271.1305,2.40609,278.2704,10.65389,71.71561,359.2213,-1
271.1305,2.406089,278.2704,10.66467,71.70998,359.2209,-1
271.1305,2.406089,278.2704,10.66467,71.70998,359.2209,-1
271.1305,2.406089,278.2704,10.64295,71.67173,359.2199,-1
271.1306,2.40609,278.2704,10.6426,71.64427,359.2224,-1
271.1306,2.40609,278.2704,10.64235,71.61832,359.2223,-1
271.1306,2.406093,278.2704,10.64231,71.59327,359.2277,-1
271.1306,2.406092,278.2704,10.64513,71.56615,359.2257,-1
271.1306,2.406092,278.2704,10.63306,71.5396,359.2254,-1
271.1306,2.406094,278.2704,10.64975,71.51798,359.2291,-1
271.1306,2.406094,278.2704,10.6619,71.49157,359.2293,-1
271.1306,2.406091,278.2704,10.66017,71.46601,359.2234,-1
271.1307,2.406093,278.2704,10.66213,71.43626,359.228,-1
271.1307,2.406093,278.2704,10.66259,71.41519,359.2278,-1
271.1307,2.406093,278.2704,10.65961,71.39537,359.2274,-1
271.1307,2.406092,278.2704,10.65254,71.37216,359.2248,-1
271.1307,2.406092,278.2704,10.65037,71.35862,359.2261,-1
271.1307,2.406095,278.2704,10.63758,71.34531,359.2308,-1
271.1307,2.406098,278.2704,10.63188,71.32048,359.2375,-1
271.1307,2.406093,278.2704,10.63012,71.29171,359.2278,-1
271.1307,2.4061,278.2704,10.66282,71.28098,359.2396,-1
271.1307,2.4061,278.2704,10.6287,71.2611,359.2397,-1
271.1308,2.406092,278.2704,10.64041,71.23175,359.2259,-1
271.1308,2.406099,278.2704,10.6722,71.22879,359.2383,-1
271.1308,2.406142,278.2704,10.66199,71.23862,359.3168,-1
271.1308,2.406138,278.2704,10.58039,71.23186,359.3092,-1
271.1308,2.406156,278.2704,10.60061,71.22734,359.3417,-1
271.1308,2.406129,278.2704,10.58685,71.21004,359.2932,-1
271.1308,2.406145,278.2704,10.60442,71.19928,359.3222,-1
271.1308,2.406129,278.2705,10.65917,71.17825,359.2934,-1
271.1308,2.40613,278.2705,10.61443,71.1699,359.2951,-1
271.1308,2.406113,278.2705,10.61186,71.15787,359.2639,-1
271.1308,2.406116,278.2705,10.64447,71.15845,359.27,-1
271.1308,2.40611,278.2705,10.6616,71.14951,359.2589,-1
271.1308,2.406205,278.2705,10.3885,71.1465,359.4326,-1
271.1308,2.406119,278.2705,10.55377,71.15465,359.2753,-1
271.1308,2.406069,278.2704,10.63649,71.1851,359.1844,-1
271.1308,2.406109,278.2705,10.69554,71.13248,359.256,-1
271.1308,2.406124,278.2705,10.67775,71.16387,359.2845,-1
271.1308,2.406111,278.2705,10.63621,71.14781,359.2608,-1
271.1308,2.406119,278.2705,10.65476,71.17122,359.2753,-1
271.1308,2.406102,278.2705,10.67541,71.13514,359.2442,-1
271.1308,2.406106,278.2705,10.5834,71.15947,359.2505,-1
271.1308,2.406129,278.2705,10.6523,71.13065,359.2938,-1
271.1309,2.406146,278.2705,10.64383,71.11008,359.3238,-1
271.1306,2.406202,278.2704,10.82299,71.55503,359.4262,-1
271.1307,2.406579,278.2704,10.06825,71.53152,0.1138604,-1
271.1306,2.406686,278.2704,10.37023,71.82842,0.3077554,-1
271.1235,2.405119,278.269,31.36208,83.14381,357.0677,-1
271.1509,2.407335,278.2906,36.95375,19.58944,1.831988,-1
271.1524,2.404185,278.3032,42.20476,351.9149,354.3532,-1
271.1491,2.398944,278.313,47.02578,321.6545,339.6847,-1
271.1448,2.402907,278.3213,48.88955,312.3462,350.1209,-1
271.1501,2.407216,278.313,49.92538,339.0531,1.943346,-1
271.1437,2.407122,278.3229,34.05328,316.9845,1.307744,-1
271.1384,2.405737,278.3273,34.1002,303.0766,358.3126,-1
271.145,2.403459,278.3212,28.88734,317.0251,353.7331,-1
271.1501,2.40717,278.3129,27.547,338.4231,1.318748,-1
271.1357,2.396115,278.327,36.14347,285.5756,336.2636,-1
271.1356,2.400352,278.3283,46.63143,286.6643,343.7053,-1
271.1378,2.426031,278.3193,35.47416,346.2848,48.48822,-1
271.1247,2.407883,278.3325,25.46636,278.6499,2.710416,-1
271.1407,2.41378,278.3245,54.28881,329.2937,22.882,-1
271.1483,2.420753,278.3078,62.09124,55.5623,71.89196,-1
271.1463,2.410633,278.2822,62.88767,50.48853,16.39469,-1
271.1299,2.420017,278.2733,55.97248,114.6825,48.9314,-1
271.1291,2.407981,278.27,41.82077,76.8122,3.519601,-1
271.1376,2.399464,278.2746,42.04391,45.193,342.7336,-1
271.1398,2.404923,278.2753,16.39548,52.03339,357.0237,-1
271.1331,2.415446,278.2727,19.71593,71.98037,17.24127,-1
271.1231,2.407671,278.2689,39.45371,87.09185,2.677574,-1
271.0887,2.403117,278.3018,58.26457,171.9122,348.3462,-1
271.0958,2.410631,278.2809,38.99018,147.1484,9.520582,-1
271.1159,2.398992,278.27,43.4902,85.30531,341.0864,-1
271.1123,2.40332,278.27,42.31789,99.71141,352.2352,-1
271.1287,2.408575,278.2699,66.02392,83.52861,9.104116,-1
271.1507,2.402849,278.2907,70.81371,359.0697,339.5856,-1
271.1522,2.401718,278.3013,59.38691,344.1572,342.8713,-1
271.1484,2.395244,278.3117,12.69733,333.7429,338.8309,-1
271.1487,2.392432,278.3065,15.67462,340.6343,332.7955,-1
271.1514,2.399533,278.3055,39.80326,340.4851,343.4953,-1
271.1521,2.403416,278.3054,28.17559,348.7267,353.6879,-1
271.1495,2.393153,278.2981,16.73663,357.3847,334.1449,-1
271.1501,2.395878,278.2945,16.77428,5.89434,339.6803,-1
271.1448,2.385681,278.301,2.946951,356.8791,319.307,-1
271.1479,2.390043,278.2988,345.4709,13.12871,327.8715,-1
271.1494,2.395903,278.2918,355.9924,18.69044,340.5785,-1
271.1505,2.39879,278.2925,7.460141,13.61495,345.905,-1
271.1506,2.398024,278.2939,7.027466,10.85394,344.4899,-1
271.1511,2.398629,278.2953,5.5957,8.654967,345.6593,-1
271.1522,2.402683,278.2979,9.23189,4.150286,353.0287,-1
271.1524,2.404342,278.2993,10.77024,1.812766,356.0331,-1
271.1525,2.405519,278.299,14.38793,2.771653,358.1537,-1
271.1525,2.405392,278.2998,9.935107,1.405192,357.9549,-1
271.1525,2.405972,278.2996,8.442472,1.894227,359.0145,-1
271.1525,2.406807,278.2994,11.86798,2.615171,0.5303207,-1
271.1525,2.407021,278.2992,13.59633,3.076147,0.9283658,-1
271.1525,2.406779,278.2998,14.20014,1.917844,0.4844566,-1
271.1524,2.407272,278.2982,18.87092,5.002895,1.428052,-1
271.1525,2.406614,278.299,17.22746,3.227604,0.1815675,-1
271.1525,2.406404,278.2989,13.57674,3.340107,359.7921,-1
271.1524,2.406257,278.2975,7.672313,5.900166,359.5303,-1
271.1524,2.405491,278.2982,10.16677,4.353757,358.1335,-1
271.1524,2.405877,278.2983,5.648435,4.348264,358.8485,-1
271.1525,2.406226,278.2991,7.847013,2.867482,359.4746,-1
271.1525,2.406221,278.2992,10.13239,2.697131,359.4625,-1
271.1525,2.406661,278.2984,11.71953,4.344482,0.2625533,-1
271.1524,2.406634,278.2978,13.36014,5.479644,0.2154458,-1
271.1524,2.406421,278.2974,14.36983,5.940316,359.8226,-1
271.1523,2.407015,278.2974,14.42147,6.302401,0.9199954,-1
271.1524,2.407138,278.2981,11.51016,5.10596,1.135147,-1
271.1525,2.407134,278.2987,9.968145,3.972416,1.122102,-1
271.1525,2.406953,278.2993,10.7673,2.895429,0.7946213,-1
271.1525,2.406207,278.299,11.20989,3.17885,359.4348,-1
271.1525,2.405359,278.2989,11.62954,2.871815,357.8826,-1
271.1525,2.404819,278.299,11.77006,2.515082,356.8926,-1
271.1523,2.404145,278.298,12.7081,3.978151,355.6424,-1
271.1524,2.405383,278.2981,12.70472,4.358542,357.9178,-1
271.1525,2.405397,278.3007,12.60354,359.6606,357.9448,-1
271.1523,2.404314,278.3037,12.97498,353.8377,355.9495,-1
271.1517,2.402684,278.3071,12.94971,346.9905,352.9409,-1
271.1512,2.40124,278.3082,12.28854,344.2891,350.2839,-1
271.1518,2.401574,278.3056,12.05495,349.2607,350.9123,-1
271.1521,2.40237,278.3044,11.48181,352.0121,352.4017,-1
271.1522,2.402145,278.3031,9.938279,354.4189,352.0276,-1
271.1523,2.402465,278.3024,10.17687,355.789,352.609,-1
271.1523,2.402851,278.3009,10.84,358.4517,353.3015,-1
271.1525,2.404827,278.3,10.58353,0.8174706,356.9196,-1
271.1525,2.405079,278.3007,15.0222,359.5201,357.3329,-1
271.1525,2.404905,278.2989,18.81888,2.410393,356.9499,-1
271.1524,2.404962,278.2985,18.14563,3.153736,357.0682,-1
271.1525,2.405154,278.2991,19.30542,2.07037,357.4123,-1
271.1525,2.406081,278.3004,19.99112,0.3249634,359.1692,-1
271.1525,2.406087,278.301,21.0247,359.3017,359.1748,-1
271.1525,2.406336,278.3012,20.40801,359.1365,359.6541,-1
271.1525,2.406481,278.3012,23.3572,359.1716,359.9301,-1
271.1525,2.407406,278.3015,23.48233,359.3785,1.735403,-1
271.1525,2.407758,278.3018,19.14271,359.0033,2.353075,-1
271.1525,2.407629,278.3018,23.31496,359.0102,2.168919,-1
271.1525,2.407441,278.3019,24.22563,358.6295,1.814821,-1
271.1525,2.407896,278.2998,24.39419,2.780259,2.710831,-1
271.1524,2.408675,278.2994,23.16931,4.140809,4.206454,-1
271.1523,2.40969,278.2982,24.27097,7.295264,6.244119,-1
271.1522,2.409922,278.2978,24.64182,8.255184,6.723097,-1
271.1523,2.409353,278.2989,22.80159,5.493915,5.516326,-1
271.1525,2.407911,278.2994,20.30758,3.447981,2.662928,-1
271.1525,2.406657,278.3013,18.52479,359.1005,0.2648504,-1
271.1525,2.406126,278.3028,23.16611,356.0382,359.2381,-1
271.1525,2.406428,278.3023,23.44658,357.2083,359.8258,-1
271.1525,2.406826,278.3022,18.61289,357.6279,0.5826104,-1
271.1525,2.407267,278.3018,12.92675,358.4113,1.376711,-1
271.1525,2.407429,278.3019,13.60798,358.3253,1.679812,-1
271.1525,2.406922,278.3016,14.67143,358.6311,0.7497193,-1
271.1525,2.406659,278.3004,14.33228,0.7151429,0.261938,-1
271.1525,2.40677,278.3006,14.02408,0.3668892,0.4678202,-1
271.1525,2.4066,278.3008,14.24262,359.9608,0.1523654,-1
271.1525,2.406405,278.3006,13.76831,0.3078215,359.7942,-1
271.1525,2.406261,278.3006,14.09859,0.1596961,359.5284,-1
271.1525,2.406502,278.3006,10.314,0.3531917,359.9731,-1
271.1525,2.407096,278.302,9.038205,358.042,1.049417,-1
271.1522,2.407429,278.3053,5.784196,352.1152,1.640926,-1
271.1521,2.407332,278.3058,2.894724,351.023,1.461811,-1
271.1525,2.406928,278.3018,3.677796,358.2866,0.7364414,-1
271.1525,2.408253,278.3018,5.270555,358.531,3.123408,-1
271.1525,2.407214,278.3005,8.013624,0.6252722,1.25952,-1
271.1525,2.407459,278.3008,7.263406,0.1509675,1.699732,-1
271.1522,2.408036,278.305,7.330241,352.8376,2.743302,-1
271.1525,2.406838,278.3015,6.040695,358.8536,0.5777081,-1
271.1525,2.406199,278.3025,5.466463,356.8563,359.4286,-1
271.1519,2.406911,278.3073,5.301374,348.3281,0.7078328,-1
271.1517,2.406875,278.3083,4.789939,346.5392,0.6426955,-1
271.1516,2.406596,278.3087,3.81797,345.7047,0.1407214,-1
271.151,2.406766,278.3105,4.222627,342.2949,0.4475294,-1
271.1524,2.406322,278.3036,5.08603,354.7983,359.6484,-1
271.1512,2.405954,278.2917,6.599088,16.29373,358.9857,-1
271.1467,2.405584,278.2824,6.825513,34.8203,358.3168,-1
271.1451,2.405735,278.2803,6.412906,39.64145,358.5903,-1
271.1462,2.40642,278.2817,6.871878,36.59328,359.8254,-1
271.1525,2.407019,278.2997,6.913167,2.13821,0.9043545,-1
271.1525,2.406808,278.3004,7.765772,0.7242921,0.526539,-1
271.1525,2.406441,278.3009,8.467419,359.683,359.8621,-1
271.1525,2.406236,278.3013,9.556679,359.0276,359.4891,-1
271.1525,2.406117,278.3009,8.752022,359.6295,359.2761,-1
271.1525,2.406097,278.3011,8.216947,359.3918,359.2398,-1
271.1525,2.40617,278.3014,8.980455,358.7529,359.3718,-1
271.1525,2.406217,278.3019,8.470596,357.9654,359.4567,-1
271.1525,2.406259,278.3018,8.427375,358.1476,359.5326,-1
271.1525,2.406389,278.302,7.479536,357.8373,359.7681,-1
271.1525,2.406701,278.3032,8.809946,355.7153,0.3324467,-1
271.1525,2.406608,278.303,8.035945,355.9966,0.1649362,-1
271.1525,2.406622,278.3033,7.814199,355.5968,0.1903546,-1
271.1525,2.406638,278.3033,7.471324,355.6036,0.217727,-1
271.1524,2.406546,278.3035,7.365669,355.2052,0.05195429,-1
271.1524,2.406552,278.3036,7.534865,355.009,0.06299093,-1
271.1523,2.40656,278.3046,7.071042,353.2006,0.07729025,-1
271.1522,2.406713,278.3052,9.08882,352.1523,0.3549952,-1
271.152,2.40644,278.3064,6.444441,349.8428,359.8619,-1
271.1519,2.406574,278.307,6.333151,348.8001,0.1034429,-1
271.1519,2.406588,278.3071,5.989439,348.5935,0.1267156,-1
271.1519,2.406465,278.3071,6.018955,348.5979,359.9059,-1
271.1519,2.406334,278.3071,6.321878,348.4907,359.6698,-1
271.1519,2.406211,278.3069,6.479304,348.8994,359.4484,-1
271.152,2.406282,278.3067,7.020966,349.197,359.5757,-1
271.152,2.406326,278.3067,7.30211,349.2897,359.6554,-1
271.152,2.406343,278.3065,7.137915,349.5416,359.6858,-1
271.152,2.406271,278.3065,7.091334,349.7118,359.5567,-1
271.1521,2.406217,278.3063,7.345316,350.009,359.4581,-1
271.1521,2.406234,278.3062,7.658844,350.1846,359.4893,-1
271.1521,2.406124,278.3061,7.735186,350.3743,359.2902,-1
271.1521,2.406138,278.306,7.753943,350.509,359.3144,-1
271.1521,2.406209,278.306,7.57804,350.4789,359.4437,-1
271.1521,2.406294,278.3059,7.172891,350.6697,359.5974,-1
271.1522,2.406279,278.3058,6.905116,350.8179,359.5712,-1
271.1522,2.406274,278.3058,6.999629,351.0123,359.5618,-1
271.1522,2.40621,278.3058,7.153834,350.9449,359.4455,-1
271.1522,2.406155,278.3057,7.272923,351.08,359.3463,-1
271.1522,2.406055,278.3056,7.810504,351.2589,359.1644,-1
271.1522,2.40575,278.3055,8.279185,351.4207,358.6122,-1
271.1522,2.40571,278.3054,8.14485,351.5075,358.5396,-1
271.1522,2.405894,278.3053,7.929976,351.6603,358.8731,-1
271.1522,2.406083,278.3053,7.255132,351.7213,359.2164,-1
271.1522,2.40632,278.3052,5.940485,351.9242,359.6456,-1
271.1523,2.406392,278.3049,6.120805,352.6056,359.7757,-1
271.1523,2.406617,278.3047,6.166913,352.9075,0.1794398,-1
271.1523,2.406397,278.3048,7.194384,352.7218,359.7841,-1
271.1523,2.406562,278.305,7.325969,352.4166,0.08079112,-1
271.1523,2.406503,278.3049,7.591363,352.5115,359.9747,-1
271.1523,2.406461,278.3049,7.695816,352.6036,359.8984,-1
271.1523,2.406373,278.3047,7.435911,352.841,359.739,-1
271.1523,2.406353,278.3051,7.113836,352.2328,359.7045,-1
271.1522,2.406286,278.3055,6.858974,351.3747,359.5832,-1
271.152,2.40648,278.3069,5.882466,348.9777,359.934,-1
271.1519,2.406535,278.3074,4.900427,348.1003,0.03177772,-1
271.1518,2.406619,278.3078,3.502456,347.3263,0.1826608,-1
271.1518,2.406613,278.3077,4.23322,347.5302,0.1715083,-1
271.1517,2.406812,278.308,4.553243,347.0631,0.5294163,-1
271.1518,2.406674,278.3076,4.49341,347.5977,0.2823147,-1
271.1519,2.40649,278.3073,4.847434,348.1593,359.951,-1
271.152,2.406397,278.3063,5.182819,349.9877,359.784,-1
271.1522,2.406274,278.3056,5.074302,351.2806,359.5631,-1
271.1523,2.406192,278.305,5.560882,352.3756,359.4147,-1
271.1523,2.406158,278.3045,5.431741,353.2704,359.3552,-1
271.1523,2.406047,278.3042,5.371526,353.8087,359.1555,-1
271.1524,2.406023,278.304,5.500251,354.1509,359.1113,-1
271.1524,2.405966,278.3038,5.627934,354.4561,359.0093,-1
271.1524,2.405985,278.3037,5.551467,354.679,359.0423,-1
271.1524,2.406154,278.3033,4.235563,355.3777,359.3486,-1
271.1524,2.405903,278.3035,7.402269,355.0352,358.8921,-1
271.1525,2.406342,278.3032,6.586837,355.6157,359.6845,-1
271.1523,2.406314,278.3051,5.650174,352.146,359.6345,-1
271.1525,2.406913,278.3029,5.492589,356.2908,0.7122029,-1
271.1525,2.407261,278.3001,5.230312,1.364013,1.337523,-1
271.1525,2.407023,278.2988,5.558131,3.61593,0.9107752,-1
271.1525,2.407361,278.3026,6.025792,356.8354,1.518683,-1
271.1464,2.408086,278.3195,5.042543,324.2788,2.821848,-1
271.1375,2.409031,278.3278,3.659913,302.3275,4.514638,-1
271.124,2.409554,278.3324,4.401929,276.7076,5.462046,-1
271.1241,2.40864,278.3325,5.996129,276.698,3.825061,-1
271.1366,2.407598,278.3284,9.878464,300.4445,1.964302,-1
271.1478,2.406478,278.3176,12.5182,328.3549,359.9282,-1
271.1493,2.406992,278.3149,12.12409,334.0381,0.8705018,-1
271.1521,2.407016,278.3059,9.657736,350.9024,0.9057282,-1
271.1525,2.406999,278.3011,7.600016,359.4644,0.8706147,-1
271.1525,2.40661,278.2982,6.413534,4.575252,0.1682622,-1
271.1525,2.406568,278.2982,5.852407,4.550989,0.09197415,-1
271.1524,2.406904,278.2979,6.804473,5.279974,0.6979877,-1
271.1523,2.407017,278.2971,7.901172,6.66629,0.9034297,-1
271.1525,2.406981,278.2991,7.945108,3.061958,0.8383521,-1
271.1525,2.406748,278.3032,7.543992,355.801,0.4165975,-1
271.1523,2.406375,278.3044,7.194815,353.5079,359.7434,-1
271.1523,2.406389,278.3043,6.918025,353.6562,359.7688,-1
271.1524,2.40671,278.3041,6.980811,354.0872,0.3476714,-1
271.1521,2.406529,278.306,7.924656,350.6223,0.02268276,-1
271.1515,2.406467,278.3089,6.491927,345.3267,359.9107,-1
271.1519,2.407044,278.3071,7.483491,348.6798,0.9513184,-1
271.1522,2.407221,278.3052,9.807807,352.2018,1.27987,-1
271.1519,2.406897,278.307,9.538114,348.8129,0.6894723,-1
271.1518,2.406401,278.3076,9.457307,347.7508,359.7889,-1
271.1522,2.406473,278.3055,9.77401,351.3918,359.9202,-1
271.1523,2.406783,278.3041,8.527415,354.0204,0.4819203,-1
271.1524,2.407283,278.3033,3.870261,355.6125,1.374777,-1
271.1522,2.407052,278.3053,3.7832,351.8537,0.9592779,-1
271.1522,2.406755,278.3054,3.957043,351.7551,0.4277007,-1
271.1522,2.407016,278.3054,2.964717,351.8161,0.8942059,-1
271.1521,2.407275,278.3061,4.36381,350.5219,1.361878,-1
271.1519,2.407166,278.3072,5.903071,348.6054,1.168652,-1
271.1519,2.406808,278.3069,7.835179,349.0436,0.5252568,-1
271.1525,2.407081,278.303,8.305748,356.0897,1.020966,-1
271.1525,2.407379,278.2999,7.252901,1.694449,1.555663,-1
271.1525,2.407361,278.299,6.88422,3.449766,1.521832,-1
271.1525,2.407142,278.301,6.868567,359.6949,1.127262,-1
271.1524,2.406833,278.304,6.849129,354.3035,0.5694224,-1
271.1523,2.406343,278.3044,6.840352,353.5069,359.687,-1
271.1525,2.406328,278.3029,6.813328,356.101,359.659,-1
271.1525,2.406546,278.3003,6.833519,0.9131082,0.05215812,-1
271.1525,2.406948,278.2986,6.93338,3.924417,0.7768045,-1
271.1524,2.407123,278.2982,7.592588,4.751766,1.094512,-1
271.1525,2.406825,278.3,8.36482,1.494663,0.5570129,-1
271.1525,2.405513,278.3029,7.763219,355.956,358.1854,-1
271.1523,2.403805,278.3032,8.536474,354.9187,355.0835,-1
271.1524,2.404233,278.3025,9.194753,356.2619,355.8526,-1
271.1525,2.404742,278.3026,8.61033,356.2675,356.7845,-1
271.1525,2.405048,278.3027,8.741818,356.1671,357.3379,-1
271.1525,2.405858,278.3029,8.208229,356.0948,358.8068,-1
271.1525,2.406636,278.3022,7.734244,357.4773,0.2160636,-1
271.1525,2.40706,278.3026,7.482005,356.7524,0.9812645,-1
271.1524,2.406543,278.304,6.231459,354.3182,0.04600901,-1
271.1525,2.406231,278.303,4.559486,355.9684,359.4859,-1
271.1525,2.4067,278.2996,6.862241,2.221273,0.3299969,-1
271.1525,2.407062,278.2997,7.302617,2.091882,0.9831435,-1
271.1525,2.407013,278.3014,7.847094,359.086,0.8963814,-1
271.1518,2.406895,278.2939,7.307072,12.43954,0.6828876,-1
271.1507,2.407305,278.2901,6.779827,19.64099,1.42052,-1
271.1504,2.407316,278.2893,6.716794,21.26171,1.440558,-1
271.1512,2.40729,278.2918,8.038818,16.42554,1.398213,-1
271.1522,2.40721,278.2958,8.383273,9.082799,1.253523,-1
271.1523,2.406905,278.2973,8.843249,6.378285,0.7029547,-1
271.1524,2.407035,278.298,8.473803,5.117228,0.9379947,-1
271.1525,2.407093,278.2983,7.98486,4.548316,1.04151,-1
271.1517,2.406898,278.2937,7.459824,12.89802,0.6874174,-1
271.1488,2.406629,278.2858,6.684321,28.00681,0.2008187,-1
271.1456,2.406353,278.2808,6.656963,38.51835,359.7035,-1
271.1436,2.406275,278.2786,6.684758,43.93261,359.5628,-1
271.1436,2.406222,278.2786,6.385372,43.93089,359.4687,-1
271.1446,2.406637,278.2797,6.567219,41.23439,0.2165375,-1
271.1476,2.407008,278.2837,7.961399,32.38145,0.8883075,-1
271.1483,2.406897,278.2848,8.243104,30.05186,0.6872421,-1
271.1485,2.406924,278.2852,8.493277,29.25418,0.7359006,-1
271.1485,2.406824,278.2852,8.369415,29.26915,0.5554028,-1
271.1485,2.406878,278.2852,8.249583,29.27309,0.6524748,-1
271.1485,2.406985,278.2852,7.926693,29.31212,0.8462521,-1
271.1485,2.407081,278.2852,8.340314,29.33353,1.019858,-1
271.1484,2.407091,278.2851,8.401554,29.55374,1.039213,-1
271.1487,2.407204,278.2855,8.413672,28.69333,1.243545,-1
271.1467,2.406802,278.2823,7.693474,35.29082,0.5138699,-1
271.14,2.406264,278.2754,7.518846,52.54515,359.5425,-1
271.1393,2.406234,278.2749,6.95141,53.9319,359.4899,-1
271.14,2.406437,278.2754,7.315412,52.46023,359.8565,-1
271.1408,2.406404,278.276,7.317221,50.68186,359.7971,-1
271.1443,2.406836,278.2794,8.173167,42.11908,0.5772923,-1
271.1502,2.407468,278.2887,8.241486,22.38674,1.721101,-1
271.1507,2.407231,278.2901,7.991862,19.71876,1.290613,-1
271.1512,2.407281,278.2915,7.753583,16.95144,1.381196,-1
271.1519,2.407164,278.2942,7.892194,11.98967,1.169322,-1
271.1525,2.406906,278.2995,7.648449,2.397539,0.7032832,-1
271.1524,2.40665,278.3037,6.81578,354.8124,0.2400879,-1
271.1523,2.406488,278.3045,6.642747,353.2349,359.9472,-1
271.1524,2.406502,278.3039,7.414106,354.3637,359.9721,-1
271.1524,2.406557,278.304,7.272025,354.1937,0.07173366,-1
271.1524,2.406565,278.3036,7.075154,354.9186,0.08599916,-1
271.1525,2.406556,278.3029,6.476575,356.2136,0.06958138,-1
271.1525,2.406495,278.3008,6.026824,359.9521,359.9601,-1
271.1525,2.406534,278.2995,6.055182,2.292201,0.03100181,-1
271.1525,2.406635,278.3001,6.15192,1.183226,0.2117167,-1
271.1525,2.406553,278.3004,6.079194,0.7555882,0.06390059,-1
271.1525,2.406651,278.3018,5.913915,358.1066,0.2420171,-1
271.1517,2.407162,278.3078,7.926723,347.4309,1.165989,-1
271.151,2.406975,278.3107,6.065323,342.0858,0.8242726,-1
271.1506,2.406937,278.3116,5.780225,340.2622,0.755656,-1
271.1506,2.407012,278.3118,5.335582,339.9334,0.8907697,-1
271.1507,2.406897,278.3115,5.077693,340.4243,0.6830925,-1
271.1507,2.406695,278.3115,5.514981,340.4971,0.3202664,-1
271.1507,2.406627,278.3115,5.35214,340.3625,0.1980215,-1
271.1506,2.406766,278.3118,5.099278,339.8243,0.4483019,-1
271.1506,2.406835,278.3118,4.629571,339.9273,0.5709229,-1
271.1513,2.406836,278.3096,2.797446,343.9767,0.5705712,-1
379.764,2.406814,251.2075,2.467972,344.625,0.5325587,-1
379.764,2.406814,251.2076,3.572074,344.4816,0.5323249,-1
379.7639,2.406754,251.2079,3.642298,343.8804,0.4244617,-1
379.7639,2.406641,251.2077,4.073473,344.2408,0.2222253,-1
379.7641,2.406606,251.2071,4.836283,345.2697,0.1598974,-1
379.7631,2.406889,251.2101,6.065059,339.696,0.6696175,-1
379.7623,2.406825,251.2121,5.579864,335.8321,0.5533249,-1
379.7604,2.407138,251.2157,1.336866,328.587,1.11225,-1
379.7578,2.407218,251.2193,2.913121,320.5513,1.257476,-1
379.7639,2.406425,251.2077,4.669086,344.142,359.835,-1
379.7651,2.40639,251.1982,4.165846,1.395588,359.7728,-1
379.7625,2.406043,251.1862,5.992467,23.41393,359.1458,-1
379.7332,1.031517,251.199,0,0,0,exit0
379.7529,2.406116,251.1738,5.851699,51.79522,359.2789,-1
379.7399,2.405107,251.1677,7.162261,77.53026,357.4554,-1
379.7319,2.406733,251.167,6.717505,92.27039,0.3890783,-1
379.7205,2.406955,251.1696,6.972965,113.4442,0.789389,-1
379.7084,2.406349,251.1786,7.219388,140.4974,359.6962,-1
379.7057,2.406726,251.1824,8.327378,148.8961,0.3786477,-1
379.7024,2.407609,251.1901,7.712992,164.1748,1.97243,-1
379.7015,2.407203,251.2041,8.527675,189.4394,1.242574,-1
379.7067,2.406971,251.2169,7.679514,214.3105,0.8201273,-1
379.7112,2.406577,251.2223,7.226632,226.7106,0.1085243,-1
379.7109,2.406504,251.2219,7.786898,225.8604,359.9765,-1
379.7157,2.40802,251.2258,8.520529,237.3356,2.72226,-1
379.7217,2.407298,251.2288,8.041444,249.1702,1.412689,-1
379.7255,2.406816,251.2138,7.544359,242.9735,0.5394807,-1
379.7685,2.406396,251.1289,6.852716,242.7925,359.7817,-1
379.7678,2.408581,251.1283,8.72267,241.9356,3.741419,-1
379.7681,2.407941,251.1285,11.59217,242.5638,2.603217,-1
379.0737,2.407403,250.7768,11.04708,242.8798,1.617149,-1
377.813,2.406571,250.1312,10.58639,242.9286,0.09781741,-1
377.5114,2.407681,249.9748,10.98959,242.2666,2.12272,-1
377.2027,2.407241,249.8108,12.39097,241.9417,1.327445,-1
374.9765,2.406851,248.6306,12.4429,242.3942,0.6117879,-1
373.5187,2.406105,247.8777,11.92646,243.4431,359.2453,-1
371.8458,2.406114,247.0568,11.80337,244.586,359.2621,-1
370.3324,2.406023,246.3429,11.08848,244.5712,359.0975,-1
368.6273,2.406393,245.5189,10.71631,243.438,359.7733,-1
366.9413,2.406708,244.6595,10.70129,241.5051,0.3472888,-1
365.2554,2.405848,243.731,13.34654,241.1519,1.240059,-1
363.5283,2.406917,242.781,13.55621,241.3344,0.7355949,-1
361.2028,2.406142,241.5251,12.57011,242.5265,359.3129,-1
359.4876,2.405171,240.6513,12.67494,244.0717,357.5287,-1
357.3353,2.405088,239.5991,12.80494,243.6478,357.3754,-1
355.2467,2.405455,238.5629,12.88935,243.4789,358.0493,-1
353.1077,2.405732,237.4911,13.1056,243.2244,358.5574,-1
350.8777,2.405938,236.3609,12.42201,242.8996,358.9714,-1
348.7972,2.406139,235.2918,11.45441,242.736,359.3098,-1
346.6741,2.406242,234.1964,11.19245,242.8192,359.6463,-1
344.7159,2.405964,233.1929,10.83309,242.9063,359.0201,-1
342.4912,2.40589,232.0611,10.50479,243.2321,358.8586,-1
340.5433,2.405686,231.0788,11.01393,243.3376,358.4839,-1
338.435,2.405365,230.0202,11.77074,242.9924,357.892,-1
336.4025,2.405383,228.9745,11.96368,242.4589,357.9241,-1
334.6913,2.405602,228.0831,11.89925,242.4429,358.3261,-1
332.5438,2.405833,226.9601,11.81864,242.2373,358.7479,-1
329.8143,2.40542,225.5367,13.0656,242.7845,357.9838,-1
327.7149,2.405383,224.4695,13.89296,243.4731,357.9071,-1
324.6351,2.405478,222.9355,13.60121,243.5665,358.0854,-1
321.7025,2.405557,221.485,13.19151,243.8379,358.2346,-1
318.9777,2.405363,220.1539,13.96697,244.3408,357.8696,-1
316.0238,2.405375,218.731,14.20528,244.2513,357.8894,-1
313.1259,2.405285,217.3369,13.66923,244.4482,357.7293,-1
310.7901,2.398574,216.2229,13.11478,244.625,358.0478,-1
308.1996,2.405544,214.9938,13.33397,244.6774,358.2098,-1
306.0199,2.401567,213.9579,13.48761,244.5517,357.9365,-1
303.6089,2.405211,212.815,12.64401,245.6922,357.6029,-1
300.5511,2.405385,211.5085,14.92407,253.0105,357.9023,-1
299.6902,2.406025,211.22,13.55657,263.454,359.0945,-1
299.6955,2.404747,211.2195,12.10048,275.7722,356.7559,-1
299.6919,1.031517,211.1878,0,0,0,enter1
299.7048,2.404467,211.217,7.708218,293.4399,356.2934,-1
299.7144,2.406998,211.2105,6.376315,314.7727,0.8671315,-1
299.7158,2.408559,211.209,5.384751,318.6753,3.674092,-1
299.7158,2.408558,211.209,5.384751,318.6753,3.674092,-1
299.7153,2.409064,211.2095,7.086283,317.7123,4.600349,-1
299.7135,2.408988,211.2113,8.662199,313.2666,4.479342,-1
299.7193,2.408273,211.2042,8.127287,329.6389,3.177106,-1
299.7205,2.406217,211.2021,8.396431,333.3618,359.457,-1
299.7199,2.404134,211.2031,7.311399,330.8461,355.6945,-1
299.7208,2.402561,211.201,7.085681,334.6476,352.843,-1
299.7208,2.406515,211.2017,5.999132,334.3506,-0.003282487,-1
299.7205,2.407216,211.2021,6.742352,333.4947,1.25966,-1
299.6919,1.031517,211.1878,0,0,0,exit1
299.7205,2.407359,211.2022,10.76672,333.4807,1.534069,-1
299.3822,2.406986,211.8748,11.18347,333.3551,0.8557504,-1
298.0882,2.406704,214.4637,11.11175,333.7192,0.3420792,-1
297.4268,2.406968,215.7938,9.999168,333.093,0.8189047,-1
296.9761,2.402705,216.681,13.87738,332.8078,2.818827,-1
296.1183,2.40797,218.3082,15.84074,331.7584,2.704889,-1
294.5854,2.407408,221.1305,15.17109,331.2545,1.653174,-1
293.249,2.407539,223.5792,13.99304,331.2018,1.88616,-1
291.7019,2.399226,226.379,12.94057,331.1693,359.8127,-1
290.1627,2.3969,229.1802,12.49242,331.531,359.2406,-1
288.6168,2.402157,232.0522,11.91943,331.9757,359.347,-1
287.11,2.406107,234.8909,12.06189,332.2487,359.2504,-1
285.5723,2.400539,237.8093,11.93011,332.4376,358.6921,-1
284.0635,2.405516,240.6887,11.43507,332.4756,358.1712,-1
282.4703,2.405707,243.7559,11.37471,333.026,358.5199,-1
280.995,2.40556,246.6572,11.24566,333.1755,358.2534,-1
279.5263,2.405452,249.5681,11.15129,333.3367,358.0557,-1
278.0132,2.405382,252.581,11.00135,333.4613,357.929,-1
276.7134,2.405491,255.1924,12.31896,333.8808,358.1186,-1
276.6134,2.405665,255.395,10.36537,333.2699,358.4498,-1
276.5847,1.031517,255.381,0,0,0,enter2
276.6137,2.405648,255.3945,6.828039,334.8153,358.4324,-1
276.6145,2.405656,255.3926,6.917975,338.4188,358.4478,-1
276.6166,2.405177,255.3819,6.594914,358.1105,357.5838,-1
276.6118,2.403738,255.3642,5.290689,31.28889,354.9964,-1
276.6073,2.405616,255.3583,5.394212,44.9394,358.3797,-1
276.6051,2.406739,255.3563,5.087106,50.45318,0.3987133,-1
276.6003,2.406243,255.353,6.294552,60.81578,359.5071,-1
276.5841,2.405553,255.349,5.239491,90.86674,358.2664,-1
276.5814,2.405674,255.3492,5.548012,95.7684,358.4838,-1
276.6154,2.407872,255.3721,5.099044,16.40294,2.436639,-1
276.6148,2.408124,255.3917,3.029181,340.5491,2.881908,-1
276.6167,2.406945,255.3815,4.615339,359.1735,0.769053,-1
276.5995,2.404701,255.3527,8.143572,61.93858,356.7126,-1
276.5847,1.031517,255.381,0,0,0,exit2
276.5836,2.405519,255.349,6.529434,91.76662,358.2019,-1
276.5723,2.405395,255.3515,5.502493,112.5664,357.9803,-1
276.5565,2.404897,255.366,4.721087,151.8519,357.0874,-1
276.5528,2.404892,255.3784,5.84848,175.1295,357.0737,-1
276.5538,2.405233,255.3894,4.896056,195.136,357.6915,-1
276.5583,2.404973,255.399,4.940151,214.1873,357.2235,-1
276.5583,2.404581,255.399,5.194286,214.0597,356.5175,-1
276.5634,2.407286,255.3571,7.954451,131.8807,1.390224,-1
276.5774,2.407845,255.3499,5.347579,103.4625,2.389277,-1
276.5794,2.408334,255.3495,5.361133,99.7543,3.269663,-1
276.5767,2.407867,255.35,6.048979,104.7567,2.43146,-1
276.5533,2.406992,255.3748,7.165086,169.0752,0.8579118,-1
276.559,2.406153,255.4,7.354223,216.3418,359.3423,-1
276.5685,2.406531,255.4086,7.656785,239.5904,0.0254941,-1
276.5665,2.406968,255.4073,9.705242,235.4447,0.8195992,-1
276.5658,2.408051,255.4068,8.34227,234.1851,2.777363,-1
276.5704,2.406927,255.4096,9.855276,243.6003,0.7456025,-1
276.575,2.406704,255.4115,11.07978,252.5163,0.3411372,-1
276.5663,2.407284,255.4072,12.24121,235.2655,1.405258,-1
276.5685,2.407772,255.4086,13.64891,240.1798,2.31245,-1
276.5677,2.407652,255.4081,12.90797,238.3136,2.085974,-1
276.5666,2.407577,255.4073,12.95374,235.991,1.948396,-1
276.566,2.407676,255.407,13.27741,234.8638,2.131721,-1
276.5666,2.407578,255.4073,13.36275,235.9315,1.952594,-1
276.5693,2.407557,255.409,13.17076,241.7432,1.912345,-1
276.571,2.40745,255.4099,13.65319,245.2015,1.719642,-1
276.5734,2.40744,255.4109,8.122778,249.4818,1.668688,-1
276.5699,2.408044,255.4093,3.195939,242.5395,2.739075,-1
276.5595,2.408643,255.4006,4.94241,218.2123,3.823199,-1
276.5546,2.408041,255.3918,5.608535,200.0807,2.743159,-1
276.5536,2.407987,255.3884,5.398346,193.7223,2.645438,-1
276.5528,2.408637,255.3817,5.55297,181.7108,3.815739,-1
276.5528,2.407885,255.3828,4.541671,183.3784,2.457945,-1
276.5471,2.40933,255.3038,6.382828,184.0024,5.07409,-1
276.4225,2.403934,253.1426,9.458906,181.4559,9.187825,-1
276.5066,2.409037,252.5694,11.19185,183.7473,4.605071,-1
276.5134,2.407361,252.4861,7.004768,186.6817,1.522632,-1
276.5131,2.407535,252.4828,6.40172,185.4152,1.833952,-1
276.5071,2.407553,252.399,7.614472,182.0456,1.87239,-1
276.5068,2.408073,251.771,8.632185,179.8059,2.818868,-1
276.5081,2.407645,248.1913,8.264317,180.5571,2.040551,-1
276.488,2.406087,246.1219,6.36601,180.745,0.6118177,-1
276.4678,2.406795,244.083,5.421442,180.4332,0.4994684,-1
276.4445,2.407363,242.288,7.225824,180.9833,1.52723,-1
276.3828,2.405347,239.4001,7.102075,181.8895,1.9884,-1
276.292,2.407793,236.9492,6.018746,182.4561,2.298108,-1
276.1991,2.407873,234.5469,5.975537,181.5274,2.44224,-1
276.1299,2.407969,231.7787,5.956604,181.184,2.614344,-1
276.0757,2.407845,229.1305,6.623128,181.6154,2.394647,-1
275.9768,2.408276,226.3573,11.42618,182.5486,3.214585,-1
275.88,2.403712,223.6993,9.696183,181.778,2.804253,-1
275.7646,2.408084,220.6208,11.30777,183.722,2.862332,-1
275.6578,2.408556,218.9777,4.503073,184.4758,3.664607,-1
275.6548,2.4085,218.9399,3.952406,180.5958,3.560383,-1
275.6548,2.40821,218.9382,3.544616,177.6037,3.038727,-1
275.6591,2.408751,218.6196,6.095954,179.427,4.025759,-1
275.6791,2.408311,214.9775,8.323519,180.3213,3.247978,-1
275.6564,2.401066,211.9984,7.390922,180.6124,3.064653,-1
275.6265,2.408476,209.4625,7.159286,180.906,3.537865,-1
275.5284,2.408677,206.6109,8.57897,184.1068,3.915026,-1
275.3024,2.40859,203.6355,9.574,184.8779,3.766634,-1
275.0684,2.40845,200.4803,9.894535,182.8909,3.516145,-1
274.8748,2.400764,198.3424,6.619377,198.3721,4.494786,-1
274.3166,2.408637,196.8604,3.75425,219.0511,3.807249,-1
273.6802,2.408868,196.1051,4.179515,216.7455,4.224458,-1
273.1225,2.409301,194.6454,7.073092,177.9984,5.029793,-1
273.3519,2.408499,193.6049,6.908465,174.7169,3.576341,-1
273.8576,2.407662,191.892,6.866029,174.2812,3.320088,-1
274.1028,2.40734,190.1306,5.854551,171.9065,1.480987,-1
274.3697,2.407642,188.9761,2.871764,154.5937,2.017018,-1
274.8247,2.406686,187.9694,4.066972,158.5645,1.79602,-1
274.8499,2.407034,187.9147,4.070261,168.2868,0.928987,-1
274.8495,2.40701,187.9167,3.585708,171.8125,0.8839763,-1
274.8493,2.406901,187.9183,3.199983,174.6761,0.6879472,-1
274.8493,2.40695,187.9182,1.548032,174.5796,0.7747759,-1
274.8812,1.031517,187.9213,0,0,0,enter0
