*Subject
7
*Layout
3
*Condition
False,True,False
*Marks
316.0421,0,236.4781
323.1292,0,296.0568
275.0752,0,331.9825
*Path
x,y,z,flag
254.836,2.406147,273.9676,0.1187602,349.7175,359.3369,-1
254.8364,2.406384,273.965,358.7866,354.3737,359.7625,-1
254.8365,2.406363,273.9631,357.9304,357.8282,359.7239,-1
254.8364,2.407751,273.9592,359.6245,4.811108,2.2099,-1
254.8364,2.407176,273.959,359.4981,5.089301,1.179666,-1
254.8365,2.406859,273.9615,357.4489,0.6752036,0.6135022,-1
254.8365,2.406062,273.9639,357.338,356.3567,359.1846,-1
254.8365,2.405653,273.9632,358.6584,357.6087,358.4532,-1
254.8365,2.405951,273.9619,357.737,0.05421625,358.985,-1
254.8365,2.404499,273.9631,356.1931,358.0371,356.3768,-1
254.8365,2.405467,273.9633,356.7472,357.6415,358.1168,-1
254.8364,2.405133,273.9649,357.7299,354.5834,357.5186,-1
254.8365,2.405543,273.9639,359.0202,356.4147,358.2554,-1
254.8365,2.407612,273.9641,0.5101563,356.1424,1.961872,-1
254.8364,2.407763,273.9641,1.986689,356.0318,2.232113,-1
254.8365,2.407225,273.9642,2.029778,355.8863,1.268805,-1
254.8365,2.406366,273.9644,1.7124,355.4984,359.7302,-1
254.8365,2.406179,273.9628,0.9421812,358.4052,359.3944,-1
254.8365,2.406511,273.9609,1.340734,1.697275,359.9889,-1
254.8363,2.407453,273.9582,1.994186,6.596524,1.677058,-1
254.8363,2.407377,273.9579,0.7500029,7.222709,1.540579,-1
254.8364,2.407219,273.959,1.56265,5.123003,1.257182,-1
254.8365,2.406391,273.9605,2.788349,2.432943,359.7733,-1
254.8365,2.405542,273.962,2.974857,359.5976,358.2511,-1
254.8365,2.405171,273.963,2.287744,357.9496,357.5878,-1
254.8363,2.40438,273.965,2.664984,354.2132,356.1666,-1
254.8363,2.404696,273.9652,2.102703,353.8098,356.7348,-1
254.8364,2.405403,273.9648,1.556308,354.7289,358.0032,-1
254.8365,2.405965,273.9636,1.285629,356.9178,359.0121,-1
254.8365,2.405909,273.9632,1.836232,357.5728,358.911,-1
254.8365,2.407061,273.9615,4.654239,0.6594294,0.9768561,-1
254.8365,2.408354,273.9601,5.572333,3.460402,3.306262,-1
254.8364,2.408564,273.9603,5.031549,3.192259,3.682537,-1
254.8364,2.408273,273.96,4.755487,3.61051,3.156533,-1
254.8365,2.40838,273.9601,4.659457,3.35686,3.348814,-1
254.8365,2.407105,273.9622,5.856112,359.4368,1.059398,-1
254.8365,2.406588,273.9626,5.93112,358.7229,0.1274584,-1
254.8365,2.406542,273.9608,5.978134,1.921006,0.04446784,-1
254.8365,2.406577,273.9611,6.126779,1.482146,0.1084334,-1
254.8365,2.406525,273.9603,6.287234,2.775068,0.01473801,-1
254.8365,2.406419,273.9612,9.55616,1.226323,359.8216,-1
254.8365,2.4072,273.96,15.15187,3.62585,1.266556,-1
254.8364,2.407815,273.9597,17.31122,4.658576,2.436089,-1
254.8365,2.407033,273.9594,17.14776,4.730034,0.9678035,-1
254.8363,2.404284,273.9587,7.202586,5.211593,355.9657,-1
254.836,2.401323,273.9589,354.3808,6.41038,350.6141,-1
254.8353,2.397835,273.9604,347.4495,6.332601,343.8621,-1
254.8355,2.401917,273.9685,3.574782,347.4228,351.7187,-1
254.8357,2.402519,273.9682,16.14428,346.3813,352.5267,-1
254.8358,2.4051,273.9688,21.37747,346.5226,357.2748,-1
254.8355,2.408022,273.9539,10.87568,14.9292,2.746031,-1
254.8354,2.406307,273.9535,14.39098,15.08782,359.6116,-1
254.8358,2.405993,273.9549,26.59425,12.19905,358.9494,-1
254.8363,2.409815,273.9645,6.420841,355.8949,5.953723,-1
254.8354,2.403787,273.9699,17.63371,343.8031,354.8635,-1
254.8351,2.405113,273.9714,12.91858,342.0296,357.4192,-1
254.8362,2.406158,273.9664,15.63489,351.6884,359.3319,-1
254.8364,2.404441,273.9643,18.53304,354.4746,356.0768,-1
254.8364,2.403109,273.9615,16.59476,358.8699,353.619,-1
254.8364,2.404316,273.9601,18.27002,1.917845,355.8468,-1
254.8359,2.403711,273.9675,17.92616,348.2028,354.7127,-1
254.8316,2.404996,273.9789,14.90705,327.019,357.1806,-1
254.8324,2.407419,273.9775,19.08366,331.2465,1.709267,-1
254.8361,2.407598,273.9673,13.35551,350.7923,1.988568,-1
254.8322,2.405143,273.9779,13.95612,329.3527,357.4642,-1
254.8312,2.408075,273.9795,14.5237,327.2034,2.883399,-1
254.8346,2.40239,273.972,23.01259,338.2945,351.9451,-1
254.8357,2.40495,273.969,17.99137,346.2342,357.0485,-1
254.8281,2.408278,273.9834,16.73672,318.5046,3.295234,-1
254.8343,2.410619,273.9508,39.20918,26.42871,9.522284,-1
254.8364,2.403278,273.9613,36.06746,356.7584,352.8056,-1
254.836,2.405585,273.956,35.60324,9.360169,357.9464,-1
254.8331,2.407953,273.9475,37.46338,28.75105,3.241115,-1
254.8305,2.406789,273.9432,35.34026,36.11959,0.5969009,-1
254.8221,2.403872,273.9352,32.53624,53.60366,354.3728,-1
254.805,2.405006,273.9299,33.41651,87.325,356.7565,-1
254.7856,2.406103,273.9361,31.14002,125.9352,359.1341,-1
254.7731,2.407409,273.9562,31.89767,170.7536,1.882091,-1
254.7764,2.406395,273.977,31.42466,208.1242,359.7444,-1
254.7872,2.405944,273.9888,36.55383,236.4753,358.7238,-1
254.7953,2.405104,273.9925,35.37225,251.4097,356.8951,-1
254.7964,2.404352,273.9927,31.95711,252.7444,355.4255,-1
254.7932,2.406228,273.9918,30.17799,248.9069,359.4003,-1
254.7877,2.40566,273.9891,33.4775,237.2083,358.1592,-1
254.7836,2.403775,273.9859,32.81471,225.7983,354.1485,-1
254.7833,2.405543,273.9858,29.91932,227.4167,357.9871,-1
254.7912,2.407492,273.9909,28.76911,246.2927,1.991982,-1
254.8067,2.408864,273.9937,28.02631,276.1446,4.767228,-1
254.8202,2.407628,273.9897,34.85277,300.7482,2.425182,-1
254.8256,2.405459,273.986,38.74274,309.6004,357.5709,-1
254.8225,2.404066,273.9883,31.43691,301.5659,354.8494,-1
254.8127,2.405596,273.9928,28.0088,283.9243,358.1314,-1
254.7991,2.406237,273.9934,32.48153,259.805,359.4045,-1
254.789,2.404743,273.9898,31.97286,238.9729,356.2533,-1
254.7856,2.406225,273.9876,27.23797,233.3943,359.4123,-1
254.7858,2.407715,273.9878,28.9671,235.3625,2.451967,-1
254.782,2.40798,273.9845,29.75081,226.5859,3.01818,-1
254.7751,2.40657,273.9744,42.0074,203.0615,0.127724,-1
254.7802,2.405324,273.9825,45.11543,218.1048,356.9715,-1
254.7847,2.40518,273.9869,51.69699,228.5362,356.1347,-1
254.8053,2.404378,273.9938,37.57027,268.2968,355.1622,-1
254.8202,2.401664,273.9893,43.92634,291.2173,347.8434,-1
254.8237,2.403898,273.9874,44.43171,302.1855,353.4196,-1
254.8129,2.406488,273.9928,39.68516,285.1223,359.9326,-1
254.7907,2.4064,273.9907,41.65093,244.1611,359.7188,-1
254.7766,2.403246,273.9771,39.30011,203.6669,352.4099,-1
254.7738,2.405088,273.9706,45.20073,193.1624,356.3662,-1
254.7738,2.409328,273.9702,44.56482,200.0872,7.082075,-1
254.7747,2.404107,273.9505,56.79702,152.4981,352.0957,-1
254.7745,2.401645,273.9521,61.47695,145.5514,341.4074,-1
254.773,2.411437,273.9597,39.12246,183.3596,11.43108,-1
254.7731,2.409888,273.9666,36.99846,193.1666,7.57916,-1
254.7755,2.4084,273.9752,60.02364,210.4084,6.762797,-1
254.7763,2.407963,273.9769,73.97573,217.0711,9.421688,-1
254.7812,2.406843,273.9838,79.51991,226.3975,3.213407,-1
254.7816,2.406699,273.9842,78.9939,225.7915,1.710906,-1
254.7816,2.406718,273.9841,79.05073,225.9362,1.891414,-1
254.7816,2.406732,273.9841,79.10699,226.0571,2.039777,-1
254.7815,2.406721,273.9841,79.30281,225.9485,1.966648,-1
254.7815,2.406739,273.9841,79.42754,226.1192,2.162039,-1
254.7815,2.406739,273.9841,79.43961,226.108,2.170241,-1
254.7815,2.40675,273.9841,79.67534,226.2568,2.331316,-1
254.7815,2.406738,273.9841,79.61327,226.106,2.19664,-1
254.7815,2.40674,273.9841,79.61011,226.0991,2.212782,-1
254.7815,2.406745,273.9841,79.5925,226.1266,2.265435,-1
254.7815,2.406754,273.9841,79.58061,226.1933,2.351459,-1
254.7815,2.406762,273.984,79.57073,226.247,2.424939,-1
254.7815,2.406765,273.984,79.54353,226.2507,2.444301,-1
254.7815,2.406768,273.984,79.52896,226.2631,2.477852,-1
254.7815,2.40677,273.984,79.50216,226.26,2.490396,-1
254.7815,2.406776,273.984,79.61448,226.3505,2.57322,-1
254.7815,2.406781,273.984,79.77717,226.4579,2.667097,-1
254.7815,2.406792,273.984,79.96873,226.6294,2.829489,-1
254.7815,2.406802,273.984,80.12498,226.7853,2.974302,-1
254.7815,2.406811,273.984,80.28068,226.9426,3.122983,-1
254.7815,2.406817,273.984,80.40769,227.0534,3.228238,-1
254.7815,2.406817,273.984,80.51676,227.0995,3.267068,-1
254.7815,2.406824,273.9841,80.60784,227.2106,3.371232,-1
254.7815,2.406827,273.9841,80.68256,227.2706,3.429927,-1
254.7815,2.406828,273.9841,80.77294,227.3279,3.479406,-1
254.7815,2.406833,273.9841,80.85753,227.4142,3.566247,-1
254.7815,2.406837,273.9841,80.91762,227.4836,3.63841,-1
254.7815,2.406841,273.9841,80.98611,227.5507,3.70746,-1
254.7815,2.406837,273.9841,81.03336,227.5288,3.685128,-1
254.7815,2.406836,273.9841,81.06448,227.5182,3.671704,-1
254.7815,2.406841,273.9841,81.12339,227.6078,3.756859,-1
254.7815,2.406843,273.9841,81.1552,227.6508,3.801215,-1
254.7815,2.406845,273.9841,81.18504,227.6892,3.837128,-1
254.7815,2.406852,273.9841,81.24591,227.7951,3.938922,-1
254.7815,2.406852,273.9841,81.25821,227.7992,3.947884,-1
254.7815,2.406853,273.9841,81.28842,227.8255,3.969388,-1
254.7815,2.406852,273.9841,81.30649,227.8356,3.970834,-1
254.7815,2.406848,273.9841,81.32687,227.8022,3.935739,-1
254.7815,2.406853,273.9841,81.35344,227.8695,4.000153,-1
254.7815,2.406855,273.9841,81.38622,227.9144,4.040477,-1
254.7815,2.406852,273.9841,81.4002,227.9063,4.021645,-1
254.7815,2.406854,273.9841,81.40886,227.9346,4.047115,-1
254.7815,2.406855,273.9841,81.43028,227.9453,4.057227,-1
254.7815,2.406856,273.9841,81.41748,227.9641,4.071012,-1
254.7815,2.406861,273.9841,81.41473,228.0303,4.131578,-1
254.7815,2.406858,273.9841,81.43191,227.998,4.103769,-1
254.7815,2.406857,273.9841,81.45078,227.9952,4.091789,-1
254.7815,2.406857,273.9841,81.4538,228.0063,4.101016,-1
254.7815,2.406858,273.9841,81.46834,228.0145,4.117478,-1
254.7815,2.406863,273.9841,81.47053,228.0818,4.184288,-1
254.7815,2.406863,273.9841,81.48602,228.0892,4.18662,-1
254.7815,2.406861,273.9841,81.46655,228.0568,4.156195,-1
254.7815,2.406858,273.9841,81.45732,228.0195,4.112871,-1
254.7815,2.406863,273.9841,81.4708,228.0839,4.176277,-1
254.7815,2.406855,273.9841,81.45458,227.991,4.079205,-1
254.7815,2.406862,273.9841,81.48752,228.0903,4.178355,-1
254.7815,2.406863,273.9841,81.51346,228.1176,4.20459,-1
254.7815,2.406865,273.9841,81.51793,228.1431,4.226603,-1
254.7815,2.406865,273.9841,81.52768,228.1535,4.228413,-1
254.7815,2.406865,273.9841,81.509,228.1457,4.221707,-1
254.7815,2.406867,273.9841,81.50816,228.1709,4.24723,-1
254.7815,2.406866,273.9841,81.49873,228.1508,4.232572,-1
254.7815,2.406865,273.9841,81.4987,228.1388,4.217192,-1
254.7815,2.406864,273.9841,81.5158,228.1325,4.217791,-1
254.7815,2.406861,273.9841,81.51022,228.0883,4.177314,-1
254.7815,2.406857,273.9841,81.4937,228.0261,4.119305,-1
254.7815,2.406858,273.9841,81.52446,228.0502,4.146091,-1
254.7815,2.406856,273.9841,81.50095,228.0052,4.10361,-1
254.7815,2.406861,273.9841,81.53474,228.0836,4.191405,-1
254.7815,2.406868,273.9841,81.55797,228.1716,4.284611,-1
254.7815,2.40687,273.9841,81.58702,228.203,4.326122,-1
254.7815,2.406865,273.9841,81.57634,228.1213,4.256605,-1
254.7815,2.406865,273.9841,81.56432,228.1141,4.254364,-1
254.7815,2.406862,273.9841,81.58035,228.0767,4.222172,-1
254.7815,2.406862,273.9841,81.58844,228.0662,4.221971,-1
254.7815,2.406863,273.9841,81.59061,228.0844,4.242812,-1
254.7815,2.406862,273.9841,81.57452,228.0528,4.214117,-1
254.7815,2.406862,273.9841,81.5944,228.0633,4.22391,-1
254.7815,2.406858,273.9841,81.58884,228.0205,4.183523,-1
254.7815,2.406859,273.9841,81.55222,228.0071,4.172624,-1
254.7815,2.406862,273.984,81.55543,228.0412,4.213448,-1
254.7815,2.406866,273.984,81.40115,228.0013,4.185969,-1
254.7815,2.406854,273.984,81.20268,227.7564,3.942602,-1
254.7815,2.406882,273.984,81.26149,228.107,4.30028,-1
254.7815,2.406865,273.984,81.02515,227.792,3.99436,-1
254.7815,2.406873,273.984,81.09502,227.9194,4.127904,-1
254.7815,2.406869,273.984,81.09039,227.8656,4.071761,-1
254.7815,2.406872,273.984,81.09581,227.8962,4.104701,-1
254.7815,2.406868,273.984,81.08822,227.8384,4.053656,-1
254.7815,2.406875,273.984,81.06899,227.9001,4.126149,-1
254.7815,2.406869,273.984,81.03384,227.8169,4.051544,-1
254.7815,2.406875,273.984,81.07565,227.8979,4.138345,-1
254.7815,2.406872,273.984,81.00082,227.8203,4.064516,-1
254.7814,2.406896,273.984,80.78101,227.9706,4.236622,-1
254.7814,2.406886,273.984,80.69695,227.8213,4.086612,-1
254.7814,2.406894,273.984,80.78171,227.942,4.216749,-1
254.7814,2.406891,273.984,80.74781,227.8915,4.173689,-1
254.7814,2.406896,273.984,80.7597,227.9351,4.226731,-1
254.7814,2.4069,273.984,80.74287,227.9688,4.268594,-1
254.7814,2.406898,273.984,80.72401,227.934,4.237845,-1
254.7814,2.406901,273.984,80.74539,227.9694,4.275887,-1
254.7814,2.4069,273.984,80.74969,227.9605,4.275496,-1
254.7814,2.406895,273.984,80.71886,227.8778,4.201082,-1
254.7814,2.406896,273.984,80.74503,227.8977,4.220769,-1
254.7814,2.40689,273.984,80.70242,227.8137,4.138794,-1
254.7814,2.406888,273.984,80.74242,227.8036,4.13399,-1
254.7814,2.406937,273.984,81.11064,228.5648,4.869039,-1
254.7816,2.406767,273.9842,80.12045,226.8577,2.606929,-1
254.7816,2.406953,273.9841,81.47108,229.2989,5.276401,-1
254.7792,2.407264,273.9814,78.56372,224.2156,6.76356,-1
254.7777,2.406901,273.9793,79.73383,216.9076,3.860094,-1
254.7759,2.407633,273.976,90,206.2661,0,-1
254.7789,2.411173,273.9804,76.4392,253.3635,38.35096,-1
254.7897,2.404471,273.9901,72.14252,230.7757,347.9659,-1
254.798,2.402994,273.993,78.39281,225.4774,326.8221,-1
254.8099,2.405479,273.9934,86.35578,248.9538,329.3035,-1
254.8089,2.409295,273.9935,84.54365,343.6806,65.91673,-1
254.8176,2.404414,273.991,76.05779,278.7905,344.1722,-1
254.8323,2.403435,273.9774,77.6171,304.5743,333.3091,-1
254.83,2.405819,273.9813,70.03938,319.2805,356.3376,-1
254.8342,2.402264,273.973,55.96201,327.9895,346.2634,-1
254.8353,2.404424,273.9705,46.07096,340.5055,354.5908,-1
254.8355,2.403437,273.9693,43.05622,341.3194,352.4305,-1
254.8354,2.40034,273.9678,40.11969,339.5602,345.3782,-1
254.8351,2.398257,273.9663,35.34088,340.8465,341.5534,-1
254.835,2.397708,273.9662,34.91491,340.458,340.384,-1
254.8349,2.39748,273.9662,34.9614,339.9908,339.8438,-1
254.835,2.397617,273.9662,34.96697,340.1776,340.1611,-1
254.835,2.397711,273.9663,34.24387,340.4367,340.5557,-1
254.8349,2.397283,273.9663,32.65328,340.5252,339.9563,-1
254.8351,2.397959,273.9664,32.39283,341.4966,341.5363,-1
254.8351,2.398142,273.9662,32.67463,342.0411,341.8856,-1
254.8351,2.39787,273.9662,33.06654,341.357,341.1887,-1
254.835,2.397619,273.9663,33.04834,340.8802,340.6262,-1
254.8346,2.39682,273.9669,30.05262,339.9746,339.5053,-1
254.8338,2.394814,273.9675,26.27518,337.8989,335.9309,-1
254.8333,2.393498,273.9672,23.38007,338.3683,333.6893,-1
254.8336,2.393762,273.9658,24.36156,341.0183,334.0526,-1
254.8334,2.392964,273.965,41.88104,329.0268,325.3297,-1
254.8326,2.391327,273.965,49.95852,313.7563,312.4509,-1
254.8331,2.392186,273.9644,54.08282,311.3019,310.2317,-1
254.8331,2.392112,273.9637,53.90639,312.5648,310.1682,-1
254.8328,2.391832,273.9647,53.31431,310.5137,309.8132,-1
254.8328,2.39174,273.965,53.20927,309.6563,309.5523,-1
254.8327,2.391601,273.9649,53.79435,307.8242,307.8951,-1
254.8328,2.391728,273.9648,54.64499,306.843,306.9933,-1
254.8326,2.391626,273.9659,49.59803,313.6859,314.115,-1
254.8332,2.392959,273.966,33.30843,333.9198,329.5389,-1
254.8288,2.385886,273.9654,11.24326,342.1797,318.902,-1
254.8307,2.388157,273.9622,4.663032,355.9329,324.8543,-1
254.8342,2.394858,273.9651,355.4978,355.6168,338.5639,-1
254.8346,2.397031,273.9673,345.7519,354.1997,342.1904,-1
254.8354,2.399401,273.9666,339.3838,356.2856,346.2553,-1
254.8357,2.400955,273.9669,341.0619,354.3273,349.4123,-1
254.8358,2.401589,273.9664,340.8605,354.9336,350.6187,-1
254.8361,2.403972,273.9666,345.6614,352.6922,355.2906,-1
254.8359,2.407191,273.9684,359.4864,348.1171,1.207152,-1
254.8359,2.406578,273.9684,3.216239,348.2585,0.1088659,-1
254.8356,2.406862,273.9695,4.856181,346.3307,0.6206229,-1
254.8354,2.406777,273.9703,5.98996,344.821,0.4681864,-1
254.8352,2.406667,273.9712,8.427925,343.1155,0.2708612,-1
254.8351,2.406278,273.9715,9.708396,342.4207,359.5662,-1
254.8349,2.406387,273.9719,11.81852,341.7034,359.7619,-1
254.8359,2.407264,273.9684,9.669038,348.5009,1.357285,-1
254.8364,2.406505,273.9651,6.672748,354.1616,359.9785,-1
254.8362,2.405606,273.9667,6.07831,351.1983,358.3589,-1
254.8364,2.406105,273.9653,9.553669,353.8,359.252,-1
254.8363,2.405093,273.966,10.35334,352.1715,357.4073,-1
254.8354,2.404804,273.9703,14.13195,343.9331,356.8348,-1
254.8343,2.403521,273.9733,13.84402,337.6723,354.467,-1
254.835,2.40633,273.9716,11.46335,342.2304,359.6588,-1
254.8346,2.405267,273.9728,9.118686,339.702,357.7325,-1
254.8344,2.405858,273.9735,8.692995,338.4789,358.806,-1
254.8344,2.405776,273.9734,7.238199,338.7828,358.6631,-1
254.8346,2.405662,273.9729,1.581536,339.8488,358.4672,-1
254.8348,2.406378,273.9724,3.291852,340.7201,359.7507,-1
254.8349,2.406718,273.972,3.498368,341.67,0.3616459,-1
254.8348,2.406253,273.9723,4.48994,341.0408,359.5251,-1
254.8347,2.405954,273.9724,5.265229,340.6004,358.9878,-1
254.8346,2.405719,273.973,7.595275,339.5627,358.5591,-1
254.8344,2.404806,273.9732,12.50852,338.619,356.8608,-1
254.8342,2.404639,273.9737,15.77161,337.3106,356.5034,-1
254.8348,2.404135,273.9721,16.68412,340.0666,355.5426,-1
254.8351,2.406056,273.9715,14.41424,342.2306,359.1473,-1
254.8347,2.406178,273.9726,13.32974,340.1974,359.3755,-1
254.8347,2.406193,273.9727,14.99235,340.0064,359.3992,-1
254.8342,2.40533,273.9739,11.93442,337.4762,357.8278,-1
254.8341,2.405922,273.9742,1.710324,337.3908,358.934,-1
254.8342,2.405968,273.9739,359.6021,337.9904,359.0175,-1
254.8341,2.405692,273.9741,2.262608,337.5392,358.5219,-1
254.8335,2.404483,273.9754,3.249726,334.7749,356.3491,-1
254.8338,2.405004,273.9748,2.912443,336.0593,357.2852,-1
254.8349,2.406519,273.9722,4.095885,341.2316,0.004357959,-1
254.8348,2.406523,273.9723,3.766841,340.9423,0.01126795,-1
254.8347,2.406363,273.9724,3.850911,340.6724,359.7245,-1
254.8346,2.406246,273.973,4.699447,339.6964,359.5125,-1
254.834,2.405112,273.9742,4.168705,337.1458,357.4772,-1
254.8346,2.405833,273.9728,1.227538,339.9249,358.7755,-1
254.8342,2.405517,273.9739,1.579353,337.7884,358.2089,-1
254.8339,2.405228,273.9745,3.093596,336.6998,357.6874,-1
254.8345,2.405604,273.9732,6.325243,339.0928,358.3552,-1
254.8338,2.405279,273.9749,5.879726,335.8473,357.7713,-1
254.8335,2.405223,273.9755,5.120639,334.6077,357.6728,-1
254.8334,2.404972,273.9757,4.935686,334.2003,357.2227,-1
254.8333,2.405119,273.9758,4.04602,333.971,357.4908,-1
254.8327,2.404505,273.9769,4.966259,331.6578,356.3811,-1
254.8323,2.404594,273.9776,5.278035,330.1452,356.5404,-1
254.8329,2.404366,273.9765,5.49569,332.4046,356.1267,-1
254.833,2.40437,273.9764,5.910609,332.5783,356.1322,-1
254.833,2.403999,273.9763,4.835668,332.8398,355.4707,-1
254.8329,2.404087,273.9766,5.033898,332.0964,355.6283,-1
254.8327,2.404267,273.977,5.458527,331.4219,355.9497,-1
254.8332,2.404474,273.976,5.175425,333.3709,356.3248,-1
254.8335,2.404846,273.9754,4.508652,334.704,356.9971,-1
254.8351,2.406094,273.9713,4.65192,342.8813,359.2401,-1
254.8362,2.405733,273.9666,4.267421,351.3053,358.5914,-1
254.8356,2.404091,273.9694,2.887105,346.2367,355.6458,-1
254.8345,2.404527,273.9729,2.341635,339.6675,356.4314,-1
254.8346,2.404909,273.9726,3.264493,340.1631,357.1152,-1
254.8347,2.404929,273.9725,3.343752,340.3824,357.1501,-1
254.8342,2.404959,273.9738,2.771169,338.0017,357.2067,-1
254.8329,2.404734,273.9767,2.727236,332.1911,356.8016,-1
254.8328,2.404587,273.9768,2.985266,331.9487,356.5371,-1
254.8326,2.404534,273.9772,3.235813,331.2084,356.4423,-1
254.8306,2.403992,273.9803,3.278383,324.5897,355.4673,-1
254.8285,2.403876,273.983,3.71327,318.2614,355.2551,-1
254.829,2.404077,273.9824,4.287847,319.6902,355.6142,-1
254.8295,2.40423,273.9818,4.914258,320.9756,355.8872,-1
254.8295,2.404224,273.9818,5.320023,321.0678,355.8739,-1
254.8296,2.404263,273.9817,5.330285,321.2762,355.9425,-1
316.0682,2.404475,236.4965,5.528517,324.6074,356.324,-1
316.0724,2.405334,236.4883,5.664233,341.2084,357.8705,-1
316.0739,2.405649,236.4741,4.729398,7.15654,358.4403,-1
316.0738,2.405313,236.4741,5.135471,7.13206,357.8344,-1
316.074,2.405199,236.4765,5.936421,2.712894,357.6263,-1
316.074,2.406329,236.4761,4.778728,3.677351,359.6616,-1
316.0739,2.406445,236.4744,3.12799,6.790279,359.8708,-1
316.074,2.405501,236.4756,3.6801,4.37943,358.177,-1
316.074,2.405483,236.4759,2.998388,4.012291,358.1454,-1
316.074,2.405457,236.4762,3.297613,3.450522,358.0986,-1
316.074,2.405623,236.4762,3.074197,3.474669,358.3975,-1
316.0739,2.40557,236.4746,4.276276,6.240409,358.3,-1
316.0421,1.031517,236.4781,0,330,0,exit0
316.0739,2.405592,236.4748,5.625155,5.794426,358.3351,-1
316.0739,2.405579,236.475,4.539844,5.482794,358.3156,-1
316.075,2.406037,236.4859,4.421392,4.679735,359.1373,-1
316.1812,2.405419,237.5345,5.006958,7.950513,358.0266,-1
316.3826,2.406226,239.08,5.338205,5.750378,359.476,-1
316.5234,2.398772,240.7301,4.757228,4.369987,359.2525,-1
316.6533,2.403598,242.4699,5.055673,3.771351,359.1113,-1
316.7787,2.406233,244.3367,5.787642,3.583004,359.4893,-1
316.9101,2.405727,246.3457,5.415313,5.650119,358.5792,-1
317.1086,2.405779,248.3059,5.463387,6.053625,358.673,-1
317.3478,2.405851,250.5969,5.731029,5.000828,358.8011,-1
317.5472,2.405659,252.9438,5.067659,4.80352,358.9667,-1
317.7617,2.405607,255.4269,4.959869,5.075089,358.3642,-1
317.9814,2.404297,257.8469,4.452024,5.240331,358.5262,-1
318.2057,2.40571,260.3245,4.341073,5.230626,358.551,-1
318.437,2.403494,262.8396,4.098018,5.411505,358.3535,-1
318.6744,2.405662,265.2741,3.940106,5.659128,358.4654,-1
318.9255,2.405582,267.8089,3.982095,5.800293,358.3211,-1
319.1911,2.405786,270.3265,3.434762,7.327335,358.6893,-1
319.5339,2.405057,272.9102,3.256258,7.811364,357.3805,-1
319.8607,2.402751,275.4402,3.534811,6.780491,358.388,-1
320.1707,2.405381,278.0287,4.153828,7.032715,357.9601,-1
320.4861,2.405324,280.6186,3.53699,6.830938,357.8585,-1
320.7859,2.405378,283.1343,3.46363,7.037491,357.957,-1
321.11,2.405026,285.7212,3.306692,7.418152,357.3245,-1
321.4445,2.398244,288.3207,2.734385,7.067737,357.0989,-1
321.7462,2.404872,290.7775,2.266102,6.881364,357.051,-1
322.0443,2.404806,293.2755,1.93986,6.430765,356.933,-1
322.3165,2.404444,295.8283,3.66486,4.737023,356.9286,-1
322.3534,1.023759,296.6178,0,330,0,enter1
322.3859,2.396456,296.6231,4.422862,2.265633,356.0576,-1
322.3859,2.395834,296.6258,4.138899,0.886304,354.9398,-1
322.3856,2.395787,296.6304,3.457848,352.6131,354.8581,-1
322.384,2.395194,296.6371,3.278728,340.1378,353.7908,-1
322.3785,2.395681,296.6468,2.026816,320.1367,354.6732,-1
322.374,2.395947,296.6513,0.4588295,308.8311,355.1552,-1
322.3718,2.39587,296.6529,1.28942,303.8658,355.0149,-1
322.3718,2.395978,296.6529,0.9765931,303.9124,355.2104,-1
322.3723,2.399152,296.6527,359.2171,304.8881,0.8997676,-1
322.3729,2.398175,296.6522,359.105,306.3655,359.1503,-1
322.3741,2.39713,296.6512,0.2657572,309.1384,357.2771,-1
322.374,2.397335,296.6514,1.855535,308.6422,357.6434,-1
322.3732,2.397207,296.652,3.606685,306.8832,357.411,-1
322.354,1.02365,296.6265,0,330,0,exit1
322.3729,2.396855,296.6522,3.916148,306.1397,356.7778,-1
322.2894,2.405089,296.7186,4.201778,308.9585,357.4587,-1
321.7972,2.405513,297.1131,4.469787,308.4512,358.197,-1
320.7778,2.403243,297.926,5.568994,309.0411,358.556,-1
319.5602,2.402797,298.9081,5.115246,308.5745,358.7768,-1
318.2445,2.406058,299.9446,4.458645,306.2772,359.1757,-1
316.8329,2.406068,300.978,5.188877,306.4109,359.1926,-1
315.3425,2.406198,302.0762,5.392416,305.9851,359.4251,-1
313.7039,2.405964,303.269,5.457627,306.1483,359.0052,-1
311.8327,2.406041,304.6387,5.426102,306.4494,359.1443,-1
309.9802,2.406223,306.0089,5.709729,306.569,359.4715,-1
308.0766,2.406139,307.4177,5.504255,306.2993,359.32,-1
306.0588,2.40594,308.898,5.428006,306.1064,358.9629,-1
304.035,2.406068,310.3719,5.551173,306.0817,359.192,-1
302.08,2.406381,311.7943,5.554813,305.6419,359.7545,-1
300.1078,2.406409,313.2064,6.425721,305.7473,359.8047,-1
298.0417,2.404816,314.7083,8.05283,306.4604,0.005079885,-1
295.9729,2.403188,316.2303,8.456585,304.8526,359.7003,-1
293.9288,2.406089,317.6176,8.1362,303.462,359.2252,-1
291.9764,2.406358,318.9571,7.423975,307.9916,359.7127,-1
289.9871,2.40534,320.5221,6.445589,308.9844,357.8793,-1
288.2025,2.395665,321.9302,6.118479,306.834,357.6672,-1
286.3718,2.403141,323.3122,5.191613,307.2642,357.5149,-1
284.4521,2.405043,324.7727,5.706592,307.1361,357.346,-1
282.5631,2.405313,326.1962,5.607412,306.6742,357.8327,-1
280.4676,2.405352,327.7561,5.480808,306.4867,357.9036,-1
278.4879,2.396454,329.2206,5.125597,306.4917,357.7354,-1
276.4225,2.403856,330.7566,5.555434,306.9517,357.5443,-1
275.2495,2.405006,331.6417,5.155372,306.6201,357.2824,-1
275.1779,1.031517,331.6558,0,330,0,enter2
275.1966,2.40481,331.6817,4.951208,306.3827,356.9311,-1
275.1955,2.404741,331.6825,6.286077,303.9285,356.7991,-1
275.191,2.40419,331.685,3.306635,294.9248,355.8216,-1
275.1794,2.403771,331.6879,2.741888,273.1188,355.0717,-1
275.1626,2.403969,331.6843,1.88924,242.0037,355.4298,-1
275.1499,2.404952,331.6722,2.377424,210.1488,357.1942,-1
275.1457,2.404738,331.659,0.4060561,185.1136,356.8137,-1
275.1462,2.404426,331.6494,358.9361,168.0295,356.2528,-1
275.1476,2.405615,331.6447,359.8545,159.0723,358.3842,-1
275.1478,2.40524,331.6442,0.5475114,158.0725,357.7117,-1
275.1461,2.405669,331.6501,2.963286,169.1139,358.4787,-1
275.1459,2.405593,331.6508,3.305934,170.3851,358.3426,-1
275.1775,1.031517,331.6561,0,330,0,exit2
275.1459,2.405307,331.6509,2.939417,170.5006,357.8305,-1
275.1502,2.404929,331.6283,3.361159,168.8294,357.1508,-1
275.4317,2.399923,330.2087,4.011227,169.0004,357.6423,-1
275.7574,2.405374,328.4933,3.680894,170.3123,357.9491,-1
276.0466,2.40533,326.7947,3.551999,170.3465,357.8706,-1
276.3911,2.402076,324.837,3.91581,169.2102,357.5401,-1
276.7539,2.404927,322.919,3.429438,169.6566,357.1459,-1
277.1061,2.405633,320.896,2.926816,170.649,358.4151,-1
277.4695,2.405855,318.7358,3.398366,170.0517,358.812,-1
277.8276,2.405255,316.6487,3.519031,170.6132,357.735,-1
278.1854,2.400821,314.436,3.269948,171.0529,357.2617,-1
278.5217,2.405465,312.3615,3.361454,170.5606,358.1129,-1
278.8729,2.40358,310.1945,3.836312,171.3239,356.5182,-1
279.207,2.404956,308.0022,3.791169,171.162,357.1978,-1
279.5652,2.400831,305.7254,3.959995,171.1685,357.6852,-1
279.9182,2.404401,303.2436,4.109222,173.252,356.1981,-1
280.1866,2.404521,300.9114,3.899606,173.661,356.4162,-1
280.4544,2.404877,298.5275,3.494577,173.3048,357.0569,-1
280.7159,2.404767,296.3065,3.646651,173.2979,356.859,-1
281.0097,2.396297,293.8637,3.720087,172.9185,357.1507,-1
281.3119,2.396071,291.4312,3.690024,172.9946,357.1258,-1
281.6202,2.405027,288.9504,3.556406,172.7841,357.3262,-1
281.9488,2.404981,286.3589,3.475306,172.8218,357.2434,-1
282.277,2.398006,283.7547,3.459941,172.9017,356.9206,-1
282.5941,2.404717,281.2057,3.22309,172.9138,356.7707,-1
282.9074,2.40464,278.6818,3.265456,172.8038,356.6314,-1
283.2451,2.39901,275.9949,4.166758,172.892,356.3099,-1
283.3859,2.404195,274.8451,3.192175,173.7042,355.833,-1
283.3872,2.403436,274.8353,3.561474,173.1174,354.4646,-1
283.4188,1.031517,274.8389,0,330,0,enter0
