*Subject
3
*Layout
7
*Condition
True,False,False
*Marks
256.0575,0,292.2645
247.5886,0,232.8665
191.9135,0,210.5031
*Path
x,y,z,flag
190.1504,2.407106,251.7735,356.8617,177.5482,5.348291,-1
190.154,2.4045,251.7657,357.6632,184.7129,358.9831,-1
190.1545,2.40395,251.7693,359.4741,191.2501,357.9998,-1
190.155,2.403896,251.7714,359.132,195.0803,357.903,-1
190.1583,2.401837,251.779,358.3574,210.0484,354.2046,-1
190.1658,2.40081,251.7877,2.265542,230.3588,352.3502,-1
190.168,2.403176,251.7896,2.119334,235.763,356.6097,-1
190.1667,2.402533,251.7886,3.234843,232.8166,355.4508,-1
190.1649,2.403312,251.7872,2.12109,228.907,356.8545,-1
190.1696,2.40295,251.7906,5.309799,239.0221,356.1912,-1
190.1767,2.402433,251.7937,0.576372,253.3166,355.2794,-1
190.1785,2.402109,251.7941,1.020492,256.5544,354.6956,-1
190.1756,2.401513,251.7932,359.2956,251.1444,353.6224,-1
190.1717,2.402849,251.7917,2.151396,243.4857,356.0226,-1
190.1668,2.403925,251.7888,0.4302776,233.3358,357.9557,-1
190.1648,2.403458,251.7872,357.218,229.0056,357.1141,-1
190.1608,2.402864,251.783,350.6666,219.0502,355.9997,-1
190.1601,2.402597,251.7819,350.6106,216.7475,355.5135,-1
190.1608,2.403113,251.7829,354.557,218.5642,356.4847,-1
190.1614,2.402737,251.7836,359.7555,219.9942,355.8248,-1
190.1616,2.402952,251.7839,359.9655,220.5761,356.2101,-1
190.1618,2.403082,251.7841,0.03168792,220.9932,356.4449,-1
190.1618,2.403428,251.7841,0.06222005,221.0952,357.0646,-1
190.1618,2.403304,251.7841,359.9872,221.0185,356.8423,-1
190.1617,2.403325,251.7841,0.2299609,220.9149,356.879,-1
190.1618,2.403248,251.7841,0.3756042,221.0589,356.7419,-1
190.1618,2.403382,251.7841,0.8117762,221.09,356.9814,-1
190.1618,2.403453,251.7842,0.8698575,221.2302,357.1085,-1
190.1618,2.403616,251.7842,1.47884,221.2461,357.4016,-1
190.1619,2.403603,251.7843,2.850155,221.4285,357.3749,-1
190.162,2.403649,251.7844,2.788741,221.553,357.4573,-1
256.0335,2.402243,292.2856,3.019746,221.2545,357.2835,-1
256.0331,2.402345,292.2852,3.28268,220.3055,357.4662,-1
256.0264,2.403672,292.2722,3.115143,193.9277,359.846,-1
256.0269,2.403582,292.2737,3.12739,196.8463,359.6861,-1
256.0272,2.403128,292.2749,2.343121,199.0116,358.8717,-1
256.0272,2.402767,292.2748,2.960179,198.7223,358.2243,-1
256.0273,2.403104,292.2752,2.372643,199.6136,358.8291,-1
256.0273,2.403166,292.2751,0.5431755,199.4328,358.9408,-1
256.0272,2.403431,292.2747,1.324604,198.7478,359.4165,-1
256.0272,2.403484,292.2749,1.947584,199.0928,359.5107,-1
256.0274,2.40315,292.2753,1.934728,199.8556,358.9121,-1
256.0269,2.40319,292.2738,0.7354181,197.0213,358.9831,-1
256.0575,1.028757,292.2645,0,330,0,exit0
256.1893,2.405907,292.194,2.477723,193.1633,358.9069,-1
255.938,2.404719,289.7981,3.817662,190.1234,356.7711,-1
255.6583,2.406088,286.351,2.956426,187.0785,359.2302,-1
255.0751,2.404968,281.243,3.19269,188.0464,357.2216,-1
254.2721,2.405807,276.5958,0.9440877,194.2437,358.7282,-1
253.1791,2.406438,271.9394,1.941117,192.2195,359.8593,-1
252.1739,2.40267,266.9516,4.931455,189.7798,0.7742859,-1
251.3843,2.406583,262.4673,5.318352,190.2676,0.1187172,-1
250.5094,2.406686,257.6383,5.979121,190.2605,0.304161,-1
249.6947,2.403796,252.9787,6.412939,189.8316,358.502,-1
248.9789,2.406705,249.0337,6.24305,190.3657,0.6170127,-1
248.2073,2.407797,244.8315,5.492781,190.3458,2.303542,-1
247.5058,2.408216,240.962,4.768172,190.5401,3.054881,-1
246.7194,2.408441,236.7647,5.81879,190.1265,3.464803,-1
246.5141,1.031517,235.4552,0,330,0,enter1
246.4824,2.407602,235.4597,3.877721,194.3137,1.94736,-1
246.4815,2.398461,235.4546,3.877721,194.3137,1.94736,-1
246.4815,2.398461,235.4546,3.877721,194.3137,1.94736,-1
246.4807,2.398478,235.4499,5.188596,185.7546,1.980561,-1
246.481,2.397951,235.4521,4.587873,189.6783,1.031534,-1
246.4924,2.396602,235.4716,3.270221,230.8193,358.6113,-1
246.4966,2.396013,235.4744,5.136413,239.7726,357.5489,-1
246.4976,2.394943,235.4749,4.728252,241.7833,355.6247,-1
246.4996,2.394265,235.4759,8.206435,245.2974,354.3626,-1
246.4968,2.394906,235.4745,7.975605,239.8532,355.5292,-1
246.4972,2.393544,235.4745,12.45544,239.5947,352.9558,-1
246.4976,2.393431,235.4747,12.98002,240.2187,352.7318,-1
246.497,2.395478,235.4747,7.289567,240.5288,356.5722,-1
246.5125,1.022376,235.4467,0,330,0,exit1
244.4726,2.403842,234.3331,7.897598,240.9349,355.1583,-1
241.7998,2.403259,232.8588,9.243243,241.489,354.0788,-1
238.5391,2.402727,231.0954,9.951789,241.7175,353.0943,-1
235.4045,2.398182,229.429,10.54942,242.6268,352.9962,-1
232.1875,2.402116,227.7385,11.57119,242.0659,351.9305,-1
229.4037,2.402105,226.2775,11.22478,242.9218,351.919,-1
226.7023,2.394441,224.9148,11.25073,244.2592,352.0012,-1
223.5652,2.403171,223.4624,10.85765,247.149,353.8882,-1
220.7528,2.401112,222.3356,9.498108,252.2932,356.5525,-1
218.1697,2.405647,221.4864,8.571719,255.5642,358.4244,-1
216.496,2.40789,220.3963,6.849566,250.4225,2.476325,-1
212.3508,2.407945,218.4619,9.208077,251.8682,2.591558,-1
209.0149,2.40581,217.0943,11.30826,252.7522,1.667828,-1
205.4555,2.40679,215.5591,12.89653,251.6833,0.5021142,-1
202.0003,2.405471,214.1074,11.71527,256.1584,358.0865,-1
198.9904,2.405267,213.1122,11.62055,255.9938,357.7135,-1
195.7213,2.405139,212.1566,10.91303,255.509,357.4871,-1
192.4534,1.026516,211.1006,0,330,0,enter2
192.3021,2.405204,211.0729,9.58569,254.4431,357.6157,-1
192.088,2.404488,210.985,7.289307,253.7614,356.8409,-1
192.0882,2.405088,210.9851,7.675491,254.6324,357.9214,-1
192.0955,2.405645,210.9862,5.66781,268.0432,358.9325,-1
192.1177,2.403324,210.978,6.400719,311.1335,354.7411,-1
192.1273,2.401739,210.9616,8.89296,345.179,351.8186,-1
192.1279,2.400242,210.9527,10.30232,0.7673887,349.0209,-1
192.1274,2.401565,210.9474,13.59129,10.34248,351.3578,-1
192.1275,2.403645,210.9465,11.99274,12.9227,355.2477,-1
192.1274,2.404877,210.9459,13.6483,14.3652,357.49,-1
192.1251,2.403983,210.94,14.39115,25.41529,355.8276,-1
192.1246,2.402511,210.9394,13.52584,26.12356,353.1195,-1
192.1242,2.403733,210.9383,13.03172,28.82353,355.3898,-1
192.0965,1.031238,210.9542,0,330,0,exit2
192.7789,2.404172,212.1887,9.285286,31.85683,355.7426,-1
193.8574,2.403991,214.0587,3.14678,36.657,355.4649,-1
194.7182,2.403134,215.1484,0.6068061,42.44024,353.931,-1
197.1605,2.399086,217.8204,0.3355368,42.14946,355.0951,-1
199.5583,2.404464,220.5046,358.3234,41.23692,356.3197,-1
201.8175,2.404921,223.0489,357.1238,42.47675,357.1374,-1
203.7011,2.404755,225.1113,356.756,42.28134,356.8386,-1
205.6514,2.404715,227.2578,356.8058,42.30515,356.7665,-1
208.3495,2.403965,230.2883,2.13986,37.7217,355.4236,-1
211.0631,2.404222,233.9595,5.37442,37.31134,355.8684,-1
213.9193,2.403485,237.7838,4.270418,36.94048,355.8295,-1
216.3967,2.404652,241.1406,3.962178,36.95531,356.6509,-1
218.8712,2.395398,244.5154,4.676007,36.77726,356.6416,-1
221.4259,2.404669,248.0231,4.872165,35.08041,356.6772,-1
223.8196,2.404777,251.5706,5.394629,34.72861,356.8688,-1
225.7805,2.403874,254.491,7.231791,32.75562,355.2252,-1
227.8582,2.403656,258.0707,7.022061,33.17902,354.8316,-1
229.9809,2.403465,261.3424,7.992558,33.79254,354.4729,-1
232.1174,2.403857,264.5389,7.482381,34.34924,355.1916,-1
234.2988,2.404226,268.1207,7.746368,33.7219,355.8563,-1
236.3204,2.404434,271.3674,7.796414,32.39374,356.233,-1
238.2319,2.404001,274.8328,5.395348,28.32481,355.4707,-1
238.9062,2.399453,276.4365,12.00467,25.93206,359.8554,-1
238.8514,1.031517,276.4688,0,330,0,enter0
