*Subject
10
*Layout
7
*Condition
False,True,True
*Marks
287.7227,0,266.804
320.483,0,216.5386
293.3306,0,163.0354
*Path
x,y,z,flag
320.4307,2.405759,199.3053,7.194311,140.1429,358.6315,-1
320.5616,2.405126,199.146,6.077975,141.2972,357.4943,-1
320.5576,2.405477,199.1518,7.56152,153.8431,358.1207,-1
320.5551,2.405145,199.1592,11.0564,167.81,357.4967,-1
320.5544,2.40547,199.1637,12.4785,175.9226,358.0805,-1
320.5544,2.405303,199.1648,14.29948,177.8179,357.7573,-1
320.5544,2.40512,199.1662,14.83387,180.2316,357.4119,-1
320.5544,2.404319,199.1664,14.02086,180.2912,355.9397,-1
320.5544,2.404651,199.1666,14.61522,180.6217,356.5441,-1
320.5544,2.405155,199.1673,15.80001,182.1866,357.4644,-1
320.5544,2.405701,199.1674,15.39771,182.5484,358.4842,-1
320.5544,2.405792,199.1667,13.63159,181.4609,358.6631,-1
320.5544,2.405895,199.165,13.52548,178.3937,358.8545,-1
320.5544,2.405628,199.1637,13.66376,175.9193,358.3625,-1
320.5544,2.405631,199.1631,12.57935,175.0197,358.3746,-1
320.5544,2.405544,199.1632,9.292474,175.1225,358.2351,-1
320.5544,2.405681,199.1643,3.853055,177.3437,358.4998,-1
320.5544,2.405277,199.1654,1.899803,179.3637,357.777,-1
320.5544,2.4053,199.1651,2.122582,178.7704,357.8187,-1
320.5544,2.405197,199.1649,3.587098,178.2611,357.6305,-1
320.5544,2.405272,199.1649,3.981366,178.3112,357.7649,-1
320.5544,2.405344,199.1647,4.000576,178.0172,357.8942,-1
320.5546,2.404081,199.1631,3.532514,174.9464,355.6253,-1
320.56,2.402475,199.1481,8.15495,145.13,352.6694,-1
320.5817,2.401622,199.1345,3.822262,97.89685,351.1819,-1
320.5989,2.402237,199.1366,4.791414,66.05371,352.2862,-1
320.6087,2.402682,199.1431,5.735411,44.64211,353.082,-1
320.61,2.403596,199.1443,7.876478,41.45417,354.7136,-1
320.6088,2.404466,199.1431,8.496691,44.66906,356.2844,-1
320.6083,2.404265,199.1425,8.297594,46.08472,355.9214,-1
320.608,2.404612,199.1423,9.002405,46.7151,356.5442,-1
320.6069,2.405089,199.1413,5.562264,49.70465,357.4307,-1
320.6058,2.404752,199.1404,7.426514,52.18144,356.812,-1
320.601,2.40467,199.1373,18.51634,61.6196,356.5103,-1
320.5932,2.40598,199.1345,18.07656,77.36271,358.9882,-1
320.5848,2.404699,199.1338,32.52359,90.66481,356.1356,-1
320.5814,2.397848,199.1353,45.228,82.78259,337.3767,-1
320.5843,2.402662,199.134,10.12827,92.50538,352.9708,-1
320.5884,2.404114,199.1339,24.35436,84.33776,355.2724,-1
320.5729,2.406912,199.1367,27.68234,115.1353,0.7987642,-1
320.5612,2.414442,199.1476,15.9067,148.3651,14.92219,-1
320.558,2.406702,199.1509,32.86535,152.6606,0.3931418,-1
320.5556,2.406327,199.157,22.35178,163.9323,359.6332,-1
320.5548,2.408838,199.1608,29.33148,173.4349,4.772386,-1
320.5612,2.40301,199.1463,27.04884,139.0293,352.9318,-1
320.5624,2.403565,199.1447,18.86327,136.8548,354.4052,-1
320.5877,2.406817,199.1338,37.26353,88.01263,0.6743544,-1
320.5907,2.405634,199.134,21.0554,81.55372,358.3058,-1
320.6008,2.408824,199.1373,31.39613,65.53641,4.84464,-1
320.5986,2.407515,199.1362,34.81162,68.67473,2.177137,-1
320.5983,2.410469,199.1363,41.80158,74.38161,9.5357,-1
320.5746,2.409007,199.1361,35.90057,114.9027,5.512049,-1
320.579,2.409829,199.1347,37.43191,107.7903,7.487825,-1
320.5804,2.411111,199.1346,39.51489,107.7806,10.72394,-1
320.582,2.409554,199.1342,37.69434,101.9698,6.888862,-1
320.6005,2.404178,199.1371,28.71092,61.4357,355.219,-1
320.617,2.40788,199.1566,26.74255,17.81059,2.734403,-1
320.6154,2.402502,199.153,25.72898,20.18805,351.9926,-1
320.6032,2.40975,199.1387,18.29187,59.92234,6.108572,-1
320.5798,2.408429,199.1345,28.10114,103.5742,3.883795,-1
320.5649,2.407443,199.142,22.83434,132.8142,1.799817,-1
320.5702,2.404118,199.1382,32.46992,117.6853,354.9015,-1
320.5985,2.40841,199.1362,28.35628,69.46797,3.853669,-1
320.6171,2.400791,199.1591,29.73412,6.295476,348.1077,-1
320.6146,2.40278,199.1511,28.77398,23.70622,352.3423,-1
320.616,2.406782,199.1538,35.19728,22.20082,0.5805597,-1
320.6107,2.404716,199.1451,29.65301,38.38924,356.2874,-1
320.6114,2.401269,199.1465,36.98113,30.32996,348.154,-1
320.5898,2.410467,199.1342,27.4764,87.39249,7.996559,-1
320.5603,2.407489,199.1472,21.9885,145.2366,1.877404,-1
320.565,2.408962,199.142,23.07761,133.8183,4.763444,-1
320.569,2.412456,199.1395,36.18642,131.5078,13.29449,-1
320.5643,2.40996,199.1428,27.04145,137.1104,6.93828,-1
320.5765,2.409768,199.1354,35.93895,112.1859,7.20881,-1
320.5867,2.409084,199.1339,26.48148,91.63287,5.141752,-1
320.5926,2.403395,199.1345,17.83848,76.91273,354.1172,-1
320.5941,2.403759,199.1348,24.81171,73.55518,354.55,-1
320.6002,2.408867,199.137,23.9528,66.07223,4.609715,-1
320.6016,2.404839,199.1376,33.29116,59.5308,356.4029,-1
320.605,2.407893,199.1398,29.23539,55.67498,2.823508,-1
320.5997,2.40706,199.1367,28.66637,65.77709,1.109041,-1
320.6141,2.407452,199.1499,35.6113,30.9377,2.059011,-1
320.6064,2.408767,199.1409,61.87551,58.69401,8.579516,-1
320.6035,2.412501,199.1394,49.16021,69.65388,16.61738,-1
320.606,2.407079,199.1404,74.33884,55.79713,3.728182,-1
320.6136,2.409622,199.1492,78.26268,59.21687,28.49226,-1
320.6144,2.406292,199.1503,83.77969,25.07277,356.2748,-1
320.616,2.409743,199.1541,84.20059,115.2875,93.87601,-1
320.6162,2.407687,199.1543,82.15207,36.34587,15.52972,-1
320.6165,2.407618,199.1551,85.73804,46.90065,27.57597,-1
320.6169,2.410048,199.1567,82.64118,75.72945,59.48605,-1
320.6111,2.40713,199.1455,81.09921,46.26567,7.116154,-1
320.6102,2.407435,199.1444,86.15031,67.07244,25.28971,-1
320.6154,2.410176,199.1527,83.31232,103.2502,79.0918,-1
320.6058,2.405841,199.1404,87.04005,28.42329,335.8646,-1
320.5914,2.409111,199.1342,81.90948,115.8584,35.17751,-1
320.5787,2.406678,199.1347,74.12833,104.8382,1.053463,-1
320.5793,2.409482,199.1347,73.07671,120.6648,18.55788,-1
320.5863,2.406375,199.1337,72.58401,89.2639,359.1482,-1
320.5969,2.405851,199.1355,72.838,66.99596,355.9582,-1
320.6074,2.407992,199.1417,70.48403,56.17027,7.928392,-1
320.6146,2.411273,199.1516,67.93651,48.33944,23.30738,-1
320.6177,2.411027,199.161,69.30284,30.68061,23.5036,-1
320.6183,2.408318,199.1673,69.34245,5.790036,9.179836,-1
320.6182,2.406767,199.1686,69.56619,356.0238,1.284215,-1
320.6183,2.407433,199.1654,69.48711,4.949564,4.685205,-1
320.6177,2.409705,199.1606,69.8993,25.25175,16.84915,-1
320.6168,2.409702,199.1565,67.95976,31.15625,15.38202,-1
320.616,2.409062,199.1541,66.36864,32.0076,11.44548,-1
320.6162,2.407337,199.1543,68.11562,24.63012,3.940519,-1
320.6165,2.408067,199.1552,71.93409,27.76488,8.986101,-1
320.6146,2.412742,199.1521,71.4968,62.02933,37.80684,-1
320.6151,2.410165,199.1523,69.34348,42.81909,18.85455,-1
320.6133,2.40622,199.1484,63.34571,31.65122,358.8138,-1
320.6113,2.40701,199.1456,69.28828,41.24413,2.497563,-1
320.614,2.405303,199.1497,73.04949,22.89263,352.5229,-1
320.6118,2.407084,199.1463,69.13896,39.97998,2.851253,-1
320.6113,2.406898,199.1456,81.94337,43.75854,4.877992,-1
320.6092,2.411023,199.1438,81.90364,135.0204,91.19922,-1
320.6011,2.408732,199.1375,85.83154,170.2527,107.7819,-1
320.5929,2.408518,199.1345,85.46197,130.2733,52.22316,-1
320.5994,2.40841,199.1366,82.34691,91.96059,26.37349,-1
320.593,2.405675,199.1344,83.30268,65.03523,346.9621,-1
320.5889,2.407252,199.1339,83.36304,96.81701,11.45732,-1
320.5851,2.409599,199.1339,81.45785,132.3193,40.41898,-1
320.5795,2.406175,199.1345,81.62543,98.20693,355.795,-1
320.5751,2.409111,199.1359,81.80801,144.9807,34.67647,-1
320.5756,2.407638,199.1356,82.4747,125.0687,15.51108,-1
320.5745,2.408245,199.1361,84.0006,142.7585,31.1,-1
320.5722,2.40784,199.1371,84.51609,141.8347,25.63288,-1
320.5703,2.407861,199.1381,82.78248,139.5151,19.52079,-1
320.5811,2.405306,199.1342,81.73324,84.32722,344.7391,-1
320.6036,2.406839,199.1388,90,57.27436,0,-1
320.6141,2.404897,199.1498,79.07735,14.63441,344.5036,-1
320.6183,2.407429,199.1653,85.5886,159.0674,158.2409,-1
320.6168,2.398604,199.1596,75.46535,291.4978,279.8356,-1
320.6174,2.400699,199.1608,78.75227,257.347,248.7722,-1
320.6172,2.402511,199.1585,82.34704,263.0669,250.0634,-1
320.6165,2.401107,199.1563,80.12299,277.5779,260.2559,-1
320.6165,2.401597,199.156,81.1152,293.341,275.4128,-1
320.6166,2.402418,199.1563,82.4547,300.035,282.6859,-1
320.6169,2.401441,199.1577,80.63374,271.7028,257.071,-1
320.6175,2.399675,199.1628,77.26659,261.0694,255.9295,-1
320.6175,2.399284,199.1672,76.69444,256.0573,259.1395,-1
320.6172,2.398375,199.1669,74.91852,255.3869,257.9298,-1
320.6176,2.399727,199.166,77.52385,258.4359,259.1555,-1
320.6168,2.399086,199.1721,76.11411,243.1857,255.3728,-1
320.613,2.398409,199.1815,75.2481,233.4551,264.3098,-1
320.6082,2.396062,199.1867,70.38151,212.1056,256.6829,-1
320.6063,2.395023,199.1879,68.58799,210.9865,259.6888,-1
320.6061,2.394644,199.1879,67.89077,211.4357,260.3494,-1
320.6057,2.393054,199.1874,64.70164,210.5716,259.8935,-1
320.605,2.392338,199.1875,63.04763,207.1513,257.854,-1
320.6058,2.391973,199.1865,62.07118,207.4728,256.0277,-1
320.6119,2.394134,199.1804,66.25758,222.7035,253.9644,-1
320.6174,2.398951,199.1666,76.02216,256.2377,258.2156,-1
320.6161,2.39587,199.1606,70.40073,272.1096,262.7037,-1
320.617,2.398558,199.161,73.30998,247.7198,240.0065,-1
320.618,2.407995,199.1614,81.78326,169.0208,161.1399,-1
320.6172,2.414959,199.1652,70.93042,128.7438,126.1469,-1
320.6176,2.401609,199.1609,79.21343,314.1599,304.9688,-1
320.6172,2.404334,199.1578,85.77432,262.0912,247.7623,-1
320.6173,2.40398,199.158,85.25051,300.8446,286.7794,-1
320.6171,2.404013,199.1572,83.15817,236.3174,221.0634,-1
320.6166,2.403476,199.1557,84.19546,308.4008,290.0285,-1
320.6169,2.404341,199.1564,85.50403,257.1258,240.1925,-1
320.6165,2.405752,199.1548,87.06042,352.1219,332.2094,-1
320.6116,2.403416,199.1463,76.32622,14.07502,335.8016,-1
320.6061,2.405326,199.1406,42.02594,49.86101,357.1287,-1
320.5969,2.393834,199.1383,19.14098,60.23506,335.1944,-1
320.5977,2.396543,199.1375,0.6862498,67.98964,341.838,-1
320.596,2.401196,199.1357,349.3207,74.0029,350.2576,-1
320.5963,2.40349,199.1355,347.029,73.13595,354.4299,-1
320.5964,2.404107,199.1355,346.1964,72.60455,355.5519,-1
320.5969,2.40601,199.1355,352.8188,70.90662,359.0843,-1
320.597,2.404197,199.1357,358.4042,70.65508,355.8414,-1
320.5984,2.404045,199.1362,0.8180155,67.69763,355.5696,-1
320.5985,2.406473,199.1361,3.999991,67.5997,359.9212,-1
320.597,2.406281,199.1355,3.897716,70.61504,359.5757,-1
320.5965,2.406233,199.1354,4.081399,71.50964,359.4908,-1
320.5983,2.406474,199.136,1.848984,68.11169,359.9221,-1
320.5965,2.406616,199.1354,3.72659,71.48613,0.1771975,-1
320.597,2.407064,199.1356,5.370859,70.68131,0.983937,-1
320.5969,2.406673,199.1355,5.685816,70.82524,0.2802892,-1
320.5971,2.406978,199.1356,6.481127,70.44226,0.8299664,-1
320.5971,2.406978,199.1356,6.481127,70.44226,0.829967,-1
320.5971,2.406978,199.1356,6.481127,70.44226,0.829967,-1
320.5974,2.406586,199.1357,5.124503,69.8961,0.1230503,-1
320.5967,2.407134,199.1354,4.648378,71.28574,1.107188,-1
320.5966,2.407492,199.1354,6.958428,71.6421,1.758236,-1
320.597,2.407084,199.1356,6.816503,70.6297,1.021411,-1
320.5967,2.407288,199.1354,8.27317,71.39726,1.394392,-1
320.5968,2.407314,199.1355,8.160624,71.17633,1.442177,-1
320.5967,2.407279,199.1355,8.18152,71.37084,1.378892,-1
320.5967,2.407279,199.1355,8.18152,71.37083,1.378891,-1
320.5964,2.40732,199.1353,9.123902,71.95365,1.456985,-1
320.5955,2.407071,199.1351,7.783056,73.57593,1.001103,-1
320.5976,2.40731,199.1358,7.183656,69.64439,1.430053,-1
320.5964,2.407184,199.1353,7.141296,71.91895,1.202983,-1
320.5954,2.407451,199.1351,8.234497,73.77037,1.68913,-1
320.5947,2.407463,199.1348,8.426552,75.22139,1.712875,-1
320.5948,2.407465,199.1349,9.184646,74.88982,1.719773,-1
320.595,2.407318,199.1349,9.058036,74.57423,1.452609,-1
320.5949,2.407101,199.1349,9.355109,74.69716,1.059036,-1
320.595,2.407083,199.1349,9.541229,74.49001,1.028166,-1
320.595,2.407099,199.1349,9.448253,74.47039,1.056372,-1
320.595,2.407038,199.1349,8.980259,74.37534,0.943841,-1
320.5954,2.407148,199.135,9.180273,73.77827,1.144869,-1
320.5955,2.407047,199.135,9.368086,73.66348,0.9609243,-1
320.5956,2.407016,199.1351,9.079359,73.3036,0.9051856,-1
320.5959,2.407114,199.1352,9.350815,72.68436,1.083447,-1
320.5964,2.406818,199.1353,9.271976,71.81805,0.5455279,-1
320.5966,2.406699,199.1354,9.283466,71.33442,0.3304038,-1
320.5981,2.406679,199.136,6.854426,68.41759,0.2927532,-1
320.598,2.407048,199.1359,8.386953,68.76154,0.961085,-1
320.5964,2.406583,199.1354,9.058655,71.61588,0.1198099,-1
320.5969,2.406441,199.1355,8.256552,70.66492,359.8624,-1
320.5966,2.406788,199.1354,9.228135,71.4176,0.4907281,-1
320.5969,2.406484,199.1355,7.897293,70.65257,359.9397,-1
320.5976,2.406927,199.1358,5.352888,69.497,0.7364784,-1
320.5965,2.406715,199.1354,6.383566,71.59133,0.3561092,-1
320.5964,2.407362,199.1354,8.101457,71.90679,1.527766,-1
320.5964,2.406912,199.1353,11.85994,71.8569,0.7224684,-1
320.5969,2.406408,199.1355,14.16636,70.66225,359.7991,-1
320.5965,2.406367,199.1354,12.16538,71.48685,359.7243,-1
320.5957,2.406636,199.1351,9.954227,72.98511,0.2170195,-1
320.5951,2.406777,199.1349,9.912757,74.18888,0.4734074,-1
320.5944,2.407304,199.1348,8.463749,75.62598,1.423931,-1
320.5947,2.406884,199.1349,8.406199,74.92097,0.6642628,-1
320.595,2.407181,199.1349,9.409256,74.47855,1.204709,-1
320.5976,2.406955,199.1358,9.976181,69.5171,0.7961614,-1
320.6022,2.406581,199.138,9.953527,60.19808,0.1163023,-1
320.6058,2.406362,199.1403,10.67496,52.53614,359.717,-1
320.6075,2.40606,199.1418,10.57954,48.39661,359.1673,-1
320.608,2.406278,199.1422,9.84752,47.42718,359.566,-1
320.6071,2.405618,199.1414,8.971796,49.31017,358.3705,-1
320.6055,2.406129,199.1401,7.702984,53.20469,359.2987,-1
320.6031,2.406614,199.1385,9.529037,58.48544,0.1761118,-1
320.6042,2.405684,199.1392,10.40004,55.72692,358.4825,-1
320.6062,2.405875,199.1407,11.50988,51.37967,358.8271,-1
320.6064,2.406066,199.1408,11.8078,51.02882,359.1754,-1
320.6063,2.405931,199.1407,9.717668,51.18415,358.9363,-1
320.6068,2.405803,199.1411,9.77261,50.02293,358.7022,-1
320.6068,2.405983,199.1411,9.887512,50.13564,359.0298,-1
320.6066,2.406079,199.141,10.05918,50.53305,359.2035,-1
320.6068,2.405713,199.1411,11.10134,50.1477,358.5333,-1
320.6069,2.405774,199.1412,11.10562,49.81353,358.6433,-1
320.6071,2.406113,199.1414,11.06735,49.50899,359.2631,-1
320.6072,2.40622,199.1414,11.32769,49.25871,359.4579,-1
320.6072,2.406192,199.1415,11.20927,49.14705,359.4066,-1
320.6076,2.4061,199.1418,11.62774,48.25168,359.2373,-1
320.6077,2.40606,199.1419,11.61134,47.93699,359.1644,-1
320.608,2.406383,199.1422,11.662,47.40998,359.7542,-1
320.6082,2.406377,199.1423,11.44512,47.03096,359.7451,-1
320.6081,2.406334,199.1423,11.4672,47.07126,359.666,-1
320.6081,2.406259,199.1423,11.49345,47.02842,359.5281,-1
287.7446,2.406266,266.7806,11.62938,46.87656,359.5405,-1
287.7445,2.406316,266.7805,11.08587,47.07076,359.6332,-1
287.7279,2.405446,266.7724,7.682081,80.4697,358.0649,-1
287.7128,2.406729,266.7736,8.181652,108.1398,0.3843608,-1
287.7456,2.404451,266.7817,9.264158,43.62127,356.2499,-1
287.752,2.404541,266.7912,8.067438,23.09991,356.4239,-1
287.7258,2.405106,266.7722,7.736852,84.04498,357.45,-1
287.6944,2.403848,266.7893,8.512798,151.8835,355.1622,-1
287.6913,2.403804,266.7988,8.919841,169.7725,355.0764,-1
287.6943,2.404801,266.7893,7.725873,152.1758,356.8979,-1
287.6954,2.405033,266.7874,8.902579,148.3699,357.3089,-1
287.6962,2.405121,266.7862,9.841552,145.7163,357.4629,-1
287.7227,1.031517,266.804,0,45,0,exit0
287.6967,2.405308,266.7855,8.475398,144.2432,357.8117,-1
288.9241,2.405145,265.0253,8.273087,149.8766,357.5166,-1
290.6442,2.405122,262.0939,8.697909,146.8763,357.473,-1
293.585,2.405066,257.7523,8.529595,145.0661,357.3726,-1
296.6865,2.405218,253.3325,8.624142,144.3567,357.6473,-1
299.8318,2.402194,248.9963,8.717877,143.7439,357.2776,-1
303.0764,2.40404,244.6463,9.124966,142.9184,355.5038,-1
306.4701,2.399087,240.1671,9.314079,141.8094,355.1353,-1
309.7719,2.403629,235.8984,9.469247,142.6553,354.7511,-1
313.0712,2.393799,231.5257,9.836495,144.2315,354.7354,-1
315.9824,2.403935,227.5162,10.18324,143.3976,355.2982,-1
318.1744,2.40393,223.8396,10.48532,143.2676,355.2834,-1
319.5844,2.403284,220.2727,9.68055,144.7671,354.1169,-1
319.9544,1.031517,219.1832,0,45,0,enter1
320.0422,2.397279,218.8174,9.672037,154.652,355.0995,-1
320.0413,2.398079,218.8288,9.143701,185.5645,355.0346,-1
320.0429,2.397703,218.8359,8.143636,198.5831,354.368,-1
320.0429,2.397703,218.8359,8.143638,198.5831,354.368,-1
320.043,2.398428,218.8364,8.935009,199.692,355.675,-1
320.043,2.398281,218.8365,8.596305,199.805,355.4117,-1
320.0434,2.398031,218.8374,8.342046,201.5626,354.9623,-1
320.0435,2.398444,218.8376,8.40889,202.0946,355.7098,-1
320.0436,2.398294,218.8379,9.210036,202.4048,355.4288,-1
320.0436,2.398487,218.8379,9.966698,202.3932,355.7699,-1
320.0433,2.39869,218.8373,9.981215,201.4612,356.1403,-1
320.0433,2.398847,218.8373,11.04745,201.3392,356.4136,-1
320.0729,1.025812,218.8253,0,45,0,exit1
319.7905,2.404758,218.1689,11.38489,200.925,356.7859,-1
318.5125,2.404411,214.8292,11.79508,201.0678,356.1454,-1
317.2253,2.404367,211.5199,11.63492,201.2015,356.0666,-1
315.8861,2.402385,208.0599,11.1959,201.0503,355.4067,-1
314.5944,2.403732,204.6951,11.15742,201.046,354.9107,-1
313.308,2.403501,201.3936,11.24615,201.9548,354.4844,-1
312.0548,2.403718,198.358,11.19985,202.8772,354.8834,-1
310.8023,2.397707,195.4017,11.28009,202.8999,354.5936,-1
309.5502,2.402985,192.5465,11.36642,203.2902,353.6791,-1
307.895,2.403579,188.6844,11.15139,203.0118,354.6304,-1
306.0153,2.403658,184.3602,11.99238,201.4346,354.7603,-1
304.0766,2.402707,179.1694,11.97013,199.7957,355.4715,-1
302.2984,2.401939,174.4803,11.88805,203.2204,356.0394,-1
300.4178,2.404136,170.3092,12.30199,202.0094,355.6333,-1
298.0794,2.404454,166.8876,10.84071,221.6214,356.2356,-1
296.4709,2.403687,166.9804,11.02312,234.1047,354.8312,-1
295.5914,2.400705,167.0673,11.91907,225.2935,354.3266,-1
295.0381,2.403994,166.9014,12.61776,225.326,355.3646,-1
293.4877,2.403999,165.4249,13.57693,227.8693,355.3576,-1
291.8747,1.031517,163.9344,0,45,0,enter2
291.5065,2.403176,163.6548,11.73373,230.8802,354.8963,-1
291.4959,2.402741,163.6418,11.57326,251.549,354.2573,-1
291.5137,2.403466,163.6422,12.66112,284.0746,355.5667,-1
291.529,2.403857,163.6329,10.69665,316.9207,356.3125,-1
291.5345,2.403301,163.6246,8.847372,334.9204,355.3231,-1
291.5362,2.403852,163.6199,7.118748,344.0844,356.339,-1
291.5364,2.403981,163.619,8.023361,345.8591,356.5667,-1
291.5364,2.404158,163.6191,10.01935,345.4641,356.8685,-1
291.536,2.404016,163.6206,9.568786,342.7376,356.6155,-1
291.536,2.404545,163.6206,10.7387,342.779,357.5686,-1
291.536,2.404763,163.6208,10.63564,342.6605,357.9667,-1
291.536,2.404229,163.6207,10.87603,342.5821,356.9902,-1
291.5054,1.030879,163.6114,0,45,0,exit2
291.5361,2.404581,163.6202,10.77135,343.6061,357.633,-1
291.5362,2.404128,163.6199,11.24368,344.0128,356.8019,-1
291.5336,2.403878,163.628,10.31365,342.2721,357.0525,-1
291.2849,2.402633,164.3801,11.02803,341.6788,357.2701,-1
290.4169,2.404707,166.9904,10.77288,341.96,356.7,-1
289.6456,2.404561,169.3146,11.18489,341.7124,356.4271,-1
288.8875,2.404623,171.5872,12.09684,341.278,356.5299,-1
288.0593,2.404617,174.042,13.8872,341.7082,356.4929,-1
286.9691,2.404546,177.274,14.66215,341.8459,356.3507,-1
285.7755,2.404655,180.8866,14.61763,341.4607,356.5531,-1
284.5129,2.404471,184.6822,14.81807,341.6544,356.2084,-1
283.2396,2.402936,188.5232,14.94347,341.689,355.9878,-1
281.8656,2.404328,192.6323,14.70935,341.4484,355.9446,-1
280.455,2.404346,196.8288,14.5942,341.2607,355.9793,-1
278.9924,2.404444,201.1456,14.49644,341.2563,356.1634,-1
277.4248,2.401824,205.745,14.10174,341.1048,356.0839,-1
275.9095,2.404341,210.1424,14.46984,341.0658,355.972,-1
274.2628,2.404346,214.9534,14.19505,341.1907,355.9882,-1
272.636,2.404367,219.7119,14.04025,340.9505,356.0294,-1
270.9931,2.404602,224.4541,13.76194,340.6856,356.4677,-1
269.3812,2.404642,229.0377,13.61592,340.5055,356.5442,-1
267.7352,2.394976,233.6739,13.11966,340.3694,356.5356,-1
266.0568,2.404563,238.4027,11.42615,340.7093,356.428,-1
264.4847,2.404874,242.9277,11.02393,340.3579,357.0015,-1
263.6137,2.405094,245.3612,11.93409,339.7594,357.395,-1
263.3725,1.031517,246.0249,0,45,0,enter0
