*Subject
4
*Layout
0
*Condition
True,True,True
*Marks
350.0543,0,282.0252
296.2397,0,209.8865
254.5916,0,240.9554
*Path
x,y,z,flag
169.6976,2.406856,261.9497,1.890653,220.593,0.6070201,-1
169.6951,2.406824,261.9463,357.328,214.4942,0.5499964,-1
169.6917,2.40766,261.9399,357.1398,201.5009,2.049715,-1
169.6916,2.406358,261.9396,352.9561,201.0097,359.713,-1
169.6963,2.403871,261.9478,351.356,218.735,355.2012,-1
169.6959,2.403205,261.9471,344.9029,218.0898,353.8466,-1
169.6939,2.404994,261.9443,340.6048,211.3761,357.1075,-1
169.69,2.407594,261.9341,340.1654,190.0653,2.051007,-1
169.6899,2.406811,261.9334,340.0122,189.3171,0.5597235,-1
169.6895,2.408364,261.9293,342.0694,180.9432,3.477345,-1
169.6897,2.408509,261.9248,345.2419,173.0336,3.691035,-1
169.6895,2.405111,261.9278,346.6775,179.9648,357.4117,-1
169.693,2.405542,261.9428,351.0906,207.5299,358.2331,-1
169.6918,2.407032,261.9401,355.4829,201.8916,0.9237637,-1
169.6905,2.40603,261.9362,355.5125,194.7141,359.1256,-1
169.6895,2.40617,261.9301,356.011,183.5502,359.3773,-1
169.6902,2.406093,261.935,3.386043,192.3667,359.2391,-1
169.6954,2.407199,261.9467,8.754282,215.639,1.236228,-1
169.6945,2.407372,261.9453,14.33178,212.9586,1.581183,-1
169.6895,2.406156,261.9294,16.45569,181.9868,359.326,-1
169.6931,2.405307,261.9134,14.48314,151.9438,357.7621,-1
350.032,2.40506,282.0022,14.45579,133.473,357.3052,-1
350.033,2.405839,282.0013,359.4258,131.7426,358.7854,-1
350.0224,2.406072,282.0219,0.2537682,174.2197,359.2034,-1
350.0312,2.40479,282.0473,4.059329,223.6003,356.899,-1
350.0478,2.406303,282.0565,8.167618,258.3304,359.6135,-1
350.056,2.406761,282.0571,10.31457,273.2682,0.4435462,-1
350.032,2.403999,282.0481,8.067409,225.3212,355.4417,-1
350.0295,2.406798,282.0454,8.072486,219.4117,0.5088514,-1
350.0294,2.40669,282.0453,9.046387,219.0737,0.3129083,-1
350.0301,2.406278,282.0462,7.901931,221.0007,359.5685,-1
350.0297,2.40647,282.0457,6.065578,220.0168,359.9161,-1
350.0295,2.406856,282.0455,7.836462,219.6052,0.6123396,-1
350.0543,1.031517,282.0252,0,315,0,exit0
348.8904,2.40458,280.645,8.63696,219.5545,0.8029769,-1
345.9908,2.40744,277.0772,7.613502,217.0283,1.666624,-1
343.2829,2.408556,273.313,7.644783,213.0053,3.686623,-1
340.7003,2.40801,269.3745,7.907012,214.6712,2.698957,-1
337.9033,2.406033,265.3986,8.039762,215.6378,1.841359,-1
335.14,2.407311,261.5492,8.505457,215.7945,1.437374,-1
332.3348,2.407312,257.6451,8.180126,215.3655,1.437633,-1
329.627,2.407234,253.7938,7.892925,214.4608,1.295875,-1
326.9081,2.407244,249.7997,7.737554,213.7373,1.313814,-1
324.2228,2.405979,245.7746,8.082706,213.7532,0.7364179,-1
321.5729,2.406612,241.8123,8.186444,213.8402,0.1716663,-1
318.8054,2.405867,237.7359,8.910078,215.6765,358.8213,-1
315.8398,2.405346,233.6968,9.125987,217.2862,357.8761,-1
312.9269,2.405003,229.8557,9.012459,216.5712,357.2539,-1
310.0231,2.404866,225.9663,9.001788,217.0689,357.0067,-1
307.0392,2.402495,222.1118,9.391157,223.7209,352.6812,-1
303.6103,2.401931,218.6729,9.460517,223.844,351.6458,-1
300.4756,2.404089,215.1586,8.386323,217.7931,355.6014,-1
297.5099,2.404583,211.3369,7.858908,217.1829,356.5022,-1
296.803,1.031517,210.3598,0,315,0,enter1
296.3447,2.405201,209.8107,8.293077,219.5645,357.6176,-1
296.3571,2.403176,209.8168,5.15804,252.6288,353.9834,-1
296.379,2.404195,209.8157,7.373372,292.5655,355.8043,-1
296.3855,2.402944,209.8118,5.700507,306.1566,353.5564,-1
296.3892,2.404982,209.8088,4.993872,315.0799,357.2405,-1
296.3899,2.404294,209.808,5.145418,316.9731,355.9998,-1
296.3871,2.40371,209.8106,3.676962,310.0769,354.9569,-1
296.3865,2.405278,209.8112,2.603148,308.6926,357.7797,-1
296.3876,2.406232,209.8103,3.680949,311.3713,359.4885,-1
296.3875,2.40639,209.8104,4.475199,311.1357,359.7712,-1
296.3867,2.407066,209.8111,5.001562,309.3887,0.9873388,-1
296.3858,2.407612,209.8118,5.69922,307.4691,1.970928,-1
296.3665,1.031517,209.7863,0,315,0,exit1
296.1852,2.408175,209.9622,7.990647,306.5078,2.999365,-1
293.8245,2.408389,211.7114,10.02538,306.4138,3.406067,-1
291.361,2.408069,213.5139,9.070274,306.2799,2.814938,-1
288.5424,2.407421,215.5954,9.310655,307.239,1.64013,-1
285.463,2.407175,217.9242,9.384931,306.7658,1.194872,-1
282.2402,2.406969,220.3124,9.262314,306.4863,0.8201253,-1
278.8234,2.406921,222.8313,8.946769,306.0514,0.7324631,-1
275.3362,2.40682,225.3663,8.808894,305.8237,0.5489326,-1
271.7863,2.403807,227.9233,8.852733,305.7712,0.1977104,-1
268.2819,2.406438,230.4473,8.87684,305.9731,359.8567,-1
264.6503,2.405485,233.2063,9.306824,308.7718,358.1281,-1
261.0279,2.405697,236.0614,9.063616,307.0285,358.5125,-1
257.4469,2.405826,238.7615,9.526917,307.0182,358.7446,-1
255.7886,1.031517,239.9791,0,315,0,enter2
255.3022,2.40675,240.3931,12.21069,306.1418,0.4268347,-1
255.2736,2.407462,240.4116,7.3561,283.7837,1.705681,-1
255.253,2.407115,240.4097,6.691196,246.0584,1.077767,-1
255.2447,2.406555,240.4042,6.780152,228.032,0.06930913,-1
255.2406,2.408358,240.3998,6.724717,217.6339,3.320421,-1
255.2342,2.408928,240.3795,4.899788,178.7302,4.337033,-1
255.2393,2.411666,240.3636,5.145676,148.6228,9.297359,-1
255.2483,2.410313,240.3541,6.707819,124.8476,6.859202,-1
255.2554,2.409535,240.3504,4.35188,109.9806,5.426936,-1
255.2576,2.409554,240.3497,6.036336,105.9216,5.47541,-1
255.256,2.40865,240.3502,5.218261,108.6792,3.838662,-1
255.2539,2.407482,240.3509,4.589408,112.5182,1.733826,-1
255.2661,1.031517,240.3805,0,315,0,exit2
255.2809,2.407726,240.3405,5.929247,110.7105,2.177066,-1
257.4946,2.408585,239.5191,7.503634,109.9933,3.737348,-1
261.0065,2.402814,238.3375,8.926052,103.2835,7.232102,-1
265.128,2.40993,237.3862,8.965102,103.9337,6.198469,-1
269.2927,2.408875,236.2279,8.792248,107.3513,4.276364,-1
273.433,2.408237,234.9012,9.059072,108.5701,3.174161,-1
277.7295,2.400107,233.4558,9.218949,108.4728,2.450324,-1
282.23,2.407608,231.9603,9.193856,107.5517,2.278548,-1
286.1301,2.407101,230.8064,7.261294,101.1402,1.074889,-1
286.3172,2.407135,230.7649,5.576853,68.69007,1.110698,-1
286.4143,2.408692,230.8697,4.804362,34.25665,3.911255,-1
286.4549,2.407712,230.9406,6.393958,25.4982,2.153878,-1
286.5319,2.407287,231.0667,5.628407,22.65479,1.384646,-1
286.5558,2.407691,231.0811,6.239195,352.1687,2.114313,-1
286.5549,2.407611,231.0854,6.321848,344.4626,1.97196,-1
286.5552,2.407112,231.0844,6.460905,346.0695,1.071915,-1
286.5555,2.406116,231.0702,6.045755,11.62709,359.2769,-1
286.551,2.406171,231.0592,6.44502,33.01707,359.3767,-1
286.7045,2.406999,231.2219,7.278613,44.8664,0.8704599,-1
288.5958,2.408051,233.0893,8.345306,45.096,2.777465,-1
290.8559,2.403666,235.3959,6.901449,44.01702,2.836543,-1
293.5493,2.404676,237.882,6.846372,59.20466,358.1688,-1
296.6618,2.405452,239.7453,6.878839,59.87157,358.0783,-1
299.9918,2.405452,241.6779,6.878839,59.87157,358.0783,-1
303.442,2.396838,243.9634,6.525488,47.54801,359.6023,-1
306.641,2.406403,246.7327,6.891146,51.85258,359.7935,-1
310.0085,2.406886,249.3319,7.238499,52.06899,0.6658897,-1
313.475,2.403801,251.9802,7.427379,52.9422,0.8997685,-1
317.1378,2.407356,254.7614,7.447122,52.20356,1.514982,-1
320.6909,2.407496,257.5375,7.904049,51.79062,1.770541,-1
324.2367,2.407539,260.3769,8.358109,43.37185,1.849674,-1
327.4535,2.401015,264.0462,8.601644,40.0705,1.935761,-1
330.6079,2.407566,267.745,8.528557,40.74426,1.899068,-1
333.7978,2.407499,271.4468,8.458011,40.961,1.778392,-1
336.8974,2.407473,274.9972,8.253077,41.88798,1.729332,-1
340.2046,2.406423,278.6826,8.239754,41.81869,1.800034,-1
343.4474,2.407546,282.3111,8.247491,41.65134,1.862518,-1
346.6059,2.407697,285.8661,8.330999,41.463,2.136562,-1
349.8002,2.407826,289.4971,8.163373,41.08681,2.369123,-1
353.027,2.407907,293.2105,7.915047,40.62226,2.514418,-1
356.285,2.407951,297.0119,7.895528,40.58147,2.593518,-1
359.4833,2.400842,300.7527,7.647839,40.39865,2.544649,-1
362.687,2.407838,304.5197,7.233651,40.3101,2.385384,-1
365.8682,2.405889,308.2689,5.802087,40.39595,2.440906,-1
369.2904,2.407542,312.1991,5.358508,42.3502,1.843462,-1
371.1559,2.405489,314.2365,6.320339,44.59512,0.9312683,-1
371.1722,1.025327,314.3007,0,315,0,enter0
