*Subject
22
*Layout
6
*Condition
False,True,False
*Marks
194.8857,0,246.4504
159.2622,0,148.8246
261.62,0,166.7893
*Path
x,y,z,flag
312.4273,2.405487,275.1759,10.01173,106.1863,358.127,-1
312.4286,2.405487,275.1756,10.01173,106.1863,358.127,-1
312.4286,2.405487,275.1756,10.01173,106.1863,358.127,-1
312.428,2.404605,275.1758,11.39262,107.0239,356.5049,-1
312.4278,2.405467,275.1758,10.48175,107.5783,358.0866,-1
312.428,2.40537,275.1758,9.753708,107.3404,357.9156,-1
312.4285,2.405531,275.1756,10.11925,106.2715,358.2061,-1
312.4295,2.406054,275.1753,11.02583,104.6734,359.1547,-1
312.4295,2.40621,275.1753,13.0107,104.645,359.4365,-1
312.4295,2.406304,275.1753,14.95973,104.6538,359.6047,-1
312.4293,2.406104,275.1754,15.48672,104.9622,359.2331,-1
312.4293,2.406321,275.1754,14.95522,105.0855,359.6366,-1
312.429,2.406417,275.1754,14.99881,105.6065,359.8151,-1
312.429,2.40641,275.1755,15.11554,105.756,359.8017,-1
312.4288,2.40641,275.1755,15.18094,106.0081,359.8018,-1
312.4288,2.406288,275.1755,15.34377,105.9053,359.5746,-1
312.429,2.406266,275.1755,15.39897,105.6587,359.5331,-1
312.429,2.406157,275.1754,15.61602,105.5424,359.3318,-1
312.4289,2.406137,275.1755,15.441,105.68,359.2936,-1
312.4287,2.406034,275.1755,15.49819,105.9981,359.1015,-1
312.4286,2.406038,275.1756,15.31697,106.2591,359.111,-1
312.4283,2.405951,275.1757,15.29856,106.648,358.9491,-1
312.4281,2.405943,275.1757,15.28862,107.1165,358.9348,-1
194.8759,2.40592,246.42,15.16176,107.497,358.8913,-1
194.8754,2.405769,246.4201,15.21396,108.4081,358.6119,-1
194.882,2.404822,246.4187,14.26238,95.72147,356.8677,-1
194.8886,2.404711,246.4186,13.48178,83.92039,356.6733,-1
194.8662,2.405885,246.425,13.67104,127.2247,358.8347,-1
194.8564,2.405017,246.4374,13.03963,155.4106,357.2417,-1
194.8537,2.40538,246.4517,13.49807,181.7727,357.907,-1
194.8542,2.404596,246.4562,12.49258,189.618,356.4752,-1
194.8539,2.403703,246.4473,12.25724,173.2796,354.8367,-1
194.8538,2.404211,246.4493,12.2614,177.0936,355.771,-1
194.8542,2.404178,246.4558,13.02732,188.7027,355.6978,-1
194.8548,2.404598,246.4587,12.21294,194.2314,356.4823,-1
194.8857,1.031517,246.4504,0,60,0,exit0
194.855,2.4044,246.4595,14.45246,195.516,356.0827,-1
194.8549,2.403889,246.4591,16.6728,194.3418,355.0826,-1
194.5151,2.403043,245.1552,18.95922,194.4503,355.0319,-1
193.8182,2.40414,242.5334,18.20622,195.8933,355.5147,-1
193.0855,2.404205,239.9943,17.38364,196.9273,355.6588,-1
192.3251,2.404743,237.4801,16.7856,196.8536,356.6804,-1
191.5125,2.40488,234.8256,17.19758,197.2208,356.9309,-1
190.5629,2.40499,231.7808,17.63912,197.4678,357.1305,-1
189.6081,2.404502,228.7171,18.10723,197.6449,356.2351,-1
188.4778,2.40347,225.4107,17.55602,203.5891,355.9898,-1
187.0869,2.403957,222.2525,16.81483,203.9568,355.2063,-1
185.6951,2.395775,219.0714,16.25713,202.387,356.1314,-1
184.3698,2.395397,215.7982,16.23166,201.4054,356.8571,-1
183.0726,2.403667,212.4615,16.3004,200.8418,357.061,-1
181.7793,2.401745,209.0522,16.08837,201.7697,356.8634,-1
180.4845,2.404693,205.8654,16.02265,202.4475,356.5994,-1
179.137,2.404725,202.5757,15.8984,201.7981,356.6609,-1
177.8352,2.405091,199.2065,15.53901,199.1028,357.3493,-1
176.6781,2.405224,195.8696,15.45638,199.1414,357.597,-1
175.5444,2.40487,192.6609,15.35769,200.8978,356.9396,-1
174.2537,2.404432,189.4111,15.37324,202.9133,356.1244,-1
172.8335,2.404436,186.0602,15.58662,202.5765,356.3647,-1
171.3753,2.405009,182.4752,15.46694,201.0652,357.197,-1
170.0548,2.399349,178.9935,15.45293,200.1821,357.6627,-1
168.803,2.405538,175.5177,15.47168,198.7684,358.1806,-1
167.5948,2.405667,171.8887,15.45317,197.8733,358.4458,-1
166.4171,2.405539,168.2891,15.22939,199.1012,358.1842,-1
165.1754,2.405449,164.7872,15.32432,200.0496,358.0175,-1
163.9206,2.405599,161.3196,15.38885,199.3263,358.2954,-1
162.7023,2.405524,157.7385,15.64131,198.7213,358.1527,-1
161.3283,2.404716,153.9216,15.83952,201.8968,356.6458,-1
159.932,2.405396,150.5135,18.51571,202.3268,357.8834,-1
159.8549,1.031517,150.2445,0,60,0,enter1
159.6386,2.40502,149.8063,18.33844,196.4419,357.176,-1
159.6367,2.405087,149.799,18.51689,185.1561,357.2999,-1
159.6375,2.404052,149.7876,17.80331,163.9704,355.36,-1
159.6407,2.40311,149.78,18.10952,148.5731,353.568,-1
159.6495,2.403797,149.77,16.41129,124.8708,354.9156,-1
159.664,2.404264,149.7641,15.57097,96.87299,355.8095,-1
159.6713,2.404369,149.7639,14.35175,83.74315,356.0262,-1
159.6747,2.404271,149.7644,12.44412,77.67955,355.8783,-1
159.6759,2.404068,149.7646,10.23654,75.61607,355.5392,-1
159.6746,2.403229,149.7645,8.945076,77.76043,354.0297,-1
159.6732,2.403222,149.7642,9.327779,80.39855,354.0107,-1
159.6733,2.404129,149.7641,12.32769,80.17048,355.6191,-1
159.6684,1.031517,149.7957,0,60,0,exit1
159.6735,2.40392,149.7642,16.25017,79.49026,355.1503,-1
160.1805,2.403489,149.8628,17.62447,78.95947,354.9825,-1
161.8305,2.396972,150.1914,19.41829,78.79925,354.7989,-1
164.1052,2.402895,150.6422,17.89952,78.77095,355.7861,-1
166.659,2.40446,151.1384,17.38271,79.47955,356.1375,-1
169.1671,2.40381,151.6008,17.41314,79.50932,357.1474,-1
171.889,2.405534,152.117,17.61817,79.38441,358.284,-1
174.7068,2.406136,152.6503,18.44152,79.2972,359.2813,-1
177.4722,2.396173,153.1613,18.09904,79.82829,359.2416,-1
180.5111,2.40589,153.6953,17.89969,80.58596,358.8209,-1
183.6577,2.402956,154.2201,18.22782,80.37602,359.7818,-1
186.7884,2.406499,154.7425,18.44979,80.73215,359.9669,-1
189.9944,2.4035,155.2823,19.62589,80.27505,357.3872,-1
193.34,2.404989,155.8484,19.74098,80.41461,357.0922,-1
196.5439,2.405474,156.388,19.63151,80.31829,358.0166,-1
199.8491,2.397498,156.9708,19.03978,79.91183,358.4072,-1
203.3275,2.406034,157.5984,18.87146,79.41748,359.0854,-1
206.7759,2.400521,158.2463,18.57213,79.53712,359.2671,-1
210.0994,2.405903,158.842,19.13154,80.29263,358.8365,-1
213.4731,2.404864,159.3987,19.6794,81.18744,356.8544,-1
216.9725,2.405144,159.9607,19.53786,80.40967,357.3913,-1
220.343,2.405243,160.5274,19.75462,80.37399,357.5761,-1
223.6701,2.404103,161.0872,19.60085,80.59614,357.4291,-1
227.1344,2.405031,161.6593,19.90546,80.63338,357.1697,-1
230.792,2.404887,162.2621,19.83395,80.63236,356.8967,-1
234.3425,2.405076,162.8472,19.88077,80.83354,357.2545,-1
237.9033,2.405133,163.4205,20.14745,80.86855,357.3585,-1
241.5427,2.405204,164.0047,20.14997,80.86877,357.4945,-1
245.1413,2.404932,164.5792,20.20129,81.05404,357.706,-1
248.8379,2.405301,165.1593,20.10664,81.12021,357.6808,-1
252.5463,2.397414,165.7187,19.4285,81.9663,356.9906,-1
256.072,2.405176,166.2102,17.03471,82.21045,357.7811,-1
259.4284,2.405409,166.6328,14.62751,84.02122,358.0987,-1
259.8098,1.029566,166.7063,0,60,0,enter2
260.1399,2.404915,166.7094,14.57896,84.06319,357.0342,-1
260.1461,2.404023,166.7105,15.70999,74.3401,355.3558,-1
260.157,2.403971,166.7157,16.83506,52.55769,355.2313,-1
260.166,2.403152,166.726,15.61771,27.26478,353.7304,-1
260.17,2.403608,166.7416,13.22432,358.4428,354.6424,-1
260.1674,2.404277,166.7543,13.15452,335.244,355.8771,-1
260.1649,2.403914,166.7589,10.77722,325.8529,355.2512,-1
260.1647,2.404054,166.7592,10.00886,325.5191,355.517,-1
260.1647,2.404528,166.7593,9.885205,325.4564,356.3826,-1
260.1648,2.404959,166.7592,10.1897,325.8056,357.1639,-1
260.1646,2.404979,166.7595,11.00841,325.1685,357.1934,-1
260.1646,2.404541,166.7595,13.09796,324.8378,356.3641,-1
260.1382,1.031517,166.7415,0,60,0,exit2
260.1638,2.403651,166.7604,16.65405,322.047,354.635,-1
260.1502,2.403987,166.7777,16.83457,321.7556,355.2622,-1
259.447,2.403317,167.6748,18.08272,321.9425,354.8913,-1
258.3209,2.404076,169.1354,16.73538,323.1266,355.4309,-1
257.2163,2.404506,170.6179,16.96535,323.7716,356.2328,-1
255.742,2.404533,172.6211,17.71896,323.4051,356.2679,-1
254.2522,2.40507,174.6328,17.75634,323.1921,357.2785,-1
252.7264,2.39758,176.6729,17.68402,323.2389,358.079,-1
251.1546,2.403372,178.7781,17.4913,323.1495,358.4589,-1
249.6656,2.397058,180.775,17.51594,323.5067,358.2993,-1
248.1003,2.404631,182.8885,18.0106,323.4201,357.8765,-1
246.4295,2.405199,185.1589,17.56463,323.9752,357.5244,-1
244.8092,2.405199,187.386,17.56463,323.9752,357.5244,-1
243.1148,2.405199,189.7159,17.56463,323.9752,357.5244,-1
241.4181,2.405072,192.0609,17.49613,324.4683,357.2856,-1
239.6844,2.40497,194.4948,17.13192,324.7402,357.0995,-1
237.9639,2.40491,196.9331,16.92969,325.0546,356.9906,-1
236.308,2.397102,199.3104,16.91473,325.2322,356.7537,-1
234.4779,2.398867,201.9528,16.93019,325.5391,356.6287,-1
232.765,2.402844,204.4945,16.65695,326.2484,356.438,-1
231.0035,2.400177,207.1158,16.83542,325.935,356.6079,-1
229.148,2.404834,209.8657,16.74126,326.4892,356.8513,-1
227.4014,2.404551,212.5426,16.79781,328.0974,356.3196,-1
225.6568,2.402582,215.3621,16.73321,328.5782,356.1421,-1
223.9589,2.401125,218.1689,16.82813,329.8529,356.1906,-1
222.3299,2.404575,220.9846,16.50225,330.031,356.3713,-1
220.7282,2.404587,223.7521,16.54681,330.1064,356.3922,-1
219.1834,2.404672,226.4417,16.39692,329.821,356.5552,-1
217.5429,2.404655,229.263,16.42073,329.4498,356.6895,-1
215.8823,2.403904,231.9862,16.41976,328.1868,357.3591,-1
214.1716,2.40037,234.7665,14.49605,329.1247,357.6689,-1
212.5457,1.031517,237.5519,0,60,0,enter0
