*Subject
0
*Layout
6
*Condition
False,True,True
*Marks
240.0026,0,179.8045
343.0107,0,193.5587
279.5931,0,275.8876
*Path
x,y,z,flag
157.2163,2.404731,373.2963,4.891055,273.1307,356.7884,-1
157.2157,2.404747,373.2961,4.907887,276.6948,356.8184,-1
157.217,2.404802,373.2959,5.737964,279.0554,356.9116,-1
157.2202,2.404772,373.2952,1.999834,285.0086,356.8713,-1
157.2241,2.404267,373.2938,2.27559,292.5159,355.9652,-1
157.2241,2.404165,373.2938,2.508465,292.4888,355.7801,-1
157.2247,2.403761,373.2935,2.757252,293.6139,355.054,-1
157.2245,2.403599,373.2936,2.470046,293.2475,354.7626,-1
157.2249,2.403688,373.2935,1.766534,294.0657,354.9255,-1
157.2247,2.403835,373.2935,1.833566,293.6566,355.1901,-1
157.2244,2.40401,373.2937,0.7826934,293.2165,355.5066,-1
157.2242,2.404173,373.2938,357.5696,292.883,355.7948,-1
157.2242,2.404077,373.2938,357.2086,293.0573,355.6209,-1
157.2242,2.404045,373.2938,356.9691,293.0034,355.5625,-1
157.2242,2.404134,373.2938,356.9157,292.9412,355.7224,-1
157.2241,2.404217,373.2938,356.6812,292.8894,355.8708,-1
157.2241,2.404211,373.2938,356.5982,292.8533,355.8598,-1
157.2242,2.404106,373.2938,356.5761,293.0306,355.671,-1
157.2242,2.404101,373.2938,356.5102,293.0584,355.662,-1
157.2241,2.404244,373.2938,357.0315,292.878,355.9219,-1
157.224,2.404324,373.2939,357.4586,292.5787,356.0655,-1
157.2238,2.404527,373.294,3.946298,291.7394,356.4261,-1
157.2238,2.404328,373.2939,4.859975,291.7688,356.0636,-1
240.0146,2.404395,179.8341,5.366831,291.747,356.1812,-1
240.0147,2.404401,179.8341,6.186633,291.8944,356.1871,-1
240.0175,2.404134,179.8328,6.600541,297.2564,355.7006,-1
240.0302,2.402874,179.8203,8.651443,329.373,353.3874,-1
240.0345,2.403797,179.8054,8.491659,357.7866,355.0694,-1
240.0341,2.403378,179.8001,9.557376,6.982092,354.2906,-1
240.0323,2.403253,179.793,10.75535,20.03627,354.0401,-1
240.0265,2.40283,179.7835,10.08542,40.21507,353.2787,-1
240.0179,2.402996,179.7767,8.677163,60.20983,353.6087,-1
240.0139,2.402962,179.7748,9.699783,68.14367,353.5288,-1
240.0111,2.402738,179.7739,8.848568,73.36446,353.1365,-1
240.0119,2.403982,179.774,7.558749,72.55408,355.4169,-1
240.0026,1.031517,179.8045,0,345,0,exit0
240.0098,2.403315,179.7735,8.330352,76.20737,354.1952,-1
239.9983,2.403959,179.823,8.21364,75.92538,355.3679,-1
240.002,2.404058,179.8254,7.132358,68.49608,355.5585,-1
239.9838,2.403515,179.8844,7.649837,35.96159,354.5683,-1
239.986,2.403044,179.8897,8.438802,26.38555,353.7013,-1
239.9859,2.403793,179.8894,7.815427,27.16857,355.0707,-1
239.9856,2.40362,179.8888,6.343339,28.51422,354.7743,-1
239.9851,2.403256,179.8881,5.75728,29.94367,354.1209,-1
239.9856,2.403272,179.889,5.819275,28.17201,354.1501,-1
239.9855,2.403219,179.8889,6.173641,28.37227,354.0507,-1
239.9851,2.402927,179.8882,6.316834,29.8083,353.5196,-1
239.9845,2.402866,179.8871,6.817925,31.91802,353.4014,-1
239.9812,2.402075,179.883,6.718976,41.17326,351.9653,-1
239.9685,2.401937,179.8745,7.939623,69.00288,351.6921,-1
239.962,2.403796,179.8727,7.550502,81.70027,355.0797,-1
239.961,2.403039,179.8727,4.360935,83.65932,353.7411,-1
240.1577,2.402213,179.8866,6.087191,85.69835,352.2266,-1
240.501,2.402295,179.9149,7.399909,84.99429,352.3549,-1
242.1405,2.402351,180.0756,7.550905,83.71238,352.4541,-1
244.4596,2.402292,180.3381,7.791341,83.79014,352.3422,-1
246.8386,2.401743,180.5618,7.921566,86.71325,351.3362,-1
248.9358,2.392342,180.6786,7.196662,86.72184,350.9617,-1
251.2705,2.401657,180.8148,7.486349,86.25064,351.1891,-1
253.8946,2.40198,180.9992,7.492066,85.18114,351.7784,-1
257.0661,2.402534,181.2935,7.854786,84.10102,352.7811,-1
260.0646,2.403069,181.6256,7.117478,82.66569,354.2671,-1
263.1413,2.403532,182.0282,7.274273,82.15095,354.6034,-1
266.0441,2.403553,182.4258,7.013921,82.1457,354.6459,-1
269.1042,2.403502,182.8466,7.088477,82.07307,354.5514,-1
272.2246,2.40351,183.2808,6.943942,81.93195,354.5674,-1
275.2157,2.403614,183.7047,6.909224,81.77802,354.7568,-1
278.1919,2.40368,184.1403,6.925198,81.47295,354.8765,-1
281.1837,2.395763,184.5933,6.872763,81.25621,354.8731,-1
284.2864,2.403773,185.0758,6.876215,81.07681,355.0445,-1
287.364,2.401866,185.5598,6.726268,80.97124,355.1761,-1
290.3074,2.403856,186.03,6.573333,80.79438,355.1974,-1
293.2803,2.403421,186.5132,6.524282,80.7575,355.2343,-1
296.2649,2.403864,186.9972,6.501464,80.86363,355.213,-1
299.3388,2.403316,187.491,6.490643,80.99812,355.1389,-1
302.3916,2.403739,187.9795,6.546758,80.90392,354.988,-1
305.5959,2.396478,188.4911,6.600905,81.03094,354.7128,-1
308.7744,2.403474,188.9888,6.452553,81.26667,354.5086,-1
312.0464,2.398158,189.4943,6.545843,81.14431,354.5047,-1
315.3132,2.403537,190.0053,6.474426,81.06909,354.6227,-1
318.5585,2.40355,190.5146,6.432968,80.99548,354.6451,-1
321.5718,2.403544,190.9859,6.37248,81.52778,354.6357,-1
324.5917,2.400304,191.4299,6.059482,81.82104,354.3199,-1
327.4772,2.40323,191.8456,5.840884,81.94323,354.0735,-1
330.3876,2.403302,192.262,5.896377,81.61271,354.2037,-1
333.0072,2.403482,192.6454,5.766455,81.79714,354.5309,-1
335.0735,2.403669,192.9515,5.647493,81.12977,354.8689,-1
337.1274,2.403768,193.2729,5.297798,80.73622,355.051,-1
339.0439,2.399357,193.5929,4.542258,80.06612,355.0041,-1
339.6564,2.403677,193.7006,3.576973,79.35383,354.8994,-1
339.7028,2.404167,193.7107,4.559657,76.33704,355.7754,-1
340.6077,2.404235,193.9593,5.676184,67.70258,355.8905,-1
341.163,2.40537,194.2838,7.561141,51.60206,357.9277,-1
341.3963,2.405702,194.4911,7.109881,34.52645,358.5287,-1
341.4532,2.405457,194.5682,6.34906,17.54814,358.0892,-1
341.6194,2.405891,195.4719,6.492557,356.5306,358.8728,-1
341.6232,2.405124,195.5047,5.924366,347.2493,357.4917,-1
341.6224,2.405046,195.5077,5.964355,341.6155,357.3504,-1
341.6199,2.405424,195.5133,6.007897,330.7698,358.0309,-1
341.6186,2.405813,195.5156,6.814885,326.0888,358.73,-1
341.6176,2.405418,195.5169,5.791187,323.1638,358.0215,-1
341.6173,2.405194,195.5173,7.043197,322.1317,357.6128,-1
341.592,1.031517,195.4978,0,345,0,enter1
341.6162,2.404988,195.5186,6.607394,318.9915,357.2422,-1
341.6173,2.404651,195.5173,7.038151,322.0479,356.6314,-1
341.6175,2.404532,195.517,8.499202,322.4766,356.4051,-1
341.6177,2.404619,195.5167,8.558647,323.1935,356.5611,-1
341.6177,2.40474,195.5168,7.559529,323.075,356.7882,-1
341.6177,2.404861,195.5167,7.427415,323.27,357.0082,-1
341.6177,2.404971,195.5167,7.215181,323.3503,357.208,-1
341.6179,2.404653,195.5164,7.029175,323.9401,356.6348,-1
341.6179,2.40505,195.5164,7.297619,324.0006,357.3502,-1
341.6177,2.404824,195.5168,7.460412,323.2376,356.9408,-1
341.6174,2.404617,195.5172,6.885782,322.2992,356.5714,-1
341.6175,2.404686,195.517,7.058783,322.6696,356.6942,-1
341.592,1.031517,195.4978,0,345,0,exit1
341.6135,2.404652,195.5223,8.081124,323.0863,356.6247,-1
340.8325,2.404856,196.5593,8.144463,322.5579,356.9935,-1
339.9017,2.403757,197.7522,8.383676,321.503,356.9455,-1
338.8804,2.404643,199.041,8.745492,321.6908,356.6026,-1
337.7513,2.404623,200.4714,8.787383,321.7594,356.5669,-1
336.5027,2.404668,202.0568,8.575049,321.811,356.6498,-1
335.293,2.404733,203.5974,8.611667,321.8882,356.7675,-1
334.0308,2.404287,205.2067,8.611667,321.8882,356.7675,-1
332.7279,2.397232,206.8676,8.611667,321.8882,356.7675,-1
331.3947,2.404633,208.5698,8.813818,322.0095,356.5851,-1
330.1216,2.404256,210.2077,8.669645,322.2004,356.4981,-1
328.7955,2.404446,211.9146,8.233599,322.1392,356.2499,-1
327.4423,2.404483,213.6532,8.27991,322.2104,356.3178,-1
326.037,2.404446,215.4657,8.364331,322.2592,356.2498,-1
324.6885,2.404424,217.2091,8.577218,322.3119,356.2066,-1
323.0887,2.404412,219.2792,8.761287,322.3618,356.1844,-1
321.5676,2.404302,221.2578,8.94866,322.6133,355.9822,-1
319.9329,2.404139,223.4032,9.046726,322.9155,355.6843,-1
318.4086,2.40382,225.4119,8.713807,322.6321,356.1259,-1
316.7758,2.404207,227.5583,8.805372,322.9315,355.8103,-1
315.0253,2.404269,229.8703,8.923982,322.7903,355.9212,-1
313.28,2.404331,232.1696,9.010673,322.7309,356.0331,-1
311.6556,2.404415,234.3011,8.91755,322.5075,356.1878,-1
309.9688,2.404469,236.5016,8.991861,322.2714,356.2838,-1
308.2444,2.404505,238.7285,8.817161,322.2547,356.3525,-1
306.4928,2.404366,240.9907,9.329104,322.3883,356.0934,-1
304.6711,2.404346,243.3592,9.472369,322.5431,356.0547,-1
302.8095,2.401968,245.7935,9.608529,322.5813,356.2084,-1
300.9139,2.399657,248.2715,9.59875,322.5675,356.3607,-1
299.0287,2.404554,250.7365,9.574363,322.6711,356.4341,-1
297.2986,2.401446,253.0046,9.51721,322.7526,356.4654,-1
295.5259,2.404576,255.3366,9.295719,322.8091,356.4761,-1
293.7321,2.398683,257.7008,9.35457,322.8156,356.4453,-1
292.0516,2.40355,259.9195,9.229494,322.6994,356.6961,-1
290.3159,2.404712,262.2028,9.215075,322.8147,356.7242,-1
288.5098,2.404627,264.5797,9.254282,322.9467,356.5699,-1
287.0291,2.404365,266.5401,8.66025,323.0549,356.6895,-1
285.4113,2.404657,268.6895,9.036981,323.1805,356.6257,-1
284.049,2.395087,270.5088,7.746352,323.218,356.8575,-1
282.9831,2.405097,271.935,7.785151,323.0737,357.432,-1
282.5591,2.404966,272.4971,6.519674,322.5711,357.7175,-1
282.4561,2.405447,272.6324,6.634656,322.0311,358.0719,-1
282.3073,2.402361,272.8164,6.688112,320.5704,358.1664,-1
281.5229,2.403991,273.7608,5.634299,320.0294,358.1307,-1
280.9227,2.403495,274.4709,5.591482,315.5914,356.7182,-1
280.8202,2.405382,274.5735,8.153866,304.8864,357.9467,-1
280.8079,2.405907,274.5789,10.69374,281.3003,358.889,-1
280.7757,2.404985,274.5762,8.019223,260.1042,357.2291,-1
280.2146,2.402922,274.4603,7.327123,252.2116,357.3382,-1
280.2061,2.402986,274.4578,5.893043,244.5304,357.886,-1
280.2028,2.402363,274.456,6.629425,237.6573,356.7581,-1
280.264,2.401582,274.4969,8.169828,237.0551,356.844,-1
280.27,2.400844,274.5006,8.559948,242.0296,356.1013,-1
280.2688,2.401113,274.4999,8.032663,239.6824,356.5938,-1
280.2657,2.401863,274.498,7.440243,233.4744,357.9553,-1
280.2633,2.401603,274.496,7.658553,227.8262,357.4843,-1
280.2628,2.401097,274.4955,7.870465,226.3379,356.5662,-1
280.2706,2.399914,274.5008,9.093285,242.9164,354.4048,-1
280.2734,2.400169,274.502,9.127519,248.5164,354.8681,-1
280.2752,2.400453,274.5027,8.829768,252.0901,355.3877,-1
280.2757,2.400581,274.5028,8.906415,252.9357,355.6195,-1
280.2789,2.399032,274.5034,8.168344,258.4738,352.8115,-1
280.2814,2.399536,274.5039,8.741129,263.1611,353.7208,-1
280.283,2.400316,274.5041,8.511717,266.2056,355.1438,-1
280.2847,2.400796,274.5042,8.556164,269.3754,356.0151,-1
280.3612,2.396433,274.5048,7.883109,269.0887,355.8705,-1
280.362,2.396199,274.5048,10.08229,269.0657,355.6381,-1
279.8439,2.40262,274.4886,9.738259,267.7943,356.216,-1
278.1715,2.39759,274.4166,10.21738,266.4315,356.4621,-1
276.0287,2.404803,274.2648,9.906419,264.8806,356.8828,-1
274.0675,2.404787,274.095,9.887248,264.6825,356.8539,-1
272.1089,2.404511,273.8656,9.407048,260.4101,356.3564,-1
270.0313,2.402781,273.5099,9.203831,260.2949,356.2544,-1
267.7969,2.404039,273.1583,9.294167,264.3651,355.4995,-1
265.3998,2.403548,272.9843,9.855316,268.8111,354.5958,-1
263.1307,2.403434,272.9438,9.848355,269.1486,354.6113,-1
260.5957,2.403784,272.9055,9.938243,268.8765,355.0255,-1
258.0797,2.400419,272.8468,9.64388,268.4941,355.7147,-1
255.6648,2.404349,272.7741,9.585037,268.0109,356.0599,-1
253.0712,2.403211,272.6841,9.661538,268.0387,356.1772,-1
250.3753,2.404375,272.5977,9.52254,268.1068,356.1071,-1
247.7019,2.403889,272.5139,9.475116,268.3438,356.0299,-1
245.1368,2.403966,272.4381,9.216469,268.32,356.1117,-1
242.4901,2.404515,272.3578,9.175736,268.1825,356.3661,-1
239.672,2.404602,272.2635,8.967023,268.0024,356.5268,-1
236.6443,2.404747,272.1481,8.982736,267.4232,356.7885,-1
233.7331,2.404797,272.0223,9.018758,267.6393,356.8806,-1
230.5306,2.400828,271.8933,9.155706,267.8293,356.8525,-1
227.5645,2.404102,271.7711,9.224789,266.6022,356.9451,-1
224.7277,2.400453,271.5836,8.756469,265.0451,357.277,-1
221.9177,2.405044,271.2979,9.084991,261.3416,357.3285,-1
218.6256,2.405285,270.7636,8.827368,260.2978,357.7669,-1
215.7635,2.405263,270.2655,9.451103,259.7319,357.7229,-1
212.9746,2.39715,269.7542,9.305693,259.3149,357.7242,-1
210.2306,2.405205,269.2341,9.027181,259.086,357.6206,-1
207.4508,2.405137,268.6909,8.95399,258.5058,357.4976,-1
204.8,2.405236,268.1457,8.885596,258.1297,357.6772,-1
202.186,2.403355,267.5964,8.772602,257.866,357.7926,-1
199.2796,2.400913,266.962,8.573182,257.5606,358.1632,-1
196.2818,2.405398,266.2999,8.462711,257.4452,357.9743,-1
193.3483,2.405272,265.654,8.1336,258.0164,357.7532,-1
191.0397,2.405341,265.17,7.470293,258.2243,357.8751,-1
189.1017,2.39899,264.7591,7.158591,257.3955,357.877,-1
187.5083,2.405038,264.396,6.110878,256.2917,357.7856,-1
186.3903,2.405488,264.1191,4.828136,255.8456,358.1509,-1
185.7019,2.402442,263.9458,4.891657,256.2014,358.4882,-1
185.6963,2.401971,263.9444,4.377511,256.3939,358.2823,-1
184.8178,2.404672,263.7267,4.771698,256.0329,357.7006,-1
182.9464,2.405033,263.2679,5.424819,256.3888,357.3299,-1
180.8777,2.403286,262.7669,3.638681,256.4452,357.1441,-1
179.2175,2.400221,262.3632,3.259094,255.76,357.5652,-1
178.297,2.404806,262.1329,2.23474,257.3279,356.9334,-1
178.1702,2.404509,262.1041,1.788843,257.6688,356.4007,-1
178.1721,2.404137,262.1044,2.05468,261.6046,355.7311,-1
178.1719,2.404645,262.1044,1.402159,261.3851,356.6462,-1
178.1745,2.404551,262.1046,0.3739067,266.1179,356.4765,-1
178.1764,2.404354,262.1047,359.8364,269.5293,356.1249,-1
178.1761,2.40433,262.1047,0.5412701,268.9977,356.0807,-1
178.0885,2.403509,262.1001,2.718853,267.2825,354.6003,-1
178.0784,2.40435,262.0997,0.6965566,267.8747,356.1309,-1
178.0784,2.404571,262.0998,1.354138,268.0083,356.5262,-1
178.0782,2.404731,262.0998,1.441111,267.5308,356.814,-1
178.0781,2.404836,262.0998,1.051218,267.3759,357.0027,-1
178.077,2.404724,262.0997,1.114341,265.5153,356.8012,-1
178.0769,2.404456,262.0997,1.455341,265.314,356.3196,-1
178.077,2.404495,262.0997,1.19077,265.5066,356.3911,-1
178.0769,2.404653,262.0997,1.347324,265.2958,356.6735,-1
178.0769,2.404928,262.0997,1.482117,265.1848,357.1676,-1
178.0771,2.40485,262.0997,0.4342175,265.6158,357.0275,-1
178.0811,2.405014,262.0998,357.3716,273.0623,357.3186,-1
178.0848,2.404731,262.0993,350.8437,280.0348,356.773,-1
178.0859,2.405435,262.0992,351.2829,281.7735,358.0542,-1
178.0862,2.404731,262.0991,353.4335,282.5194,356.7943,-1
178.0857,2.404734,262.0992,355.2632,281.396,356.809,-1
178.0873,2.404314,262.0988,4.310497,283.9227,356.055,-1
178.088,2.404967,262.0986,6.60268,285.1962,357.2193,-1
178.0869,2.405051,262.0989,6.422716,282.9907,357.371,-1
178.0839,2.403838,262.0994,4.958074,277.4416,355.1944,-1
178.0825,2.403957,262.0996,6.007668,274.8644,355.4002,-1
178.0825,2.403912,262.0996,6.418957,274.799,355.3156,-1
178.0822,2.404096,262.0996,6.866785,274.4014,355.6432,-1
178.082,2.404203,262.0996,6.546254,274.0944,355.8397,-1
178.082,2.404049,262.0996,6.530795,274.0313,355.5627,-1
178.0819,2.40415,262.0996,6.4363,273.8763,355.7452,-1
178.0819,2.404201,262.0997,6.533664,273.8659,355.8353,-1
178.0819,2.40421,262.0997,6.6082,273.8141,355.852,-1
178.0818,2.40433,262.0997,6.68848,273.7137,356.0683,-1
178.082,2.404214,262.0996,6.827217,274.0898,355.8572,-1
178.0821,2.40424,262.0996,7.052738,274.1364,355.9024,-1
178.082,2.40431,262.0997,6.800189,274.0812,356.0305,-1
178.082,2.404359,262.0997,6.901688,273.9962,356.1189,-1
178.082,2.404369,262.0997,7.097247,274.0531,356.1347,-1
178.0821,2.404366,262.0997,7.244766,274.1555,356.1295,-1
178.0821,2.404377,262.0997,7.341203,274.1833,356.1471,-1
178.0821,2.404357,262.0996,7.360986,274.2339,356.1123,-1
178.0822,2.404299,262.0996,7.331116,274.3992,356.0075,-1
178.0821,2.404331,262.0996,7.586356,274.217,356.0623,-1
178.0822,2.404307,262.0996,7.41258,274.2631,356.0205,-1
178.0822,2.404315,262.0996,7.625945,274.2637,356.0326,-1
178.0821,2.404304,262.0996,7.718221,274.2097,356.0123,-1
178.0822,2.40425,262.0996,7.396887,274.2669,355.9174,-1
178.0822,2.40423,262.0996,7.178536,274.3046,355.8836,-1
178.0821,2.404278,262.0996,7.008934,274.2237,355.9718,-1
178.0822,2.404275,262.0996,6.970162,274.2601,355.9663,-1
178.0822,2.404276,262.0996,7.090424,274.2793,355.9679,-1
178.0822,2.404204,262.0996,6.959654,274.3006,355.8376,-1
178.0822,2.4041,262.0996,6.632896,274.2608,355.6539,-1
178.0826,2.403794,262.0996,5.893434,275.086,355.1071,-1
178.0859,2.403616,262.0991,5.424653,281.1501,354.7895,-1
178.0901,2.402402,262.0977,5.908543,288.7413,352.5856,-1
178.0906,2.40232,262.0975,3.937386,290.0397,352.4605,-1
178.0886,2.402629,262.0983,3.415773,286.1502,353.0226,-1
178.0869,2.402349,262.0987,4.927719,283.5589,352.5064,-1
178.0882,2.402238,262.0983,2.426261,286.1783,352.3263,-1
178.0874,2.402587,262.0986,1.844958,284.8477,352.9586,-1
178.088,2.402922,262.0985,1.53668,285.8513,353.5652,-1
178.0884,2.403113,262.0984,1.363114,286.6985,353.9098,-1
178.088,2.403697,262.0985,1.635424,286.0266,354.9598,-1
178.0864,2.403935,262.099,359.5796,283.1614,355.3893,-1
178.0833,2.403506,262.0995,1.918166,279.2209,354.6252,-1
177.9656,2.39376,262.1174,2.534949,275.4568,354.5911,-1
177.9653,2.393662,262.1174,3.581461,275.9903,354.5743,-1
177.9655,2.39368,262.1174,3.143792,276.2518,354.6086,-1
177.9657,2.393623,262.1174,3.381672,276.6987,354.5038,-1
177.9659,2.393424,262.1173,3.592442,276.9086,354.1443,-1
177.9657,2.393378,262.1173,3.09893,276.6695,354.0651,-1
177.9657,2.393456,262.1173,3.083477,276.6805,354.2053,-1
177.965,2.393483,262.1174,3.093337,275.4224,354.2548,-1
177.9645,2.393497,262.1175,3.206849,274.5789,354.2795,-1
177.9634,2.393571,262.1176,3.243429,272.5518,354.4109,-1
177.9629,2.393569,262.1176,3.405593,271.5276,354.4074,-1
177.9652,2.393213,262.1174,3.605291,275.6506,353.763,-1
177.968,2.393376,262.117,3.362166,280.8416,354.0595,-1
177.9685,2.39349,262.1169,3.150175,281.7632,354.2654,-1
177.9668,2.393364,262.1172,3.583063,278.5632,354.0373,-1
177.9662,2.393458,262.1173,3.738104,277.4389,354.2051,-1
177.9663,2.393416,262.1172,3.965526,277.6813,354.1275,-1
177.9663,2.393344,262.1172,3.860143,277.7513,353.9991,-1
177.9663,2.393266,262.1172,4.036952,277.5947,353.8572,-1
177.9662,2.393311,262.1172,4.077767,277.5394,353.9371,-1
177.9663,2.393264,262.1172,4.045341,277.624,353.8528,-1
177.9663,2.393239,262.1172,4.242296,277.6274,353.8062,-1
177.9663,2.393187,262.1172,4.152231,277.6568,353.7122,-1
177.9662,2.393263,262.1172,3.868099,277.463,353.8524,-1
177.9664,2.393283,262.1172,3.801749,277.9286,353.8891,-1
177.9671,2.393694,262.1172,3.952504,279.1359,354.6291,-1
177.9754,2.393586,262.1146,1.598711,295.0731,354.4461,-1
177.6036,2.403424,262.3194,3.491947,307.6298,354.4432,-1
177.5763,2.403012,262.3311,5.742059,325.4425,353.6798,-1
177.5756,2.40279,262.332,5.144871,323.4261,353.2848,-1
177.5746,2.402987,262.3334,4.404495,320.5055,353.6488,-1
177.5736,2.403163,262.3346,4.125818,317.6721,353.9678,-1
177.5724,2.403261,262.3358,3.774452,314.6564,354.1474,-1
177.5682,2.403759,262.3394,2.213325,304.9457,355.0514,-1
177.5587,2.404176,262.344,1.858642,285.7914,355.8017,-1
177.5564,2.404241,262.3446,1.406151,281.7077,355.9205,-1
177.5566,2.404263,262.3445,1.280036,282.0786,355.9605,-1
177.5563,2.404471,262.3446,1.487303,281.4721,356.3323,-1
177.5564,2.404352,262.3446,1.159921,281.7581,356.1199,-1
177.5562,2.404336,262.3446,0.9764104,281.415,356.0911,-1
177.5563,2.404297,262.3446,0.9448112,281.4413,356.0222,-1
177.5564,2.404219,262.3446,0.8751394,281.728,355.8819,-1
177.5565,2.404181,262.3446,0.9512097,281.9391,355.8128,-1
177.5565,2.404274,262.3446,0.9879904,281.8156,355.9809,-1
177.5565,2.40423,262.3446,0.3787128,281.9492,355.9012,-1
177.5559,2.403894,262.3447,348.8053,281.7922,355.2065,-1
177.5556,2.403643,262.3447,334.7096,282.8348,354.2996,-1
177.5557,2.403842,262.3447,336.2317,282.6364,354.7598,-1
177.5557,2.404508,262.3448,343.5153,281.5375,356.2463,-1
177.5555,2.404555,262.3448,343.5969,281.1625,356.3364,-1
177.5555,2.404521,262.3448,343.1821,281.2142,356.2642,-1
177.5556,2.404454,262.3448,342.9634,281.4191,356.1331,-1
177.5556,2.404475,262.3448,342.457,281.5175,356.162,-1
177.5557,2.404528,262.3448,342.7497,281.6111,356.2685,-1
177.5558,2.404762,262.3448,353.6644,280.9955,356.8369,-1
177.5559,2.404819,262.3447,356.4335,281.0773,356.9523,-1
177.5556,2.405012,262.3448,355.6673,280.5155,357.2966,-1
177.5556,2.40488,262.3448,356.1009,280.5574,357.0608,-1
177.5556,2.40472,262.3448,356.5143,280.5572,356.7746,-1
177.5556,2.404685,262.3448,356.4754,280.4316,356.7122,-1
177.5557,2.404614,262.3448,356.6306,280.6252,356.5848,-1
177.5557,2.404611,262.3448,356.8109,280.6299,356.5796,-1
177.5557,2.404611,262.3448,356.8218,280.6721,356.58,-1
177.5558,2.404553,262.3447,356.7483,280.8548,356.4751,-1
177.5559,2.404517,262.3447,357.0135,281.0673,356.4115,-1
177.556,2.404466,262.3447,356.9011,281.2445,356.319,-1
177.5562,2.404418,262.3446,356.8137,281.6577,356.2318,-1
177.5562,2.404497,262.3447,356.8541,281.5862,356.3744,-1
177.5561,2.404515,262.3447,356.8615,281.3425,356.4082,-1
177.556,2.404392,262.3447,356.6116,281.2742,356.185,-1
177.5561,2.40433,262.3447,356.5245,281.4336,356.0741,-1
177.5562,2.404238,262.3446,356.523,281.5846,355.909,-1
177.5563,2.40413,262.3446,356.3123,281.7904,355.713,-1
177.5564,2.404082,262.3446,356.5091,281.9427,355.627,-1
177.5563,2.404081,262.3446,356.5056,281.9237,355.6256,-1
177.5562,2.404207,262.3446,356.5364,281.7209,355.852,-1
177.5562,2.404206,262.3446,356.4383,281.7206,355.8496,-1
177.5562,2.40421,262.3446,356.4365,281.6905,355.8573,-1
177.5562,2.404197,262.3446,356.6252,281.6838,355.8347,-1
177.5562,2.4042,262.3446,356.6408,281.6785,355.8404,-1
177.5562,2.404186,262.3446,356.6885,281.7017,355.8155,-1
177.5563,2.404192,262.3446,356.6951,281.7694,355.8258,-1
177.5564,2.404136,262.3446,356.6658,281.9278,355.7248,-1
177.5564,2.404107,262.3446,356.688,282.0463,355.6729,-1
177.5564,2.404166,262.3446,357.0436,282.035,355.7807,-1
177.5564,2.404242,262.3446,357.007,281.9273,355.9167,-1
177.5564,2.404279,262.3446,356.8025,281.9182,355.9837,-1
177.5562,2.404362,262.3446,356.8348,281.6101,356.1324,-1
177.5563,2.404312,262.3446,356.5819,281.7685,356.041,-1
177.5563,2.404206,262.3446,356.2736,281.8743,355.8498,-1
177.5564,2.404073,262.3446,356.1712,282.0248,355.6089,-1
177.5564,2.404038,262.3446,356.1106,282.0024,355.5463,-1
177.5563,2.404133,262.3446,356.3014,281.8862,355.7191,-1
177.5562,2.404193,262.3446,356.2722,281.7247,355.8267,-1
177.5562,2.404238,262.3446,356.3586,281.6344,355.9076,-1
177.5562,2.404209,262.3446,356.3617,281.6785,355.8555,-1
177.5562,2.404229,262.3446,356.5132,281.6007,355.8922,-1
177.5563,2.404188,262.3446,356.4886,281.7986,355.8181,-1
177.5563,2.404106,262.3446,356.5102,281.7991,355.6705,-1
177.5563,2.404009,262.3446,356.5767,281.9093,355.4966,-1
177.5564,2.404017,262.3446,356.6309,281.9666,355.5124,-1
177.562,2.404012,262.3429,358.739,293.2485,355.5097,-1
177.5651,2.404249,262.3415,3.353738,299.6235,355.9288,-1
177.5658,2.404103,262.3411,4.898663,300.9721,355.6583,-1
177.567,2.403839,262.3403,5.365923,303.5337,355.1786,-1
177.5687,2.403435,262.3391,5.810171,307.1386,354.445,-1
177.5695,2.403421,262.3383,5.349375,309.1843,354.4241,-1
177.1648,2.403907,262.6888,5.430994,312.7644,355.3007,-1
177.0769,2.400569,262.767,3.543622,317.2592,353.8669,-1
176.9991,2.404152,262.8511,6.351541,312.6838,355.735,-1
176.992,2.403734,262.8561,9.991061,297.0515,354.9334,-1
176.9905,2.403502,262.8568,12.64211,293.8394,354.4578,-1
176.9908,2.403642,262.8567,12.59864,294.4179,354.7184,-1
176.9997,2.404437,262.8504,9.821799,314.5771,356.2174,-1
177.0087,2.402228,262.8297,10.71113,355.337,352.1593,-1
177.0083,2.40254,262.8225,11.42764,8.397787,352.7152,-1
177.0088,2.403039,262.8261,10.79947,1.957177,353.6468,-1
177.0088,2.403589,262.831,10.62019,353.3994,354.6591,-1
177.0072,2.403911,262.8383,10.68054,340.2024,355.2458,-1
177.0063,2.403245,262.8403,8.689204,336.1012,354.0629,-1
177.0056,2.403393,262.842,5.752831,333.1377,354.3693,-1
177.0051,2.403723,262.8431,6.42677,330.9207,354.9591,-1
177.0042,2.404159,262.8447,6.167307,327.8594,355.7489,-1
177.0034,2.403846,262.8458,5.554643,325.3556,355.19,-1
177.0034,2.403652,262.8458,5.524116,325.3566,354.8386,-1
177.0035,2.403556,262.8457,4.665323,325.5651,354.6723,-1
177.0034,2.403499,262.8457,4.200935,325.5576,354.5726,-1
177.0034,2.403638,262.8458,3.698998,325.5587,354.8268,-1
177.0034,2.403592,262.8458,3.107515,325.6142,354.7485,-1
177.0033,2.403583,262.8459,2.376772,325.3141,354.7349,-1
177.0034,2.403463,262.8459,2.222077,325.4352,354.5186,-1
177.0033,2.403412,262.8459,2.267108,325.422,354.4277,-1
177.0033,2.403418,262.8459,2.21391,325.324,354.4388,-1
177.0033,2.403449,262.846,2.249163,325.1323,354.494,-1
177.0032,2.403489,262.846,2.47447,325.0381,354.5651,-1
177.0032,2.403432,262.8461,2.215452,324.9935,354.4629,-1
177.0032,2.403412,262.8461,2.373282,324.9437,354.4275,-1
177.0032,2.403358,262.8461,2.216763,324.9638,354.3303,-1
177.0032,2.403296,262.846,2.193162,325.0303,354.218,-1
177.0032,2.403208,262.8461,2.097254,324.8876,354.0611,-1
177.0032,2.403299,262.8461,2.316389,324.8467,354.2241,-1
177.0031,2.403386,262.8462,2.530444,324.7437,354.3787,-1
177.003,2.403447,262.8464,2.210747,324.3213,354.4898,-1
177.003,2.403838,262.8465,2.584383,324.113,355.1927,-1
177.002,2.404644,262.8479,7.046267,320.8307,356.6195,-1
177.002,2.40473,262.8478,6.891422,321.0665,356.7748,-1
177.0019,2.404957,262.8481,8.086292,320.5399,357.1776,-1
177.002,2.40486,262.8479,8.812868,320.9081,356.9966,-1
177.0022,2.404784,262.8477,9.881935,321.2284,356.8489,-1
177.002,2.404806,262.8478,9.635132,320.8738,356.89,-1
177.0023,2.404642,262.8475,8.81735,321.5706,356.6008,-1
177.0021,2.404593,262.8477,8.872263,321.136,356.5101,-1
177.002,2.404577,262.8478,9.023211,320.9032,356.4814,-1
177.002,2.404509,262.8479,9.265389,320.6323,356.3554,-1
177.0021,2.404325,262.8477,9.767982,320.9469,356.0147,-1
177.0017,2.404287,262.8482,6.958499,320.039,355.9734,-1
177.0014,2.402721,262.8483,4.468112,319.4438,353.1668,-1
177.0006,2.398554,262.8481,357.2559,320.119,345.5741,-1
176.9966,2.391754,262.8485,1.559488,312.6933,332.514,-1
176.9818,2.392508,262.8563,359.9701,279.5074,334.0366,-1
176.9795,2.398519,262.8588,3.776037,273.6018,345.4933,-1
176.988,2.405754,262.8579,32.14253,289.2401,358.3868,-1
176.9871,2.403214,262.8581,33.52462,284.4185,352.8881,-1
176.9842,2.40621,262.8591,43.57772,282.3409,359.2412,-1
176.9792,2.406915,262.8598,63.07571,275.2166,1.572601,-1
176.9704,2.415543,262.8579,64.39968,295.3473,40.75188,-1
176.9723,2.412494,262.859,56.97113,278.2791,20.03955,-1
176.9769,2.409974,262.8597,29.38448,273.2751,7.121758,-1
176.9794,2.40887,262.8597,19.13833,275.6206,4.464621,-1
176.9814,2.408958,262.8595,19.20117,279.348,4.633165,-1
176.983,2.408752,262.8593,19.65911,282.1452,4.25421,-1
176.983,2.408653,262.8593,20.04834,282.1794,4.075093,-1
176.9833,2.408454,262.8592,19.54893,282.502,3.683328,-1
176.9833,2.407997,262.8593,15.91038,281.9556,2.756925,-1
176.9743,2.407198,262.8598,0.09166139,265.1629,1.219734,-1
176.9555,2.406423,262.8516,359.0346,227.6456,359.8314,-1
176.9453,2.405901,262.8322,359.3075,187.7364,358.8971,-1
176.9464,2.405219,262.8188,0.05473882,163.5498,357.6747,-1
176.9463,2.404721,262.8193,359.7242,164.4722,356.782,-1
176.9632,2.408096,262.8567,3.04911,244.4276,2.832547,-1
176.9981,2.411492,262.8514,359.1984,311.7367,8.94503,-1
177.0085,2.410573,262.8319,358.7248,352.644,7.284566,-1
177.006,2.410677,262.8149,359.273,24.04981,7.471009,-1
176.996,2.410468,262.8024,0.3858471,53.43218,7.092301,-1
176.9873,2.409417,262.7977,357.5133,70.98288,5.203987,-1
176.9834,2.40895,262.7966,357.7589,78.32072,4.363244,-1
176.982,2.408484,262.7964,359.6601,80.99724,3.524645,-1
176.9814,2.408444,262.7963,0.8691474,82.28957,3.453172,-1
176.9809,2.40882,262.7962,0.151834,83.03437,4.127524,-1
176.9806,2.408704,262.7962,358.8499,83.59769,3.91994,-1
176.9795,2.40818,262.7961,359.7783,85.57562,2.979604,-1
176.9795,2.408211,262.7961,359.3554,85.61401,3.034704,-1
176.9794,2.408203,262.7961,359.9922,85.73974,3.020602,-1
176.9794,2.408514,262.7961,0.1188728,85.75953,3.576807,-1
176.9794,2.408871,262.7961,0.2442285,85.87183,4.218909,-1
176.9793,2.409093,262.7961,0.1932061,85.9536,4.617264,-1
176.9792,2.409027,262.7961,0.1104122,86.12228,4.498488,-1
176.9794,2.408882,262.7961,0.118189,85.7291,4.238424,-1
176.9794,2.408684,262.7961,0.03947487,85.74564,3.883681,-1
176.9797,2.408366,262.7961,0.5738037,85.32311,3.312039,-1
176.9934,2.415163,262.8018,17.63922,63.06028,16.46991,-1
177.002,2.423512,262.8172,36.42383,50.70699,41.30072,-1
177.0024,2.426003,262.8264,37.95293,40.09934,50.55453,-1
176.9974,2.430826,262.8235,22.70957,41.50181,55.43629,-1
176.9898,2.435732,262.8252,4.854803,22.96321,66.38583,-1
176.9932,2.434026,262.8251,354.7758,0.8707082,59.68077,-1
176.99,2.435652,262.825,354.856,1.252179,66.0859,-1
176.9917,2.434942,262.8267,1.086346,6.739253,62.67934,-1
176.994,2.433485,262.8246,4.992063,18.88845,57.77282,-1
176.9978,2.429369,262.8194,9.285063,31.93426,46.35402,-1
177.0799,2.420369,262.9368,7.061963,19.92478,25.86042,-1
177.0838,2.41265,262.9439,10.38974,5.069286,11.23639,-1
177.0841,2.411304,262.9463,11.99762,0.4790513,8.797601,-1
177.0686,2.411382,262.8268,12.39211,8.27147,8.955827,-1
176.9708,2.412057,262.1387,13.00366,12.45719,10.23503,-1
176.966,2.411154,262.1091,10.99608,10.09145,8.488649,-1
176.9476,2.403436,262.0028,12.54262,7.950171,9.771252,-1
176.9475,2.402486,262.0006,13.94794,9.634355,7.798793,-1
176.9477,2.401689,262.0017,20.1985,7.920022,6.536662,-1
176.948,2.397125,262.0041,23.77078,0.4912468,357.759,-1
176.9478,2.394267,262.0063,34.15581,352.4126,351.3049,-1
176.9474,2.392561,262.0017,75.83723,319.8842,313.184,-1
176.9476,2.394429,262.0012,83.10554,275.7762,269.1537,-1
176.9476,2.395213,262.0009,84.48417,270.7826,263.6407,-1
176.9477,2.395677,262.001,84.52525,245.022,238.1342,-1
176.9478,2.396919,262.0012,83.25767,207.6055,201.0683,-1
176.9478,2.396672,262.0012,82.48605,208.9657,202.4432,-1
176.9478,2.396555,262.0012,84.1161,218.0242,211.5218,-1
176.9478,2.396757,262.0009,83.10072,210.1187,203.1763,-1
176.9478,2.396808,262.001,83.55277,210.7787,204.014,-1
176.9478,2.396773,262.0009,84.30929,215.0989,208.1461,-1
176.9478,2.39675,262.0009,84.52547,216.8482,209.8481,-1
176.9478,2.396728,262.0009,83.82445,213.5955,206.6093,-1
176.9478,2.396701,262.0009,82.46246,208.8747,201.9466,-1
176.9478,2.396756,262.0009,82.13147,207.2431,200.2144,-1
176.9478,2.396716,262.0008,82.20426,208.0916,200.9867,-1
176.9478,2.396696,262.0009,82.01579,207.7753,200.7349,-1
176.9478,2.396681,262.0009,81.94921,207.8295,200.7676,-1
176.9478,2.396697,262.0009,82.17336,208.2194,201.1672,-1
176.9478,2.396702,262.0009,82.30326,208.4864,201.4553,-1
176.9478,2.396681,262.0009,82.4859,209.303,202.3182,-1
176.9478,2.396683,262.0009,82.84064,210.4545,203.4435,-1
176.9478,2.396633,262.0009,82.58418,210.316,203.3481,-1
176.9478,2.396608,262.0009,82.49318,210.3444,203.4214,-1
176.9478,2.396583,262.0009,82.49266,210.7997,203.7927,-1
176.9478,2.396559,262.0009,82.05473,209.6486,202.7602,-1
176.9478,2.396509,262.0009,81.74862,209.4996,202.5464,-1
176.9477,2.396434,262.0008,82.029,211.4941,204.4333,-1
176.9478,2.396448,262.0009,81.8489,210.5899,203.6724,-1
176.9478,2.396435,262.0009,81.83775,210.7562,203.8199,-1
176.9478,2.39642,262.0009,81.84885,210.9903,204.0581,-1
176.9477,2.396395,262.0009,81.84824,211.3625,204.4089,-1
176.9477,2.396383,262.0009,81.50768,210.4637,203.531,-1
176.9478,2.396447,262.0009,81.18147,208.694,201.8175,-1
176.9478,2.396448,262.0009,81.28289,208.9964,202.0667,-1
176.9478,2.39641,262.0009,81.49505,210.0759,203.1509,-1
176.9478,2.396394,262.0009,81.49141,210.2633,203.3415,-1
176.9478,2.396392,262.0009,81.44048,210.1035,203.2285,-1
176.9478,2.396389,262.0009,81.33478,209.858,202.9662,-1
176.9478,2.396392,262.0009,81.32715,209.7531,202.8988,-1
176.9478,2.396381,262.0009,81.08648,209.2516,202.3985,-1
176.9478,2.396372,262.0009,80.86858,208.8283,201.9481,-1
176.9478,2.396386,262.0009,81.02843,209.0736,202.1818,-1
176.9478,2.396424,262.0009,81.35478,209.4971,202.5746,-1
176.9478,2.39645,262.0009,81.43159,209.3676,202.4437,-1
176.9478,2.396492,262.0009,81.48119,208.9465,202.0227,-1
176.9478,2.396542,262.0009,81.48856,208.2349,201.4007,-1
176.9478,2.39662,262.0011,81.30714,206.5942,199.953,-1
176.9478,2.396609,262.001,80.27805,204.6235,197.9005,-1
176.9478,2.397108,262.0014,80.01062,198.0963,192.0813,-1
176.9478,2.397341,262.0011,77.72037,194.4075,187.8413,-1
176.9478,2.397379,262.0011,74.84174,192.6004,186.1085,-1
176.9478,2.39711,262.0013,75.28639,194.4303,188.206,-1
176.9471,2.391588,262.0009,68.04103,219.1887,213.9442,-1
176.9427,2.381028,262.0006,56.72551,266.2285,259.1346,-1
177.0851,2.390032,261.9878,58.18282,270.8534,282.2712,-1
177.0977,2.401598,261.9803,69.17956,335.6731,334.3783,-1
177.0977,2.404219,261.9761,61.45103,359.7251,351.3589,-1
177.0979,2.405638,261.9773,41.94338,3.880213,357.8833,-1
177.0977,2.406793,261.9758,44.79812,8.429686,0.6953903,-1
177.0978,2.407082,261.9763,35.12359,7.794449,1.236257,-1
177.0978,2.406816,261.9761,39.78388,7.756352,0.6965503,-1
177.0978,2.407198,261.9759,35.43926,8.559866,1.497814,-1
177.0979,2.407091,261.9773,33.20395,5.900814,1.22859,-1
177.0979,2.407637,261.9774,38.10827,6.521062,2.548108,-1
177.0979,2.407052,261.977,26.49117,6.294646,1.069301,-1
177.098,2.405149,261.9794,14.96019,0.8786337,357.4628,-1
177.0979,2.405132,261.9778,10.6335,3.832765,357.4756,-1
177.0979,2.405751,261.9774,13.30825,4.712359,358.5901,-1
177.0979,2.406344,261.9776,10.39539,4.60252,359.6846,-1
177.0974,2.405752,261.9741,8.797423,10.84088,358.6128,-1
177.0893,2.407188,261.9582,10.56255,43.70626,1.222414,-1
177.076,2.406077,261.9498,10.19922,71.68444,359.1994,-1
177.0774,2.405705,261.9503,5.425022,69.16577,358.5398,-1
177.0819,2.406258,261.9524,4.898276,60.24053,359.5339,-1
177.0939,2.405143,261.9644,4.543,29.40512,357.5307,-1
177.0959,2.405128,261.9687,5.83853,20.87371,357.4991,-1
177.097,2.404181,261.9723,4.236353,14.03362,355.8015,-1
177.0973,2.404617,261.9734,3.819631,12.01039,356.5887,-1
177.0974,2.404846,261.9739,2.491943,11.27688,357.0043,-1
177.0975,2.404594,261.9748,6.365624,9.331615,356.5344,-1
177.0973,2.405253,261.9734,6.84973,12.09026,357.7203,-1
177.0974,2.405645,261.9737,4.209749,11.66387,358.4341,-1
177.0973,2.405118,261.9734,4.830819,12.1871,357.4859,-1
177.0973,2.405131,261.9733,6.34182,12.25752,357.5023,-1
177.0973,2.40519,261.9733,6.312835,12.20925,357.6089,-1
177.0973,2.405102,261.9734,7.17522,11.88647,357.4446,-1
177.0973,2.405668,261.9733,9.840341,12.20834,358.4561,-1
177.0974,2.405487,261.9737,10.39501,11.39764,358.1242,-1
177.0973,2.405488,261.9736,10.11623,11.68591,358.1268,-1
177.0973,2.405369,261.9735,10.44248,11.74238,357.9099,-1
177.0974,2.405569,261.9736,11.12423,11.62266,358.2687,-1
177.0973,2.405426,261.9735,11.62131,11.68312,358.0053,-1
177.0974,2.405457,261.9737,11.75599,11.38252,358.0605,-1
177.0974,2.405517,261.9738,11.64998,11.2757,358.171,-1
177.0974,2.405394,261.9737,11.53712,11.37341,357.9471,-1
177.0973,2.405484,261.9734,11.50424,12.00184,358.1119,-1
177.0973,2.405643,261.9735,11.32937,11.85442,358.403,-1
177.0971,2.405999,261.9725,10.95216,13.75241,359.0551,-1
177.0972,2.4056,261.973,10.46927,12.67637,358.3291,-1
177.0971,2.405824,261.9724,11.33981,13.82155,358.7339,-1
177.0971,2.405967,261.9726,11.60869,13.56255,358.9951,-1
177.0971,2.406083,261.9725,11.73451,13.80483,359.2065,-1
177.097,2.406336,261.9719,12.13424,14.95168,359.6689,-1
177.0971,2.406231,261.9726,12.80975,13.67088,359.4753,-1
177.0973,2.406002,261.9731,9.447127,12.62835,359.0653,-1
177.0971,2.405649,261.9725,4.558327,13.7938,358.4398,-1
177.097,2.40609,261.9722,3.820578,14.54572,359.2332,-1
177.0967,2.405572,261.9711,4.328095,16.44148,358.3031,-1
177.0964,2.405068,261.9703,6.015937,17.80425,357.391,-1
177.0959,2.405179,261.9686,2.777428,21.15406,357.6,-1
177.0914,2.404089,261.9608,2.622982,37.35381,355.6446,-1
177.0747,2.402305,261.9497,4.214766,73.57452,352.4148,-1
177.0754,2.404322,261.9497,6.91977,72.4299,356.0388,-1
176.8421,2.397851,261.8764,8.292138,75.05418,354.9622,-1
176.7443,2.403418,261.8506,5.845634,75.92099,354.4133,-1
176.7441,2.403814,261.8506,4.732586,75.73994,355.1386,-1
176.7452,2.404099,261.8509,5.41952,73.78039,355.647,-1
176.746,2.40417,261.8511,5.552309,72.27238,355.7737,-1
176.7464,2.404431,261.8512,6.061436,71.47617,356.2406,-1
176.747,2.404364,261.8514,6.632349,70.34794,356.115,-1
176.7471,2.404071,261.8515,5.98075,70.04728,355.5928,-1
176.7469,2.404359,261.8514,6.506074,70.48414,356.1077,-1
176.747,2.404984,261.8514,6.052607,70.52074,357.2384,-1
176.7467,2.404421,261.8513,5.684001,70.95628,356.2266,-1
176.747,2.404545,261.8514,8.024496,70.20985,356.4322,-1
176.7467,2.404405,261.8513,12.39291,70.52557,356.126,-1
176.7463,2.405147,261.8511,13.78155,71.47115,357.4734,-1
176.7479,2.404253,261.8517,16.78458,67.83044,355.7626,-1
176.7492,2.404346,261.8523,17.84754,65.27351,355.9131,-1
176.7463,2.406137,261.8511,19.69313,71.95676,359.2765,-1
176.7455,2.406716,261.8508,19.62991,73.80339,0.3787413,-1
176.7437,2.405812,261.8504,17.08327,76.59995,358.6791,-1
176.7412,2.405644,261.8499,10.1691,81.20759,358.4127,-1
176.7399,2.405192,261.8498,7.683631,83.52061,357.6048,-1
176.741,2.404605,261.8499,7.324255,81.44379,356.5458,-1
176.7693,2.404719,261.8547,8.096314,80.22928,356.8185,-1
178.0365,2.400559,262.074,9.21063,79.78768,356.5714,-1
180.2193,2.40466,262.4643,9.050364,80.1238,356.6313,-1
182.6284,2.404696,262.8974,9.928346,78.88617,356.7389,-1
185.8177,2.404655,263.5164,9.884038,79.03545,356.6146,-1
188.685,2.404627,264.0871,9.960831,78.19207,356.5617,-1
191.9909,2.40498,264.7755,9.974558,77.95584,357.2055,-1
195.4123,2.396482,265.5097,9.726145,77.76131,357.6942,-1
198.9179,2.405355,266.2703,9.715485,77.92038,357.9391,-1
202.6886,2.405361,267.0776,9.738858,77.84826,357.8991,-1
206.4882,2.405344,267.893,9.684296,78.72144,357.8696,-1
210.1621,2.395918,268.619,8.93237,79.01781,357.5668,-1
213.7276,2.405277,269.3214,8.459198,78.61169,357.7552,-1
217.2926,2.402789,270.0539,7.272451,78.65625,357.0144,-1
220.9357,2.403096,270.7549,6.941427,79.63387,356.2196,-1
224.6452,2.403561,271.4168,6.984739,80.99221,356.4047,-1
228.3896,2.404546,271.9415,6.763435,84.26604,356.4434,-1
231.6512,2.404549,272.2658,6.581199,84.13714,356.4503,-1
235.2622,2.404686,272.6411,6.830008,83.92975,356.696,-1
239.1635,2.404696,273.0541,6.55013,83.95677,356.7162,-1
243.0313,2.401294,273.4628,6.506542,83.96754,356.4796,-1
246.8929,2.404404,273.8694,6.813928,84.26727,356.1875,-1
250.8292,2.404049,274.2565,6.731465,84.41057,356.0875,-1
254.6976,2.404211,274.6363,6.589456,84.34457,355.8398,-1
258.5794,2.404272,275.0074,6.807544,85.03965,355.9491,-1
262.1808,2.404686,275.3112,6.301948,85.41375,356.6996,-1
265.6616,2.403445,275.5983,5.35419,85.20547,356.5688,-1
269.218,2.404534,275.8918,5.636856,85.34835,356.4308,-1
271.5341,2.402373,276.0912,4.973841,84.31614,356.4929,-1
273.4558,2.404276,276.275,3.89159,84.66693,356.4046,-1
275.572,2.404231,276.4734,3.553017,84.5555,355.8953,-1
277.2822,2.403946,276.6461,2.038627,83.17551,355.3887,-1
277.8854,1.031517,276.7516,0,345,0,enter2
277.8967,2.404283,276.7209,2.386649,81.68076,355.9938,-1
277.9006,2.404703,276.7213,4.670448,83.85406,356.7385,-1
277.8976,2.404393,276.7212,6.803701,88.93663,356.1678,-1
277.8951,2.404535,276.7213,8.598747,93.33219,356.4088,-1
277.8923,2.404313,276.7216,8.119895,98.37832,356.0099,-1
277.8902,2.404274,276.722,6.242094,102.4261,355.9556,-1
277.8726,2.402484,276.7332,2.522753,140.8095,352.7523,-1
277.8668,2.403525,276.744,5.616588,162.8804,354.6094,-1
277.8657,2.403469,276.7489,6.916995,171.8319,354.493,-1
277.8657,2.403166,276.75,6.610259,173.6215,353.9484,-1
277.8657,2.402804,276.75,6.401408,173.5831,353.2957,-1
277.8658,2.402833,276.749,6.896455,171.7371,353.3397,-1
277.8659,2.402989,276.7482,7.184556,170.4001,353.62,-1
277.8973,1.031517,276.7531,0,345,0,exit2
277.866,2.403053,276.7473,7.002127,168.7928,353.7382,-1
277.8973,1.031517,276.7531,0,345,0,enter0
