*Subject
19
*Layout
1
*Condition
False,False,True
*Marks
214.6707,0,181.4108
317.2442,0,198.0994
307.6107,0,257.3196
*Path
x,y,z,flag
235.443,2.399247,241.0912,359.2984,54.44355,356.5409,-1
235.4411,2.39908,241.0899,0.338427,58.635,356.2421,-1
235.4331,2.399742,241.0864,0.737325,74.32748,357.4279,-1
235.4316,2.400173,241.086,1.360799,76.98412,358.1996,-1
235.4315,2.400143,241.086,2.045902,77.19026,358.1464,-1
235.4309,2.399691,241.0859,0.1570259,78.31274,357.3361,-1
235.4321,2.399194,241.0862,358.9026,76.22113,356.4458,-1
235.4331,2.399211,241.0865,359.6154,74.26904,356.4771,-1
235.4328,2.399111,241.0864,0.4903456,74.79777,356.2977,-1
235.4321,2.398772,241.0862,1.777673,76.07221,355.6862,-1
235.4319,2.398911,241.0862,2.781207,76.22598,355.9322,-1
235.4309,2.399165,241.0859,3.039694,78.21167,356.3894,-1
235.4273,2.399336,241.0854,1.461312,84.70689,356.6993,-1
235.4142,2.400718,241.0869,1.670439,108.6086,359.1773,-1
235.4142,2.400395,241.0869,2.210146,108.688,358.5976,-1
235.4151,2.400178,241.0866,2.305395,106.9854,358.2094,-1
235.4166,2.400071,241.0862,4.338099,104.0212,358.0117,-1
235.4261,2.400156,241.0853,6.860358,86.8633,358.1571,-1
235.4306,2.400312,241.0858,6.648681,78.73617,358.4392,-1
235.4362,2.399867,241.0875,7.714079,68.02583,357.6311,-1
235.437,2.399835,241.0878,7.744763,66.52579,357.5729,-1
235.4361,2.39992,241.0874,8.016554,68.31255,357.726,-1
235.435,2.399868,241.087,8.006635,70.31813,357.6321,-1
235.4393,2.399451,241.0889,8.523401,61.81656,356.8725,-1
235.4409,2.399295,241.0898,8.732912,58.53048,356.5878,-1
235.4403,2.399498,241.0895,8.598554,59.73195,356.9562,-1
235.4402,2.399617,241.0894,8.522424,60.14138,357.1741,-1
235.4401,2.399704,241.0894,8.320797,60.24024,357.3327,-1
235.4405,2.399644,241.0895,8.123571,59.52468,357.2245,-1
235.4408,2.399542,241.0897,8.158245,58.86084,357.0409,-1
235.4405,2.399402,241.0896,8.025814,59.38324,356.788,-1
235.4398,2.39966,241.0892,6.942787,60.9785,357.2619,-1
235.432,2.400222,241.0861,5.884763,76.18544,358.2789,-1
235.4302,2.399781,241.0858,6.531243,79.40056,357.4817,-1
235.4356,2.399594,241.0872,7.828846,69.18827,357.1369,-1
235.4369,2.399567,241.0878,7.949837,66.69564,357.0869,-1
235.4377,2.399364,241.0881,7.720387,65.0743,356.7211,-1
235.4369,2.399602,241.0878,5.512273,66.7263,357.1648,-1
235.4343,2.400144,241.0868,0.05778309,72.07439,358.1484,-1
235.43,2.400107,241.0857,356.4923,80.16591,358.0799,-1
235.4293,2.399872,241.0856,355.6838,81.4432,357.6542,-1
235.4301,2.399835,241.0857,354.7449,80.07726,357.5857,-1
235.4402,2.399276,241.0894,353.5297,60.80173,356.5716,-1
235.4511,2.399506,241.0997,352.8947,33.67411,356.9812,-1
235.4521,2.399512,241.1013,351.9862,30.36924,356.9861,-1
235.4469,2.399601,241.0945,351.3493,45.75749,357.1443,-1
235.44,2.400124,241.0893,351.828,61.11093,358.0928,-1
235.437,2.400113,241.0878,351.8678,67.13077,358.0737,-1
235.4239,2.399409,241.0853,354.356,91.31657,356.8155,-1
235.4113,2.399977,241.088,357.0614,114.3524,357.8473,-1
235.406,2.399648,241.0911,357.4176,125.3389,357.2572,-1
235.4038,2.399719,241.0928,358.2143,130.2442,357.3867,-1
235.398,2.400021,241.0992,357.4626,145.7117,357.9265,-1
235.3956,2.399694,241.1034,356.9409,154.5873,357.3387,-1
235.3939,2.399412,241.1078,356.0701,162.9858,356.8301,-1
235.3938,2.399932,241.108,356.6384,163.4669,357.7657,-1
235.3938,2.400077,241.1081,357.0245,163.5654,358.0263,-1
235.3938,2.400183,241.1079,357.3006,163.1826,358.2169,-1
235.394,2.400093,241.1076,357.3517,162.5438,358.0553,-1
235.3942,2.400328,241.1069,358.2508,161.1965,358.4779,-1
235.3982,2.399718,241.0989,1.135979,144.9921,357.3847,-1
235.409,2.3995,241.0892,2.443478,118.7576,356.9922,-1
235.4207,2.40035,241.0854,3.810929,96.58334,358.514,-1
235.4221,2.400373,241.0853,3.476627,94.19185,358.5563,-1
235.4221,2.400475,241.0853,3.389956,94.0164,358.7401,-1
235.4234,2.400212,241.0852,1.155395,91.75037,358.2705,-1
235.4328,2.399576,241.0864,359.3507,74.87399,357.1314,-1
235.4445,2.399387,241.0924,358.3036,51.08868,356.7905,-1
235.451,2.399268,241.0995,358.1458,33.85776,356.5769,-1
235.4557,2.39844,241.1108,357.9842,11.67404,355.0892,-1
235.4563,2.398357,241.1157,358.4159,2.878099,354.942,-1
235.4564,2.398855,241.1176,357.7421,359.5574,355.8343,-1
235.4563,2.398872,241.1183,357.0917,358.1799,355.8636,-1
235.4563,2.39883,241.118,357.339,358.7875,355.7882,-1
235.4564,2.399217,241.1165,357.5743,1.337482,356.4835,-1
235.4563,2.399261,241.1144,357.531,5.254728,356.5628,-1
235.4559,2.39941,241.1118,357.6872,9.782458,356.8318,-1
235.4561,2.399237,241.1129,357.5556,8.005759,356.5202,-1
235.4556,2.398394,241.1242,357.2358,347.6334,355.003,-1
235.4502,2.399876,241.1361,356.0749,323.8621,357.6633,-1
235.4564,2.400471,241.1177,357.5317,359.2286,358.7332,-1
235.4526,2.400777,241.102,357.7477,28.46402,359.2814,-1
235.4399,2.399765,241.0892,357.1686,61.23537,357.4666,-1
235.4327,2.399446,241.0863,356.7385,75.17775,356.8927,-1
235.4298,2.399234,241.0857,356.9869,80.57251,356.5133,-1
235.424,2.400418,241.0852,357.2688,90.84288,358.6389,-1
235.4116,2.399735,241.088,358.1625,113.8027,357.4149,-1
235.4005,2.39906,241.0961,358.479,138.7456,356.2048,-1
235.3934,2.40026,241.1093,359.7144,165.7942,358.3573,-1
235.3927,2.399409,241.1138,0.5373107,173.8317,356.8308,-1
235.3926,2.399626,241.1149,0.5321913,175.9041,357.2202,-1
235.3925,2.4004,241.1153,0.5431949,176.5195,358.6067,-1
235.3926,2.40049,241.114,0.03445486,174.2887,358.7693,-1
235.3926,2.400404,241.1139,359.8464,174.0612,358.6152,-1
235.3926,2.400361,241.1143,359.6136,174.7697,358.5381,-1
235.3926,2.400313,241.1143,359.701,174.7713,358.4521,-1
235.3926,2.400399,241.1143,359.6826,174.8989,358.6059,-1
235.3926,2.400421,241.1143,359.5381,174.8428,358.6449,-1
235.3926,2.400452,241.1142,359.3043,174.6316,358.7005,-1
235.3926,2.400508,241.114,359.3872,174.2903,358.8011,-1
235.3926,2.400626,241.1139,359.5178,174.0198,359.0128,-1
235.3926,2.400585,241.1139,359.473,174.0551,358.9384,-1
235.393,2.400306,241.1112,359.6392,169.1175,358.4392,-1
235.3988,2.399014,241.0982,359.7317,143.5407,356.1231,-1
235.4123,2.398716,241.0877,359.7883,112.4217,355.5877,-1
235.4295,2.399512,241.0857,359.6928,80.91541,357.0162,-1
235.4397,2.400319,241.0891,358.9387,61.60092,358.4615,-1
235.4475,2.399937,241.0951,358.9779,43.80572,357.7775,-1
235.4534,2.399951,241.1037,358.7319,24.95496,357.8032,-1
235.4509,2.400482,241.0992,0.4820998,34.17263,358.7538,-1
235.4366,2.400771,241.0876,359.8589,67.73602,359.2724,-1
235.4221,2.400048,241.0853,358.7912,94.27103,357.9771,-1
235.4137,2.399293,241.0871,359.9365,109.5539,356.6233,-1
235.4057,2.399642,241.0913,0.01164526,125.8678,357.2505,-1
235.3972,2.39905,241.1006,359.4552,148.7025,356.1881,-1
235.3944,2.398949,241.1063,359.1853,160.1254,356.0055,-1
235.4034,2.399713,241.0931,358.806,131.1374,357.3751,-1
235.4246,2.400898,241.0852,1.062083,89.63128,359.4992,-1
235.4434,2.402042,241.0915,1.263074,53.61033,1.54877,-1
235.4517,2.401097,241.1005,1.666192,31.49434,359.8554,-1
235.4538,2.400401,241.1046,1.028358,23.14697,358.6086,-1
235.4552,2.400053,241.1086,359.3829,15.6902,357.9864,-1
235.4554,2.399865,241.1094,359.2264,14.16608,357.6494,-1
235.4507,2.400809,241.0989,0.4515374,34.91669,359.34,-1
235.4432,2.401222,241.0913,359.9589,54.0201,0.07950532,-1
235.4332,2.400367,241.0864,359.9303,74.17573,358.5476,-1
235.4092,2.400209,241.0891,359.7291,118.3666,358.2655,-1
235.4046,2.398463,241.0922,358.557,128.4792,355.132,-1
235.4041,2.39886,241.0927,0.1042043,129.7014,355.8477,-1
235.4075,2.399419,241.0901,0.233303,122.0006,356.8499,-1
235.4105,2.399451,241.0885,0.3153129,115.8557,356.906,-1
235.4127,2.39964,241.0875,0.920661,111.5174,357.2447,-1
235.4169,2.399417,241.0862,0.8747227,103.6491,356.8457,-1
235.4201,2.399289,241.0856,0.8428824,97.70694,356.6152,-1
235.4235,2.399429,241.0853,1.54982,91.54028,356.8656,-1
235.4242,2.399425,241.0853,1.735777,90.3678,356.8588,-1
235.4242,2.399425,241.0853,1.735777,90.3678,356.8588,-1
235.4246,2.399584,241.0852,2.250675,89.54947,357.143,-1
235.4237,2.399962,241.0852,2.50547,91.18525,357.8217,-1
235.4231,2.400064,241.0853,2.302928,92.3872,358.0049,-1
235.4232,2.40015,241.0853,2.134081,92.18964,358.1583,-1
235.4232,2.400255,241.0852,2.40311,92.08974,358.3472,-1
235.4232,2.400245,241.0852,2.717503,92.07874,358.3274,-1
235.4233,2.400226,241.0852,2.865498,91.87971,358.293,-1
235.4235,2.400195,241.0852,2.733345,91.64385,358.2391,-1
235.4236,2.400184,241.0852,2.907541,91.40984,358.2187,-1
235.4237,2.400136,241.0852,2.834337,91.25359,358.1312,-1
235.4237,2.400074,241.0852,2.534957,91.20549,358.0215,-1
235.4237,2.400026,241.0852,2.325836,91.20734,357.9367,-1
235.4238,2.40003,241.0852,2.295057,91.07628,357.9429,-1
235.4238,2.400004,241.0852,2.012959,91.01791,357.8962,-1
235.4239,2.400013,241.0852,1.955937,90.86288,357.9127,-1
235.4239,2.39997,241.0852,1.873519,90.84283,357.8356,-1
235.424,2.399925,241.0852,1.804163,90.75609,357.7548,-1
235.424,2.399893,241.0852,1.874555,90.72346,357.6978,-1
235.4241,2.399914,241.0852,1.850685,90.54516,357.7356,-1
235.4241,2.399906,241.0852,1.874723,90.49699,357.7211,-1
235.4242,2.399963,241.0852,1.930913,90.28722,357.8239,-1
235.4243,2.399978,241.0852,1.816602,90.18205,357.8499,-1
235.4244,2.399969,241.0852,1.796404,90.00677,357.8333,-1
235.4244,2.399842,241.0852,1.750266,90.0537,357.6072,-1
235.4245,2.399911,241.0852,1.68845,89.82786,357.73,-1
235.4245,2.39993,241.0852,1.734906,89.78046,357.7638,-1
235.4246,2.399914,241.0852,1.715571,89.56838,357.7358,-1
235.4247,2.399893,241.0852,1.776698,89.53524,357.6985,-1
235.4247,2.399924,241.0852,1.890347,89.41675,357.7532,-1
235.4247,2.399963,241.0852,2.024576,89.38536,357.8235,-1
235.4248,2.399987,241.0852,2.111783,89.33755,357.8655,-1
235.4248,2.399926,241.0852,2.103532,89.34728,357.7563,-1
235.4248,2.399926,241.0852,2.380863,89.30311,357.7559,-1
235.4248,2.399928,241.0852,2.363143,89.21227,357.7599,-1
235.4249,2.399883,241.0852,2.626549,89.16525,357.6787,-1
235.4221,2.399632,241.0853,2.902268,94.14001,357.2281,-1
235.4192,2.399997,241.0857,2.660767,99.25469,357.8833,-1
235.4193,2.399848,241.0857,3.904788,99.1828,357.6133,-1
235.4198,2.399677,241.0856,3.645891,98.20001,357.3064,-1
235.4203,2.399704,241.0855,2.889712,97.32208,357.3563,-1
235.421,2.399686,241.0854,2.702637,96.09894,357.3251,-1
235.4211,2.399729,241.0854,2.616742,95.97698,357.4026,-1
214.6674,2.40516,181.379,2.558954,95.83147,357.5677,-1
214.6674,2.405146,181.379,2.575959,95.74574,357.5419,-1
214.6676,2.40517,181.379,2.41065,95.41437,357.5863,-1
214.671,2.405068,181.3788,2.065425,89.30066,357.4026,-1
214.6816,2.404988,181.3807,0.7613946,69.99799,357.2618,-1
214.6871,2.405042,181.3834,0.4450044,58.97635,357.3576,-1
214.6859,2.405193,181.3827,0.3610633,61.51241,357.6295,-1
214.6796,2.405176,181.3801,0.4301195,73.69192,357.5975,-1
214.6765,2.405034,181.3794,0.4463461,79.41342,357.3441,-1
214.6762,2.404765,181.3793,0.9357547,79.9379,356.8615,-1
214.6765,2.404724,181.3794,0.9074218,79.4119,356.788,-1
214.6766,2.404902,181.3794,1.041536,79.28215,357.1058,-1
214.6765,2.405008,181.3794,0.8587185,79.38408,357.2973,-1
214.6707,1.031517,181.4108,0,315,0,exit0
214.6762,2.405029,181.3793,0.6379322,80.01547,357.3351,-1
214.6766,2.405093,181.3794,0.6605623,79.28742,357.4492,-1
214.6772,2.405135,181.3795,0.9492732,78.19815,357.5249,-1
214.6796,2.40485,181.3801,1.08026,73.81983,357.0141,-1
214.6823,2.404582,181.381,1.329224,68.59257,356.5321,-1
214.684,2.404667,181.3817,1.170741,65.33499,356.685,-1
214.6836,2.404616,181.3816,0.9874537,65.98666,356.5938,-1
214.6834,2.404647,181.3815,0.9093038,66.38503,356.6496,-1
214.6812,2.404938,181.3806,0.759845,70.74863,357.1716,-1
214.6759,2.405418,181.3792,359.466,80.52579,358.0323,-1
214.665,2.405575,181.3793,357.9984,100.2917,358.3112,-1
214.6713,2.404392,181.3789,358.7484,88.8773,356.1924,-1
214.6781,2.403766,181.3798,357.1187,76.79829,355.0626,-1
214.673,2.405168,181.3789,357.2581,85.85027,357.5803,-1
214.6682,2.405478,181.3789,358.3012,94.55238,358.1379,-1
214.6617,2.405398,181.3801,358.5083,106.3093,357.9958,-1
214.6533,2.405336,181.3839,357.8493,123.0071,357.8835,-1
214.6389,2.406421,181.407,0.1405891,173.1955,359.8281,-1
214.6402,2.405554,181.4203,0.1159785,197.3808,358.2757,-1
214.6383,2.406576,181.4218,359.942,226.1022,0.1052919,-1
214.6195,2.405402,181.3953,0.6332803,253.5096,358.0032,-1
214.6242,2.405054,181.3962,358.8527,262.3962,357.3792,-1
214.6292,2.405214,181.3965,359.1263,271.3004,357.6653,-1
214.6281,2.404912,181.3965,359.5157,269.4015,357.1249,-1
214.6218,2.4051,181.3958,359.2908,258.0005,357.4613,-1
214.6112,2.404964,181.3914,359.9787,237.1705,357.2177,-1
214.5977,2.404131,181.3728,358.5707,195.023,355.7227,-1
214.5706,2.404622,181.3066,359.4304,222.0141,356.6051,-1
214.5591,2.405113,181.274,0.3875718,255.8086,357.4856,-1
214.5611,2.405177,181.2744,0.274912,259.6103,357.5994,-1
214.541,2.404742,181.2618,0.6983174,215.9466,356.8196,-1
214.5394,2.404495,181.2593,0.1133579,210.7085,356.3773,-1
214.5162,2.404688,181.2239,0.1069741,243.0981,356.724,-1
214.524,2.404474,181.2263,1.046238,258.517,356.3395,-1
214.5308,2.404815,181.2269,0.7282471,270.7555,356.9507,-1
214.5359,2.405706,181.2265,0.8457538,279.9743,358.5482,-1
214.5493,2.403961,181.2206,1.947879,306.2957,355.4153,-1
214.5559,2.40397,181.2141,2.287176,322.9997,355.4304,-1
214.5598,2.405195,181.2073,1.249039,337.3325,357.6312,-1
214.562,2.405262,181.1991,0.691934,352.5385,357.7522,-1
214.5622,2.403349,181.1943,1.697601,1.025708,354.3167,-1
214.5582,2.404076,181.2104,1.625772,330.8438,355.6237,-1
214.551,2.405154,181.2193,0.5765396,310.3197,357.559,-1
214.5618,2.404227,181.2003,1.180874,350.2216,355.8963,-1
214.5618,2.40563,181.1893,359.5496,10.19302,358.4106,-1
214.5589,2.404003,181.2091,1.459385,333.5485,355.4928,-1
214.548,2.404463,181.2216,359.5481,303.5302,356.3199,-1
214.5299,2.40415,181.2269,359.0051,269.3527,355.757,-1
214.5107,2.404153,181.2202,357.6562,232.3047,355.7594,-1
214.5038,2.403549,181.2126,358.9998,213.753,354.6767,-1
214.2663,2.404476,181.0085,1.610514,248.7397,356.342,-1
214.1185,2.40522,180.929,0.1019016,278.2105,357.6759,-1
214.1259,2.404651,180.9267,358.596,292.7321,356.6565,-1
214.1342,2.403447,180.9215,357.7185,310.525,354.4899,-1
214.142,2.404082,180.9118,359.353,332.7302,355.6356,-1
214.1455,2.40428,180.899,359.1688,356.8612,355.9914,-1
214.1444,2.403857,180.8887,356.7172,15.69727,355.2237,-1
214.137,2.400445,180.8761,358.9658,42.23071,349.061,-1
214.1291,2.402072,180.8695,0.3288133,60.68587,352.0148,-1
214.1197,2.403233,180.8659,0.7766163,78.97589,354.1085,-1
214.1121,2.404287,180.8653,1.043655,92.70251,356.0029,-1
214.1087,2.404218,180.8657,0.286231,98.93331,355.8795,-1
214.1062,2.403132,180.8662,358.9744,103.5324,353.9263,-1
214.114,2.403477,180.8653,355.9586,89.64234,354.5344,-1
214.1307,2.403993,180.8702,357.0734,57.91569,355.4691,-1
214.1664,2.404411,180.9024,358.6057,47.75392,356.2263,-1
214.3209,2.403791,181.0436,358.6641,59.49755,355.1122,-1
214.3124,2.404477,181.0402,358.3375,76.75648,356.3431,-1
214.3105,2.403997,181.0399,358.4146,80.29924,355.4821,-1
214.3106,2.404537,181.0398,359.2563,79.99096,356.4524,-1
214.3103,2.404665,181.0398,359.3695,80.54803,356.6825,-1
214.31,2.404482,181.0397,0.4858897,80.96005,356.3539,-1
214.3098,2.404373,181.0397,1.513251,81.25836,356.157,-1
214.3419,2.40431,181.0445,2.828339,81.46748,356.0401,-1
214.7854,2.404087,181.1101,3.645985,81.72022,355.6365,-1
215.5422,2.404227,181.2203,4.157844,81.65385,355.886,-1
216.2872,2.404473,181.331,3.63036,81.22861,356.3311,-1
216.898,2.395266,181.4272,4.616891,80.96233,356.5803,-1
217.5544,2.404724,181.5315,4.797172,80.97914,356.7769,-1
218.3113,2.402852,181.6516,4.922797,80.94884,356.6737,-1
219.0788,2.404602,181.7724,5.874393,81.2764,356.5506,-1
219.7453,2.404307,181.8744,4.661144,81.31254,356.3807,-1
220.526,2.404493,181.9931,5.518829,81.42997,356.3571,-1
221.2895,2.404444,182.1088,4.853393,81.40036,356.272,-1
222.0499,2.404452,182.224,5.490324,81.29236,356.2837,-1
222.8282,2.404432,182.343,5.190189,81.2657,356.2483,-1
223.398,2.400847,182.431,6.022065,81.04481,356.3158,-1
224.1622,2.404428,182.5508,6.025534,81.17236,356.2358,-1
224.9475,2.396779,182.6727,6.538926,81.15997,356.2292,-1
225.7348,2.402323,182.7949,6.073873,81.16083,356.2732,-1
226.514,2.404501,182.9163,6.397904,81.06079,356.3651,-1
227.2773,2.404517,183.0371,5.979175,80.93259,356.3978,-1
228.0583,2.402572,183.1624,6.320362,80.8723,356.4021,-1
228.8421,2.404508,183.2882,6.148055,80.84853,356.3785,-1
229.6218,2.404446,183.4138,6.380971,80.7941,356.2658,-1
230.3981,2.403089,183.5398,6.205467,80.77191,356.3698,-1
231.179,2.404524,183.6675,6.395893,80.58499,356.4068,-1
231.9362,2.404556,183.7936,6.247703,80.45963,356.4662,-1
232.7133,2.401667,183.9246,6.47298,80.33337,356.4834,-1
233.343,2.404543,184.0319,6.003151,80.36237,356.4445,-1
234.0982,2.404523,184.1602,6.259004,80.3747,356.4055,-1
234.8808,2.404505,184.293,6.141103,80.33659,356.3746,-1
235.6595,2.404531,184.4266,6.606655,80.18398,356.4179,-1
236.4095,2.398371,184.5571,6.299551,80.03896,356.4266,-1
237.0822,2.404508,184.6758,6.896766,80.01128,356.375,-1
237.8518,2.40448,184.8114,6.434045,79.98521,356.3278,-1
238.6077,2.400873,184.9447,6.825143,79.95842,356.3289,-1
239.3843,2.404463,185.0826,6.58592,79.93951,356.2953,-1
240.1378,2.404461,185.2162,6.640623,80.01026,356.2912,-1
240.9219,2.395626,185.3534,6.868875,80.13731,356.2708,-1
241.6777,2.404339,185.4849,7.006443,80.12926,356.0676,-1
242.457,2.404297,185.6204,6.819478,79.92204,355.9933,-1
243.229,2.400813,185.7588,6.951017,79.59498,356.1023,-1
243.9855,2.404347,185.8976,6.785361,79.70056,356.0851,-1
244.76,2.404352,186.0383,6.951217,79.73212,356.0919,-1
245.4699,2.404412,186.1671,7.201891,79.70947,356.1987,-1
246.2262,2.404385,186.3048,7.401406,79.72318,356.147,-1
246.9956,2.403799,186.4435,7.893482,79.96799,355.9862,-1
247.7728,2.396266,186.5806,7.588658,80.13654,355.7856,-1
248.5281,2.404213,186.7125,8.005114,79.9824,355.8312,-1
249.1494,2.404225,186.8222,7.34868,80.04782,355.8585,-1
249.921,2.404292,186.9591,8.12607,79.75927,355.972,-1
250.6724,2.404295,187.0943,7.674552,79.79247,355.9831,-1
251.4639,2.404301,187.2381,8.242046,79.63763,355.9879,-1
252.2066,2.404254,187.3738,7.970198,79.62057,355.9046,-1
252.8932,2.401581,187.4991,8.785767,79.71202,355.8091,-1
253.7691,2.40411,187.6561,8.244128,80.07991,355.642,-1
254.5424,2.404171,187.7924,8.925074,79.75034,355.7452,-1
255.3887,2.404286,187.9469,8.318608,79.50952,355.9597,-1
256.1917,2.404265,188.0956,8.924191,79.48899,355.9144,-1
256.8627,2.403744,188.2194,8.410273,79.64998,355.8062,-1
257.6165,2.397804,188.3562,9.159998,79.7382,355.714,-1
258.287,2.403001,188.4783,8.475815,79.65828,355.632,-1
259.0392,2.404196,188.6162,9.171221,79.44036,355.787,-1
259.757,2.404249,188.7497,8.560182,79.44023,355.8903,-1
260.4408,2.4042,188.8774,9.153715,79.35618,355.7931,-1
261.2144,2.398011,189.0224,9.106309,79.50513,355.7151,-1
261.8864,2.403994,189.1471,8.618564,79.59323,355.4264,-1
262.5688,2.404013,189.2733,9.02351,79.44038,355.4554,-1
263.2555,2.404119,189.4014,9.187426,79.37689,355.6462,-1
263.7753,2.394481,189.4994,8.994125,79.17264,355.6878,-1
264.5235,2.404146,189.643,8.932042,79.0635,355.6981,-1
265.2791,2.40406,189.7884,8.819297,79.22868,355.5428,-1
265.9206,2.404018,189.9104,8.556691,79.34042,355.4707,-1
266.6733,2.399592,190.0523,8.619129,79.31342,355.439,-1
267.3757,2.403965,190.1843,8.392828,79.42286,355.3759,-1
268.1458,2.403935,190.3279,8.528662,79.39915,355.321,-1
268.8254,2.40065,190.4559,7.981653,79.28067,355.3989,-1
269.4095,2.403963,190.5665,8.642141,79.28585,355.3702,-1
270.0834,2.403949,190.6941,8.488538,79.30366,355.3453,-1
270.6163,2.403913,190.7948,8.733947,79.36316,355.2771,-1
271.2112,2.403811,190.9066,8.399992,79.23144,355.0973,-1
271.9896,2.403986,191.056,7.898447,79.05314,355.4207,-1
272.5818,2.404145,191.1707,7.33726,78.94124,355.7136,-1
273.3539,2.403507,191.3217,7.901456,78.88792,355.7476,-1
274.1302,2.404251,191.4746,7.716919,78.7981,355.9015,-1
274.8863,2.404234,191.6246,7.745104,78.74961,355.8714,-1
275.647,2.40416,191.7753,7.72054,78.81888,355.7376,-1
276.4136,2.4025,191.9272,7.367144,78.75008,355.7146,-1
277.0138,2.403717,192.0467,7.397306,78.68471,355.8206,-1
277.7416,2.404205,192.1925,7.061908,78.57402,355.8251,-1
278.514,2.404253,192.3489,7.191851,78.53024,355.9102,-1
279.2945,2.404151,192.5051,7.218227,78.93339,355.726,-1
280.0483,2.404073,192.6527,7.484727,78.93409,355.5811,-1
280.8046,2.404061,192.8007,7.158658,78.81673,355.5641,-1
281.5798,2.404088,192.9539,7.273513,78.72656,355.6116,-1
282.3382,2.404104,193.1049,7.059097,78.69284,355.6428,-1
283.1094,2.403663,193.2589,7.231668,78.65287,355.6845,-1
283.8643,2.397259,193.4103,7.136691,78.68583,355.589,-1
284.6203,2.404068,193.5611,7.706264,78.77448,355.5705,-1
285.391,2.404046,193.7141,7.240513,78.75993,355.5359,-1
286.1436,2.40406,193.8637,7.797101,78.70853,355.5974,-1
286.8055,2.404105,193.9964,7.258079,78.71852,355.6451,-1
287.569,2.404156,194.1491,7.919116,78.62701,355.7277,-1
288.4547,2.403605,194.3278,7.235542,78.55417,355.7143,-1
289.2499,2.404194,194.4897,7.652745,78.43779,355.812,-1
290.0311,2.404113,194.6495,7.048913,78.45461,355.6593,-1
290.6946,2.404133,194.7846,7.469672,78.47858,355.6914,-1
291.41,2.404152,194.9298,7.054422,78.57838,355.7287,-1
292.1638,2.40414,195.0817,7.712744,79.02853,355.6998,-1
292.917,2.404185,195.2173,7.274289,81.07156,355.7861,-1
293.5693,2.402994,195.3163,7.667638,81.92716,355.8961,-1
294.2221,2.40416,195.4097,6.98942,81.76183,355.7443,-1
295.0023,2.398424,195.5229,7.639347,81.58521,355.8852,-1
295.7606,2.404221,195.636,6.900556,81.41965,355.8551,-1
296.5195,2.404212,195.7502,7.525258,81.42198,355.8344,-1
297.2308,2.404174,195.8577,6.806045,81.419,355.7712,-1
297.894,2.402651,195.9578,7.251998,81.42229,355.6277,-1
298.6608,2.404043,196.0735,7.073596,81.44213,355.5323,-1
299.2751,2.403929,196.1663,6.752451,81.43309,355.3292,-1
299.9565,2.403871,196.2695,7.133908,81.34495,355.4807,-1
300.8327,2.401822,196.4023,6.972461,81.36514,355.5085,-1
301.482,2.404023,196.5012,7.066911,81.29271,355.4961,-1
302.3459,2.403986,196.6328,7.027876,81.43663,355.4295,-1
303.0591,2.403963,196.7402,7.248971,81.42007,355.3855,-1
303.8326,2.403983,196.857,6.971471,81.35345,355.4244,-1
304.6909,2.403995,196.9877,7.099967,81.28593,355.4438,-1
305.4876,2.402358,197.1099,6.75472,81.30223,355.4071,-1
306.2693,2.403934,197.2297,7.12676,81.27009,355.3334,-1
307.1877,2.403893,197.3712,6.412642,81.24769,355.266,-1
307.908,2.403876,197.4819,6.511669,81.16415,355.2357,-1
308.7205,2.403849,197.6079,5.195662,81.09781,355.1974,-1
309.2659,2.403795,197.6935,4.54158,80.91637,355.1052,-1
310.0452,2.397449,197.8178,4.029909,80.9774,355.3796,-1
310.5322,2.404056,197.8962,4.147764,80.69962,355.5777,-1
311.4395,2.403974,198.0444,4.949852,80.84064,355.4249,-1
311.8578,2.403931,198.1122,4.392791,80.74174,355.3503,-1
312.6321,2.403162,198.2384,5.19727,80.76997,355.3503,-1
313.2062,2.403991,198.3324,4.106766,80.53767,355.461,-1
313.8781,2.404026,198.4444,4.641143,80.56006,355.5213,-1
314.6489,2.40395,198.5735,5.587667,80.21598,355.3764,-1
315.2241,2.404099,198.6757,3.485657,79.03702,355.659,-1
315.5354,2.394351,198.7361,1.066819,77.37807,355.8692,-1
315.5489,2.404343,198.7391,0.4072024,76.63281,356.1032,-1
315.5482,2.404135,198.739,0.7804483,77.8624,355.7311,-1
315.547,2.404044,198.7388,1.892695,80.01681,355.5662,-1
315.5435,2.404763,198.7383,2.004263,86.30745,356.8558,-1
315.5438,2.404765,198.7383,1.001799,85.84635,356.8606,-1
315.5455,2.404803,198.7385,0.7193268,82.81094,356.9296,-1
315.5464,2.404707,198.7386,0.8167959,81.28564,356.7565,-1
315.5416,1.031517,198.7702,0,315,0,enter1
315.5466,2.404637,198.7386,0.9158622,80.91372,356.6322,-1
315.5469,2.404713,198.7387,0.7934433,80.39922,356.768,-1
315.5517,2.404906,198.7399,1.077228,71.39071,357.1134,-1
315.5551,2.405129,198.7412,0.8976724,64.98909,357.5145,-1
315.5607,2.405183,198.7446,359.9285,53.17389,357.6109,-1
315.5685,2.405028,198.753,358.4259,32.6487,357.3322,-1
315.5718,2.404964,198.7599,358.0336,18.86067,357.2171,-1
315.5728,2.405487,198.7635,357.8967,12.24059,358.1541,-1
315.5734,2.405312,198.7676,357.815,4.659181,357.8404,-1
315.5735,2.404132,198.7708,356.6543,359.2657,355.7183,-1
315.5721,2.404876,198.7795,356.4613,343.17,357.054,-1
315.5602,2.405539,198.7962,356.2459,305.7212,358.2451,-1
315.5416,1.031517,198.7702,0,315,0,exit1
315.548,2.405116,198.8015,356.2665,281.7526,357.4844,-1
315.5446,2.405878,198.802,355.2592,275.5395,358.8518,-1
315.546,2.405439,198.8019,355.0214,278.0856,358.063,-1
315.5435,2.40505,198.8021,354.6016,273.7653,357.3602,-1
315.5402,2.405402,198.8022,354.6505,267.8382,357.994,-1
315.542,2.40486,198.8022,355.1703,271.0407,357.0221,-1
315.5557,2.40503,198.7989,358.0148,296.3978,357.3348,-1
315.5711,2.404666,198.7823,358.6476,337.7854,356.6825,-1
315.5724,2.404537,198.7784,358.0196,345.1583,356.4498,-1
315.5726,2.404489,198.7779,357.9189,346.1759,356.3645,-1
315.5729,2.40439,198.7765,357.9622,348.7599,356.1867,-1
315.5731,2.404637,198.7751,358.4495,351.2693,356.6299,-1
315.5732,2.404032,198.7743,358.7003,352.6584,355.5456,-1
315.5732,2.404435,198.7739,357.1089,353.4607,356.2654,-1
315.5732,2.405085,198.775,358.2298,351.5255,357.4339,-1
315.5732,2.40479,198.7746,358.407,352.2086,356.9051,-1
315.5732,2.404703,198.7747,357.8496,351.9829,356.748,-1
315.5659,2.404671,198.8272,358.4359,352.0226,356.6914,-1
315.5558,2.395433,198.901,359.4082,352.2349,356.2913,-1
315.5245,2.400367,199.1299,359.8753,352.2665,356.1737,-1
315.4912,2.403314,199.3811,0.02888685,352.8075,355.8578,-1
315.4585,2.404086,199.6402,0.4747944,352.8902,355.6427,-1
315.4263,2.404011,199.8986,0.967518,352.9685,355.5072,-1
315.3926,2.40304,200.1756,1.099978,353.1719,355.6086,-1
315.3501,2.40418,200.5338,1.355663,353.1273,355.8101,-1
315.2911,2.404084,201.0244,1.382563,353.1406,355.9622,-1
315.248,2.404437,201.3842,1.173498,352.9311,356.272,-1
315.1731,2.397956,201.979,1.689209,352.749,356.5693,-1
315.1202,2.404735,202.3909,1.735718,352.5368,356.8055,-1
315.0742,2.404731,202.7442,1.939941,352.7166,356.8042,-1
315.0053,2.404609,203.2892,2.476938,352.9901,356.5782,-1
314.9202,2.40458,203.98,2.244899,353.0897,356.527,-1
314.8371,2.404603,204.6679,2.031109,353.0532,356.5697,-1
314.7783,2.399097,205.156,1.876291,353.1173,356.6072,-1
314.715,2.404631,205.6791,1.939276,353.0927,356.6194,-1
314.662,2.401676,206.1131,2.034835,352.9438,356.6813,-1
314.5918,2.404737,206.6833,2.106447,352.9267,356.8091,-1
314.5389,2.39612,207.1101,2.124468,352.8338,356.8105,-1
314.4896,2.404659,207.5051,2.284281,353.0327,356.7094,-1
314.4123,2.404616,208.137,2.47735,353.0286,356.5908,-1
314.3716,2.404601,208.4687,2.415596,353.0711,356.5642,-1
314.3068,2.404456,208.9998,2.794521,353.0534,356.5458,-1
314.2311,2.404525,209.6221,2.990264,353.0632,356.4259,-1
314.1675,2.404456,210.1513,3.239959,353.1993,356.3006,-1
314.0984,2.404489,210.7298,3.586316,353.0818,356.3592,-1
314.0195,2.404529,211.3777,3.858314,352.99,356.4297,-1
313.946,2.401438,211.9734,3.969085,352.8997,356.429,-1
313.8696,2.404483,212.5894,3.762434,352.901,356.3486,-1
313.7894,2.402761,213.2345,3.56497,352.894,356.3768,-1
313.7162,2.40457,213.8177,3.343889,352.823,356.5063,-1
313.6384,2.404609,214.4394,2.962566,353.0282,356.5777,-1
313.5837,2.397624,214.8835,2.527433,352.9117,356.6563,-1
313.4996,2.40473,215.555,2.734458,352.8627,356.7958,-1
313.4085,2.404751,216.2795,2.647776,352.7273,356.8338,-1
313.3425,2.404765,216.7975,2.529113,352.7721,356.8587,-1
313.2376,2.397905,217.6239,2.91346,352.696,356.9477,-1
313.1599,2.404822,218.2311,2.792949,352.5946,356.9603,-1
313.0646,2.404821,218.9634,2.692419,352.5785,356.959,-1
312.9628,2.404719,219.7417,2.641967,352.5218,356.9959,-1
312.85,2.404853,220.5999,2.883711,352.5041,357.0153,-1
312.7244,2.404867,221.5494,2.895125,352.3755,357.0402,-1
312.6133,2.398149,222.3789,2.677166,352.3272,357.0335,-1
312.5071,2.40486,223.1624,2.676732,352.2482,357.0293,-1
312.404,2.404852,223.9216,2.624356,352.2599,357.0143,-1
312.2996,2.399042,224.6891,2.857633,352.3206,356.8754,-1
312.1943,2.404744,225.4695,2.877328,352.3168,356.8203,-1
312.074,2.404748,226.3609,3.062868,352.2987,356.8275,-1
311.948,2.404724,227.2926,3.075711,352.3022,356.7838,-1
311.8303,2.404743,228.1654,3.114563,352.2619,356.8182,-1
311.7236,2.404723,228.953,3.142266,352.3184,356.7808,-1
311.6176,2.400792,229.7373,3.33704,352.3071,356.763,-1
311.5117,2.400456,230.5214,3.472741,352.3275,356.7621,-1
311.4203,2.404707,231.198,3.549905,352.281,356.7509,-1
311.3098,2.404683,232.013,3.704611,352.268,356.7078,-1
311.1956,2.40472,232.8459,3.685628,352.0943,356.7736,-1
311.124,2.404647,233.3618,3.792662,352.1134,356.6432,-1
311.0208,2.404605,234.1079,3.959704,352.1648,356.5662,-1
310.9133,2.404624,234.8888,3.94992,352.1696,356.6006,-1
310.8079,2.402333,235.6531,3.898839,352.1018,356.6409,-1
310.7014,2.396479,236.4223,4.078277,352.0942,356.6027,-1
310.5941,2.404416,237.1902,4.081512,352.0223,356.6581,-1
310.4852,2.404636,237.9675,4.127838,352.071,356.6216,-1
310.3796,2.404575,238.726,4.19439,352.1337,356.511,-1
310.2745,2.404559,239.4898,4.277349,352.1681,356.4828,-1
310.1658,2.402882,240.2798,4.199107,352.1224,356.529,-1
310.0575,2.404573,241.0612,4.336271,352.0938,356.5077,-1
309.9484,2.404483,241.8497,4.247309,352.1755,356.3457,-1
309.8405,2.404535,242.6304,4.470782,352.0537,356.4373,-1
309.7313,2.397903,243.4128,4.255038,352.0325,356.4915,-1
309.625,2.403183,244.1738,4.193918,352.0186,356.4701,-1
309.5311,2.404527,244.843,3.996464,352.0899,356.4254,-1
309.4233,2.40453,245.6228,4.200594,352.1193,356.4299,-1
309.3174,2.404562,246.3888,3.955923,352.0951,356.4885,-1
309.2089,2.395378,247.1697,4.038643,352.1733,356.4113,-1
309.1011,2.404411,247.9543,4.028056,352.226,356.2163,-1
308.9973,2.404454,248.7159,4.155019,352.1508,356.2937,-1
308.8914,2.404502,249.4845,3.81108,352.131,356.3819,-1
308.7833,2.399451,250.2628,4.2233,352.0349,356.4488,-1
308.6738,2.397907,251.0455,3.944112,352.1554,356.3406,-1
308.5673,2.404497,251.8231,4.471233,352.188,356.3703,-1
308.4766,2.404547,252.4748,4.083716,351.9407,356.4621,-1
308.3649,2.404581,253.2613,4.605204,351.8844,356.5201,-1
308.2563,2.404538,254.0219,4.305525,351.9049,356.4446,-1
308.1456,2.404564,254.8019,4.868934,351.9928,356.4887,-1
308.042,2.404848,255.5634,5.201952,353.4943,356.9981,-1
308.0055,2.404273,255.8679,2.248737,353.5302,356.0204,-1
308.0029,2.402992,255.8888,2.403963,354.1432,354.9196,-1
308.003,2.403034,255.8885,1.949916,354.7919,354.9958,-1
308.003,2.403274,255.8882,0.4725661,355.5132,355.4303,-1
307.9712,1.030824,255.8857,0,315,0,enter2
308.0031,2.403416,255.8875,-0.004146165,356.8288,355.6858,-1
308.0017,2.404095,255.8953,1.736275,342.5143,356.9026,-1
307.9986,2.404246,255.9023,1.370574,328.7533,357.1733,-1
307.9949,2.404277,255.9072,359.5308,317.7257,357.2289,-1
307.9918,2.404138,255.9102,358.1972,310.1338,356.9795,-1
307.9915,2.403881,255.9104,357.4862,309.6257,356.5157,-1
307.9879,2.404078,255.913,359.2993,301.4587,356.873,-1
307.9814,2.404083,255.916,359.5438,288.6356,356.8824,-1
307.9739,2.405122,255.9176,358.4792,274.8758,358.7422,-1
307.9723,2.404037,255.9176,358.9955,272.0169,356.7995,-1
307.9708,2.403124,255.9176,359.027,269.3109,355.1603,-1
307.9688,2.403762,255.9175,357.9518,265.7614,356.3041,-1
307.9712,1.030824,255.8857,0,315,0,exit2
307.9678,2.405145,255.9175,358.4706,263.9892,358.7849,-1
307.9669,2.405849,255.9174,358.4563,262.2867,0.04461782,-1
307.9646,2.404506,255.917,358.0032,258.0945,357.6378,-1
307.9566,2.403254,255.914,357.1812,242.8834,355.3877,-1
307.9549,2.404143,255.9132,354.7199,239.585,356.976,-1
307.9563,2.405471,255.914,354.1829,242.195,359.3655,-1
307.958,2.405492,255.9149,354.1328,245.7194,359.4038,-1
307.9646,2.405266,255.917,353.6547,258.1397,358.9948,-1
307.9651,2.405159,255.9171,352.9259,259.2065,358.8013,-1
307.9654,2.404897,255.9171,352.9074,259.6757,358.3269,-1
307.9659,2.404686,255.9172,355.516,260.6577,357.957,-1
307.9653,2.404607,255.9171,356.3799,259.4116,357.8174,-1
307.9649,2.404397,255.9171,356.745,258.7478,357.4409,-1
307.9659,2.404557,255.9172,356.7929,260.6206,357.7274,-1
307.9675,2.404981,255.9175,357.2231,263.3836,358.4901,-1
307.9668,2.404616,255.9174,358.6193,262.0811,357.8371,-1
307.967,2.403479,255.9173,0.2213958,262.4351,355.798,-1
307.967,2.403821,255.9174,0.4561752,262.3834,356.4118,-1
307.9666,2.404104,255.9173,2.093957,261.6299,356.9181,-1
307.9665,2.404117,255.9173,3.039147,261.2988,356.9382,-1
307.9666,2.403904,255.9173,3.563988,261.3622,356.5542,-1
307.7541,2.404565,255.8846,4.145877,261.1906,356.4944,-1
307.3532,2.404435,255.8239,4.287834,261.5668,356.2589,-1
307.0748,2.404473,255.7831,3.827447,261.6762,356.3298,-1
306.8097,2.404436,255.7447,4.088983,261.9199,356.2626,-1
306.5539,2.404477,255.7084,4.183546,262.0037,356.3357,-1
306.288,2.39617,255.6712,4.510107,262.0012,356.3643,-1
305.7949,2.40452,255.6021,4.882998,262.0198,356.4091,-1
305.5247,2.404587,255.5641,4.887819,262.0234,356.5301,-1
305.0225,2.404588,255.4938,5.575436,261.8934,356.5269,-1
304.4091,2.404612,255.4069,5.625838,262.1055,356.5703,-1
303.9315,2.404584,255.3411,5.320084,262.217,356.5213,-1
303.3629,2.404644,255.2631,5.759555,262.217,356.6284,-1
302.8065,2.398734,255.1873,5.823463,262.3029,356.485,-1
302.2454,2.404565,255.1115,5.823463,262.3029,356.485,-1
301.8138,2.400949,255.0534,5.823463,262.3029,356.485,-1
301.3422,2.398782,254.9905,5.997898,262.4141,356.5361,-1
300.7472,2.404259,254.9108,6.398026,262.3506,356.5546,-1
299.984,2.404662,254.8078,6.277073,262.3724,356.6568,-1
299.2124,2.404708,254.7045,5.536736,262.6145,356.7451,-1
298.4494,2.402726,254.6055,3.906614,262.5793,357.0802,-1
297.6657,2.404927,254.5076,3.018158,263.7851,357.1482,-1
297.0486,2.404828,254.4396,2.00703,263.445,356.9729,-1
296.3504,2.404802,254.3609,1.787673,263.8109,356.9257,-1
295.6509,2.404874,254.2853,1.647185,263.8751,357.0549,-1
294.8727,2.404728,254.2018,1.169163,264.0016,356.7938,-1
294.0436,2.401746,254.1161,1.580788,264.2928,356.72,-1
293.2394,2.395437,254.0346,1.264618,264.1329,357.0003,-1
292.3284,2.404855,253.9413,1.078988,264.2275,357.0405,-1
291.425,2.404699,253.8511,0.7477386,264.6168,356.743,-1
290.5586,2.404641,253.7705,0.6158276,264.8044,356.6379,-1
289.6233,2.404607,253.6869,0.4388891,265.0009,356.5783,-1
288.9276,2.40462,253.6263,0.4715238,265.0984,356.6017,-1
288.1446,2.400834,253.5597,0.5808742,265.2374,356.5705,-1
287.3817,2.404624,253.4959,0.5634206,265.2314,356.6096,-1
286.5143,2.401707,253.4231,0.4952024,265.1502,356.7679,-1
285.7018,2.404729,253.3537,0.4116334,265.1764,356.7974,-1
285.0522,2.404716,253.2989,0.4203619,265.1922,356.7736,-1
284.0449,2.404727,253.2148,0.4360068,265.2422,356.7924,-1
283.2735,2.399379,253.151,0.3042912,265.2217,356.8259,-1
282.5047,2.404629,253.0877,0.07976383,265.4109,356.6184,-1
281.7202,2.40046,253.0257,0.01056641,265.5702,356.5541,-1
281.063,2.404496,252.9748,0.03758515,265.5496,356.6938,-1
280.3531,2.397901,252.9198,359.8766,265.6032,356.7379,-1
279.6308,2.40472,252.8643,359.7549,265.586,356.7802,-1
278.862,2.404794,252.8049,359.6711,265.5341,356.9134,-1
278.0732,2.404365,252.7434,359.6458,265.6416,356.7739,-1
277.2856,2.404651,252.6842,359.4906,265.867,356.6568,-1
276.5208,2.404582,252.6304,359.396,266.1545,356.5323,-1
275.7297,2.404618,252.5771,359.485,266.1243,356.5972,-1
274.9395,2.40454,252.5242,359.4463,266.2344,356.579,-1
274.15,2.404572,252.4725,359.3433,266.3399,356.5148,-1
273.3587,2.404606,252.4223,359.2954,266.3895,356.577,-1
272.5926,2.404742,252.373,359.5158,266.1613,356.8198,-1
271.8278,2.404714,252.3227,359.5355,266.4002,356.7696,-1
271.0348,2.404661,252.2736,359.4466,266.6463,356.6745,-1
270.2441,2.404697,252.2273,359.591,266.5963,356.7399,-1
269.4562,2.404673,252.18,359.4556,266.6689,356.6953,-1
268.6637,2.403916,252.1344,359.599,266.8562,356.6701,-1
267.8742,2.40467,252.0914,359.3074,266.964,356.6911,-1
267.1078,2.400215,252.0516,359.2281,267.121,356.6787,-1
266.3176,2.404077,252.0112,359.2888,267.1455,356.8588,-1
265.5249,2.401091,251.9723,359.1373,267.2547,356.897,-1
264.7581,2.404749,251.9356,359.1848,266.9414,356.8331,-1
264.0872,2.404723,251.8922,359.0756,264.7347,356.7866,-1
263.3389,2.404495,251.8152,359.0616,263.0618,356.3763,-1
262.5534,2.404562,251.7159,359.1512,262.0889,356.496,-1
261.7932,2.398262,251.6129,359.1933,262.3774,356.3862,-1
260.8399,2.404636,251.4808,359.1145,261.7688,356.6303,-1
260.0541,2.402538,251.3664,358.9881,261.7625,356.6721,-1
259.2943,2.404421,251.259,358.9579,262.4688,356.2433,-1
258.5303,2.404209,251.1617,358.9618,263.2418,355.8641,-1
257.748,2.396737,251.0701,358.9002,263.3517,356.0259,-1
256.9594,2.404456,250.9786,359.0724,263.291,356.3063,-1
256.1736,2.404639,250.8846,359.1357,263.0666,356.635,-1
255.3882,2.404721,250.7899,359.1174,263.2018,356.7815,-1
254.4968,2.402936,250.6852,358.9591,263.4777,356.722,-1
253.6145,2.404682,250.5851,358.8099,263.6878,356.7118,-1
252.7762,2.404576,250.4938,358.753,264.0177,356.5208,-1
251.9674,2.404263,250.4095,358.7553,264.1566,356.5173,-1
251.2047,2.402331,250.3316,358.5745,264.122,356.6988,-1
250.3082,2.404697,250.2396,358.5748,264.2253,356.7385,-1
249.5236,2.404686,250.1609,358.503,264.3442,356.7196,-1
248.4281,2.404259,250.0524,358.503,264.3442,356.7196,-1
247.5966,2.404686,249.9702,358.503,264.3442,356.7196,-1
246.6475,2.404538,249.8797,358.6301,264.8904,356.453,-1
245.6753,2.40448,249.7937,358.5962,265.1868,356.3487,-1
244.7439,2.402912,249.7161,358.6464,265.4238,356.2462,-1
243.9077,2.404397,249.6503,358.57,265.7015,356.2005,-1
242.971,2.404379,249.5811,358.6482,265.9245,356.1673,-1
242.0488,2.404306,249.5162,358.7432,266.081,356.0371,-1
241.0256,2.404229,249.4472,358.7042,266.3374,355.8984,-1
240.1091,2.404266,249.3892,358.5744,266.4006,355.9655,-1
239.194,2.40436,249.3307,358.6115,266.3122,356.1343,-1
238.4041,2.399359,249.2805,358.6433,266.3814,356.236,-1
237.3342,2.40343,249.2134,358.6379,266.422,356.2558,-1
236.4131,2.396775,249.1563,358.5467,266.5164,356.1909,-1
235.3503,2.402745,249.0941,358.4281,266.9115,355.9418,-1
234.4246,2.401577,249.0439,358.1604,267.0157,355.8847,-1
233.5618,2.404256,248.9997,358.2664,267.1133,355.9468,-1
232.694,2.404299,248.9561,358.0656,267.1507,356.0223,-1
232.0138,2.404356,248.9229,358.2954,267.2147,356.1261,-1
231.0786,2.404379,248.8773,358.1284,267.3066,356.168,-1
230.284,2.404259,248.842,358.0013,268.0072,355.9508,-1
229.522,2.403112,248.8519,358.0492,275.9795,355.1625,-1
228.5478,2.403053,248.9876,358.1447,281.1209,355.0082,-1
227.7758,2.395432,249.1449,358.0426,282.3787,354.8534,-1
227.0345,2.403534,249.308,358.2477,282.9393,354.6483,-1
226.4426,2.403611,249.4453,358.2597,282.9719,354.7871,-1
225.6458,2.400883,249.6267,358.381,282.5354,354.9523,-1
224.7607,2.404041,249.8077,357.9779,280.5246,355.5602,-1
224.6436,2.403393,249.8297,357.2716,280.5804,355.8481,-1
224.6406,2.403376,249.8301,357.6052,275.3531,355.8093,-1
224.6296,2.403823,249.8292,358.0302,255.3021,356.6122,-1
224.6176,2.403913,249.8231,358.0207,230.9562,356.7736,-1
224.5236,2.405065,249.6846,357.25,191.9609,357.3967,-1
224.4792,2.404744,249.3765,357.6407,166.236,356.8213,-1
224.575,2.404049,249.1614,355.5988,150.9831,355.5642,-1
224.6684,2.398328,249.008,354.6052,136.4795,357.5724,-1
224.6847,2.396401,248.9893,354.1757,129.4135,358.3946,-1
224.6847,2.396404,248.9893,354.1757,129.4135,358.3946,-1
224.7141,2.40516,248.9652,354.3402,133.8277,357.5578,-1
224.7565,2.406052,248.9204,353.3546,138.7293,359.1617,-1
224.7724,2.40587,248.905,354.6445,119.9359,358.8365,-1
224.8057,2.406489,248.8984,354.2431,94.79982,359.9489,-1
225.0138,2.406404,248.8881,353.7218,90.35175,359.7956,-1
225.2923,2.405981,248.8815,351.6451,104.1128,359.0297,-1
225.2809,2.405506,248.8885,352.0645,131.7022,358.1723,-1
225.2718,2.406225,248.9022,351.7644,161.3108,359.4721,-1
225.2703,2.405164,248.909,346.1694,174.3288,357.5041,-1
225.2714,2.405143,248.9035,341.9506,164.3502,357.4115,-1
225.2757,2.405969,248.8944,343.9594,145.7666,358.9792,-1
225.2904,2.405676,248.8828,346.7093,111.7315,358.4536,-1
225.3064,2.40548,248.8808,350.1946,82.5244,358.1157,-1
225.5323,2.405433,248.9238,351.043,89.55221,358.0342,-1
225.8126,2.405282,248.917,350.8465,141.8416,357.7593,-1
225.8349,2.403837,248.8967,355.0868,187.8115,355.1786,-1
225.8444,2.401735,248.9151,359.0611,225.6691,351.4047,-1
225.8588,2.402481,248.9232,0.5737374,255.6809,352.7544,-1
225.8708,2.402266,248.9239,0.7104855,277.4037,352.3656,-1
225.8807,2.401079,248.9207,1.669431,296.2531,350.2125,-1
225.8855,2.402171,248.918,1.721831,306.2102,352.1908,-1
225.8885,2.403853,248.9157,1.319068,313.0986,355.2231,-1
225.89,2.404293,248.9142,0.9325445,317.1146,356.0137,-1
225.891,2.403317,248.913,2.070702,319.7208,354.258,-1
225.891,2.403031,248.9129,2.875703,319.7019,353.7378,-1
225.8908,2.40374,248.9133,3.929398,318.9237,355.0101,-1
225.8905,2.404017,248.9136,5.074666,318.0377,355.502,-1
225.8809,2.404103,248.9243,5.838466,317.9022,355.6507,-1
225.7134,2.399958,249.1088,6.947958,317.573,355.5894,-1
225.225,2.403929,249.6439,8.960657,317.7948,355.3577,-1
224.1239,2.403924,250.8657,9.966319,318.0876,355.2813,-1
222.943,2.405326,252.161,9.955142,315.6286,357.8349,-1
221.7937,2.398446,253.3065,10.13533,313.7834,0.8299831,-1
220.929,2.408009,254.1326,10.10376,312.989,2.71524,-1
220.4791,2.408984,254.5368,9.62101,312.0781,4.484276,-1
220.1246,2.405684,254.404,9.787287,311.5374,6.920391,-1
219.4028,2.409466,253.8455,11.34859,310.7924,5.393924,-1
218.2151,2.405998,253.6426,10.88057,315.9625,359.0545,-1
217.5342,2.403586,254.0492,11.10269,321.0754,354.6452,-1
216.8808,2.400838,254.8683,10.12071,321.8665,355.9234,-1
215.8831,2.403242,256.1381,10.88669,321.8452,356.5903,-1
214.7561,2.404709,257.5738,10.4086,321.5145,356.7061,-1
213.6333,2.404191,258.9669,10.18498,320.8195,355.7643,-1
212.5506,2.403532,260.3149,10.52647,322.3425,354.5555,-1
211.4923,2.403235,261.6979,10.3867,323.0728,354.0157,-1
210.43,2.403265,263.1119,9.686249,323.0906,354.0831,-1
209.3078,2.403365,264.603,9.280193,322.9715,354.2714,-1
208.2384,2.40334,266.0145,9.386703,322.6441,354.2245,-1
207.0281,2.402867,267.5978,9.241616,322.3925,354.1519,-1
205.8977,2.403044,269.0616,8.25631,322.0232,353.7041,-1
204.8342,2.402846,270.422,6.097093,321.8812,353.3742,-1
203.669,2.402309,271.9073,2.35789,321.895,352.4368,-1
202.4979,2.402271,273.4063,358.0923,321.9701,352.3709,-1
201.9123,2.402822,274.1502,354.3381,321.3293,353.3369,-1
201.887,2.403049,274.182,354.0809,319.0198,354.6761,-1
201.8868,2.403109,274.1823,354.845,318.3789,354.7944,-1
201.8868,2.403117,274.1822,356.648,318.1862,354.8191,-1
201.8631,1.031001,274.1609,0,315,0,enter0
