*Subject
19
*Layout
1
*Condition
True,True,False
*Marks
115.9021,0,273.9117
210.7766,0,231.5009
235.2635,0,286.2753
*Path
x,y,z,flag
231.3983,2.406602,169.2627,350.5495,149.7324,0.1542282,-1
231.3986,2.406004,169.2623,353.5686,149.0343,359.0757,-1
231.3981,2.405194,169.2632,355.8701,150.9381,357.6235,-1
231.3976,2.404672,169.2642,359.1829,152.8275,356.6943,-1
231.3973,2.405072,169.2647,358.2341,153.8392,357.4109,-1
231.3973,2.404841,169.2648,0.9873539,153.874,356.9976,-1
231.3974,2.404914,169.2646,1.464048,153.443,357.1285,-1
231.3979,2.407143,169.2635,6.81751,151.5379,1.129292,-1
231.3976,2.406847,169.2641,11.04016,152.7242,0.6024376,-1
231.3977,2.406599,169.2639,11.65969,152.1495,0.148983,-1
231.3976,2.406514,169.264,11.1755,152.4597,359.994,-1
231.3979,2.406853,169.2636,6.856061,151.6075,0.6057338,-1
231.3981,2.406765,169.2631,353.3922,150.4228,0.4474627,-1
231.3983,2.406228,169.2627,353.7095,149.8306,359.4799,-1
231.3986,2.405161,169.2624,355.8974,149.1647,357.566,-1
231.3987,2.405206,169.2623,357.7095,148.8569,357.6505,-1
231.3983,2.405553,169.2629,358.757,150.123,358.2726,-1
231.3971,2.405262,169.2651,356.0219,154.7119,357.748,-1
231.4001,2.405314,169.2601,359.3125,144.175,357.8454,-1
231.3995,2.404988,169.2609,359.3075,145.9018,357.2603,-1
231.3982,2.405142,169.2631,2.108929,150.4215,357.5353,-1
231.3968,2.405599,169.2658,2.995306,155.8438,358.3544,-1
231.3974,2.404941,169.2645,2.181291,153.2473,357.1745,-1
231.3972,2.405234,169.2649,0.8989017,154.1018,357.7021,-1
231.3971,2.405498,169.265,0.9930812,154.4072,358.1748,-1
231.3971,2.40441,169.2653,1.054588,154.8753,356.2245,-1
231.3966,2.404805,169.2664,359.7426,157.0686,356.9324,-1
231.3966,2.404847,169.2663,359.9518,156.8396,357.0089,-1
231.3965,2.404935,169.2665,359.8412,157.3428,357.1671,-1
231.3964,2.405136,169.2668,0.2543261,157.8195,357.526,-1
231.3963,2.405207,169.2669,359.5672,158.0858,357.6527,-1
231.3964,2.40516,169.2668,359.3141,157.9406,357.5692,-1
231.3964,2.405118,169.2667,359.4704,157.6409,357.4931,-1
231.3964,2.405157,169.2668,359.1313,157.8958,357.5638,-1
231.3964,2.405207,169.2667,359.1034,157.7928,357.654,-1
231.3964,2.405185,169.2667,359.4158,157.7422,357.6144,-1
231.3964,2.405171,169.2667,359.682,157.7059,357.5886,-1
231.3965,2.405248,169.2666,359.9066,157.5251,357.7273,-1
231.3964,2.40526,169.2666,-0.004845112,157.5784,357.7489,-1
231.3964,2.405226,169.2667,0.1017319,157.6781,357.6882,-1
231.3965,2.405242,169.2666,359.8672,157.5028,357.7159,-1
231.3965,2.405262,169.2666,359.9089,157.4202,357.7519,-1
231.3965,2.405253,169.2665,0.02897569,157.2851,357.7357,-1
231.3965,2.405287,169.2664,359.905,157.1303,357.7963,-1
231.3966,2.405287,169.2663,359.8921,156.9731,357.7971,-1
231.3966,2.405333,169.2662,359.8498,156.7828,357.8795,-1
231.3966,2.40534,169.2662,0.1225249,156.7341,357.8931,-1
231.3965,2.40543,169.2665,0.7039818,157.2153,358.0532,-1
231.3966,2.405545,169.2662,0.8192457,156.7098,358.2586,-1
231.3972,2.405974,169.2648,6.568155,153.9434,359.0206,-1
231.3966,2.405845,169.2662,23.84975,156.1391,358.6842,-1
231.3961,2.40574,169.2675,27.13941,158.638,358.4372,-1
231.396,2.405687,169.2678,28.14969,159.0475,358.3152,-1
231.3961,2.405455,169.2675,29.08313,158.0954,357.8232,-1
231.3955,2.405058,169.2692,31.67833,160.8575,356.9287,-1
231.3955,2.404369,169.2695,32.80104,160.461,355.4199,-1
231.3951,2.404243,169.2709,35.31308,162.7479,355.004,-1
231.3952,2.40474,169.2703,33.84529,162.3205,356.1674,-1
231.3951,2.405135,169.2708,30.14865,163.9722,357.1366,-1
231.3951,2.404139,169.2708,27.48687,163.2036,355.1945,-1
231.395,2.402945,169.2716,27.84283,163.4761,352.7471,-1
231.3953,2.400796,169.2717,36.97721,159.0743,347.0675,-1
231.3958,2.403133,169.2687,36.05555,156.9015,352.4845,-1
231.3971,2.413629,169.267,18.53316,162.0126,13.55602,-1
231.3941,2.408215,169.2776,18.64598,178.8577,3.209006,-1
231.3963,2.404051,169.2672,25.98481,156.5134,355.0829,-1
231.4028,2.403905,169.257,16.98999,135.2883,355.1039,-1
231.4221,2.406803,169.2471,36.03386,97.34523,0.6335544,-1
231.4349,2.411078,169.2484,55.16831,85.58809,14.44974,-1
231.437,2.409723,169.249,64.58488,82.05116,13.50021,-1
231.4371,2.409661,169.249,57.07415,78.38168,10.41366,-1
231.4365,2.409569,169.2487,59.10168,79.99432,10.70286,-1
231.4365,2.409492,169.2487,64.20841,81.92594,12.33651,-1
231.4365,2.409418,169.2487,64.20738,81.61576,12.02308,-1
231.4365,2.40936,169.2487,62.90778,80.76144,11.24772,-1
231.4366,2.409236,169.2487,64.85755,81.12514,11.53629,-1
231.4366,2.409182,169.2488,63.48599,80.19882,10.75225,-1
231.4367,2.409147,169.2488,64.31616,80.314,10.93117,-1
231.4367,2.409115,169.2488,64.34666,80.09546,10.80733,-1
231.4368,2.409079,169.2488,63.64001,79.55744,10.38918,-1
231.4368,2.409046,169.2488,64.64407,79.74149,10.63435,-1
231.4369,2.409013,169.2489,63.72671,79.12411,10.14988,-1
231.437,2.408987,169.2489,64.36337,79.18472,10.27743,-1
231.437,2.408968,169.2489,63.8619,78.80113,10.01371,-1
231.4371,2.408944,169.2489,63.98698,78.65359,9.959027,-1
231.4371,2.408925,169.2489,64.21641,78.56068,9.960815,-1
231.4372,2.408907,169.249,63.76752,78.21764,9.729192,-1
231.4372,2.408891,169.249,64.26785,78.24619,9.839025,-1
231.4373,2.408877,169.249,63.71349,77.87332,9.58726,-1
231.4374,2.408865,169.249,64.15971,77.88296,9.690568,-1
231.4374,2.408849,169.249,63.859,77.59758,9.520316,-1
231.4375,2.40884,169.2491,63.96741,77.4961,9.521101,-1
231.4375,2.408832,169.2491,64.0162,77.37492,9.504051,-1
231.4376,2.408824,169.2491,63.81814,77.16773,9.406113,-1
231.4376,2.408819,169.2491,64.12775,77.14816,9.487406,-1
231.4377,2.408814,169.2491,63.78482,76.89447,9.354006,-1
231.4378,2.408807,169.2492,64.04215,76.85268,9.410511,-1
231.4378,2.408798,169.2492,63.83537,76.62684,9.304088,-1
231.4379,2.4088,169.2492,63.95546,76.56259,9.352062,-1
231.4379,2.408791,169.2492,63.96965,76.42657,9.318274,-1
231.438,2.408789,169.2493,63.85566,76.26907,9.274575,-1
231.438,2.408768,169.2493,63.93358,76.10363,9.209569,-1
231.4381,2.408761,169.2493,63.85455,75.93708,9.155161,-1
231.4382,2.408766,169.2493,64.11151,75.93352,9.261968,-1
231.4382,2.408793,169.2494,64.25596,75.98231,9.424359,-1
231.4383,2.408845,169.2494,64.23979,76.0638,9.635159,-1
231.4383,2.408831,169.2494,64.49355,75.99654,9.667942,-1
231.4384,2.408822,169.2494,64.59184,75.8849,9.664925,-1
231.4384,2.408814,169.2495,64.67838,75.77983,9.660922,-1
231.4385,2.408805,169.2495,64.73982,75.66222,9.645319,-1
231.4386,2.408805,169.2495,64.82578,75.58522,9.676057,-1
231.4386,2.408801,169.2495,64.93621,75.5136,9.701249,-1
231.4387,2.408787,169.2495,64.90139,75.33716,9.626802,-1
231.4387,2.408777,169.2496,65.02354,75.24187,9.627117,-1
231.4388,2.408706,169.2496,65.00841,74.85299,9.31866,-1
231.4388,2.408692,169.2496,65.10052,74.73187,9.29152,-1
231.4389,2.408643,169.2496,65.08157,74.41127,9.072788,-1
231.4389,2.408629,169.2497,65.27083,74.32235,9.078875,-1
231.439,2.408619,169.2497,65.10358,74.12189,8.975309,-1
231.4391,2.408607,169.2497,65.24422,74.02579,8.972466,-1
231.4391,2.408605,169.2497,65.11986,73.87637,8.921072,-1
231.4391,2.408601,169.2497,65.35078,73.84801,8.983919,-1
231.4392,2.408601,169.2498,65.27461,73.73243,8.958469,-1
231.4392,2.408603,169.2498,65.33062,73.6668,8.985641,-1
231.4393,2.408608,169.2498,65.4113,73.62685,9.036061,-1
231.4393,2.408616,169.2498,65.36678,73.54948,9.052849,-1
231.4394,2.408647,169.2498,65.58994,73.68336,9.268756,-1
231.4394,2.408678,169.2499,65.33089,73.61604,9.310531,-1
231.4395,2.408682,169.2499,65.57772,73.65065,9.4194,-1
231.4395,2.408671,169.2499,65.32294,73.41736,9.27751,-1
231.4395,2.408681,169.2499,65.49317,73.43655,9.384241,-1
231.4396,2.408745,169.25,65.3308,73.54472,9.600624,-1
231.4396,2.408751,169.25,65.50597,73.56179,9.695309,-1
231.4397,2.40874,169.25,65.65017,73.49498,9.700128,-1
231.4397,2.408731,169.25,65.47988,73.30677,9.59876,-1
231.4398,2.408685,169.25,65.58308,73.07921,9.433856,-1
231.4398,2.408677,169.25,65.40505,72.89386,9.331546,-1
231.4398,2.408682,169.2501,65.51365,72.87846,9.395791,-1
231.4399,2.408685,169.2501,65.42982,72.78068,9.375172,-1
231.4399,2.408684,169.2501,65.48825,72.73215,9.393624,-1
231.4399,2.408683,169.2501,65.4793,72.64686,9.38484,-1
231.44,2.408686,169.2501,65.45611,72.57958,9.391087,-1
231.44,2.408688,169.2502,65.48487,72.52151,9.409765,-1
231.44,2.408689,169.2502,65.44771,72.44204,9.399223,-1
231.4401,2.408688,169.2502,65.50441,72.38579,9.417402,-1
231.4401,2.408691,169.2502,65.43473,72.29324,9.403828,-1
231.4402,2.408693,169.2502,65.48313,72.25446,9.433278,-1
231.4402,2.408695,169.2502,65.43693,72.16183,9.42124,-1
231.4402,2.408697,169.2503,65.47591,72.11302,9.444548,-1
231.4403,2.408695,169.2503,65.44767,72.02493,9.429942,-1
231.4403,2.4087,169.2503,65.44827,71.97477,9.447347,-1
231.4403,2.4087,169.2503,65.45831,71.92045,9.455677,-1
231.4404,2.4087,169.2503,65.47731,71.8529,9.457901,-1
231.4404,2.408697,169.2504,65.46743,71.77551,9.442161,-1
231.4404,2.408699,169.2504,65.46281,71.71635,9.447544,-1
231.4405,2.4087,169.2504,65.50629,71.67783,9.469129,-1
231.4405,2.408699,169.2504,65.4627,71.59549,9.449064,-1
231.4405,2.408699,169.2504,65.51558,71.55544,9.470501,-1
231.4406,2.408698,169.2504,65.48215,71.47707,9.451641,-1
231.4406,2.408694,169.2504,65.51321,71.40736,9.447632,-1
231.4406,2.408696,169.2505,65.5129,71.35346,9.455716,-1
231.4406,2.408695,169.2505,65.49738,71.28523,9.446144,-1
231.4407,2.408696,169.2505,65.52825,71.24188,9.458845,-1
231.4407,2.408694,169.2505,65.51613,71.17235,9.447698,-1
231.4407,2.408693,169.2505,65.56939,71.13378,9.464225,-1
231.4408,2.408696,169.2505,65.52778,71.07281,9.46088,-1
231.4408,2.4087,169.2505,65.57362,71.04945,9.495011,-1
231.4408,2.4087,169.2506,65.56783,70.99767,9.491356,-1
231.4408,2.4087,169.2506,65.56594,70.94816,9.490202,-1
231.4409,2.408699,169.2506,65.56689,70.89521,9.489143,-1
231.4409,2.408695,169.2506,65.52585,70.80888,9.455178,-1
231.4409,2.408697,169.2506,65.5913,70.78617,9.487439,-1
231.4409,2.408701,169.2506,65.52891,70.72639,9.484287,-1
231.441,2.408703,169.2506,65.59766,70.70918,9.516352,-1
231.441,2.408703,169.2507,65.54288,70.63562,9.499175,-1
231.441,2.408705,169.2507,65.59566,70.60763,9.523595,-1
231.441,2.4087,169.2507,65.58027,70.53343,9.500426,-1
231.4411,2.4087,169.2507,65.58434,70.4798,9.497064,-1
231.4411,2.4087,169.2507,65.60434,70.4487,9.505437,-1
231.4411,2.408697,169.2507,65.57951,70.38577,9.485496,-1
231.4411,2.408695,169.2507,65.6226,70.35288,9.489449,-1
231.4411,2.408697,169.2507,65.57638,70.30265,9.481144,-1
231.4412,2.408697,169.2507,65.62759,70.28937,9.503713,-1
231.4412,2.408697,169.2508,65.58902,70.23244,9.48772,-1
231.4412,2.408698,169.2508,65.63374,70.21038,9.508791,-1
231.4412,2.408698,169.2508,65.61977,70.16711,9.504238,-1
231.4413,2.408699,169.2508,65.59174,70.12162,9.497818,-1
231.4413,2.4087,169.2508,65.61971,70.10097,9.51244,-1
231.4413,2.408702,169.2508,65.58909,70.06647,9.509038,-1
231.4413,2.408701,169.2508,65.62655,70.03756,9.519827,-1
231.4413,2.408705,169.2508,65.59294,70.01084,9.526997,-1
231.4413,2.408705,169.2508,65.62339,69.99518,9.536803,-1
231.4413,2.408706,169.2509,65.61547,69.97311,9.536543,-1
231.4414,2.408706,169.2509,65.6228,69.94492,9.540503,-1
231.4414,2.408709,169.2509,65.63567,69.93303,9.556169,-1
231.4414,2.408708,169.2509,65.60551,69.8838,9.541905,-1
231.4414,2.408707,169.2509,65.626,69.8666,9.542887,-1
231.4414,2.40871,169.2509,65.61078,69.85242,9.552962,-1
231.4414,2.408708,169.2509,65.62186,69.82295,9.548855,-1
231.4414,2.40871,169.2509,65.62115,69.80296,9.555646,-1
231.4414,2.408708,169.2509,65.5992,69.76405,9.539638,-1
231.4415,2.408706,169.2509,65.61297,69.74149,9.534277,-1
231.4415,2.408707,169.2509,65.6218,69.72951,9.54549,-1
231.4415,2.408707,169.2509,65.64065,69.71006,9.551435,-1
231.4415,2.408706,169.2509,65.64879,69.68875,9.549318,-1
231.4415,2.408704,169.2509,65.63821,69.66402,9.538269,-1
231.4415,2.408706,169.2509,65.63227,69.64456,9.545062,-1
231.4415,2.408704,169.2509,65.64436,69.62566,9.539587,-1
231.4415,2.408699,169.2509,65.65285,69.59795,9.520703,-1
231.4415,2.408699,169.2509,65.65978,69.58057,9.520943,-1
231.4415,2.408698,169.2509,65.66003,69.56888,9.519309,-1
231.4415,2.408698,169.2509,65.66608,69.56529,9.520943,-1
231.4415,2.408699,169.2509,65.64752,69.55913,9.517494,-1
231.4415,2.408698,169.2509,65.6636,69.54328,9.517752,-1
231.4415,2.4087,169.2509,65.649,69.53795,9.522274,-1
231.4415,2.408704,169.251,65.64954,69.54645,9.541935,-1
231.4416,2.408705,169.251,65.64814,69.54852,9.547453,-1
231.4416,2.408706,169.251,65.65049,69.54387,9.549204,-1
231.4416,2.408704,169.251,65.67061,69.5444,9.550437,-1
231.4416,2.408703,169.251,65.65067,69.52955,9.53737,-1
231.4416,2.408705,169.251,65.693,69.54894,9.559405,-1
231.4416,2.408705,169.251,65.63595,69.52888,9.540853,-1
231.4416,2.408703,169.251,65.67822,69.53371,9.546062,-1
231.4416,2.408704,169.251,65.64153,69.52415,9.535999,-1
231.4416,2.408701,169.251,65.66153,69.5192,9.533621,-1
231.4416,2.408698,169.251,65.66355,69.50261,9.519354,-1
231.4416,2.408694,169.251,65.66576,69.48994,9.503792,-1
231.4416,2.408692,169.251,65.68154,69.4832,9.501049,-1
231.4416,2.408692,169.251,65.66849,69.48376,9.493746,-1
231.4416,2.408691,169.251,65.69207,69.50218,9.501226,-1
231.4415,2.40869,169.251,65.68233,69.50462,9.492502,-1
231.4415,2.408695,169.2509,65.68878,69.53977,9.514337,-1
231.4415,2.408702,169.2509,65.674,69.578,9.54188,-1
231.4415,2.408704,169.2509,65.6926,69.59995,9.558394,-1
231.4415,2.408703,169.2509,65.68024,69.5993,9.549694,-1
231.4415,2.408704,169.2509,65.68149,69.61034,9.55332,-1
231.4415,2.408704,169.2509,65.69746,69.62904,9.559556,-1
231.4415,2.408706,169.2509,65.65781,69.63253,9.550682,-1
231.4415,2.408703,169.2509,65.69213,69.65079,9.55333,-1
231.4415,2.408703,169.2509,65.65683,69.65921,9.538042,-1
231.4415,2.408703,169.2509,65.70406,69.69317,9.55808,-1
231.4415,2.408701,169.2509,65.70078,69.68857,9.545513,-1
231.4415,2.408699,169.2509,65.67478,69.67992,9.528573,-1
231.4415,2.408698,169.2509,65.7073,69.70452,9.536037,-1
231.4415,2.408699,169.2509,65.65931,69.70103,9.521275,-1
231.4415,2.4087,169.2509,65.68758,69.73669,9.53655,-1
231.4415,2.408701,169.2509,65.68753,69.76472,9.543554,-1
231.4414,2.408704,169.2509,65.71232,69.80589,9.564426,-1
231.4414,2.408704,169.2509,65.7066,69.83091,9.561857,-1
231.4414,2.408703,169.2509,65.70218,69.85808,9.556829,-1
231.4414,2.408704,169.2509,65.71854,69.89448,9.566079,-1
231.4414,2.4087,169.2509,65.7088,69.88703,9.543281,-1
231.4414,2.4087,169.2509,65.73984,69.92532,9.558258,-1
231.4414,2.408704,169.2509,65.69191,69.94239,9.557244,-1
231.4414,2.408709,169.2509,65.72031,69.99344,9.590471,-1
231.4413,2.408708,169.2509,65.70077,69.99731,9.574895,-1
231.4413,2.408707,169.2508,65.7185,70.02547,9.57851,-1
231.4413,2.408707,169.2508,65.714,70.04832,9.57987,-1
231.4413,2.408708,169.2508,65.71578,70.0727,9.583217,-1
231.4413,2.408707,169.2508,65.73012,70.09589,9.586396,-1
231.4413,2.408706,169.2508,65.69435,70.09875,9.567983,-1
231.4413,2.408708,169.2508,65.74063,70.15304,9.591469,-1
231.4413,2.408709,169.2508,65.72425,70.17364,9.589822,-1
231.4413,2.408708,169.2508,65.72256,70.1908,9.586227,-1
231.4412,2.40871,169.2508,65.74554,70.23547,9.60091,-1
231.4412,2.408707,169.2508,65.71008,70.25283,9.579087,-1
231.4412,2.408707,169.2508,65.73736,70.29202,9.58738,-1
231.4412,2.408709,169.2508,65.69605,70.31278,9.578903,-1
231.4412,2.408706,169.2508,65.75002,70.35717,9.586267,-1
231.4412,2.408707,169.2507,65.72229,70.38479,9.580471,-1
231.4411,2.408707,169.2507,65.75821,70.43177,9.596106,-1
231.4411,2.408707,169.2507,65.74015,70.4538,9.588284,-1
231.4411,2.408704,169.2507,65.72948,70.47207,9.56987,-1
231.4411,2.408795,169.2507,66.04009,71.02903,10.09421,-1
231.4411,2.408801,169.2507,65.79331,70.98284,10.02256,-1
231.4411,2.408801,169.2507,66.08933,71.14175,10.13951,-1
231.441,2.408694,169.2507,65.49977,70.48059,9.439978,-1
231.441,2.408682,169.2507,66.05717,70.6954,9.596146,-1
231.441,2.40866,169.2507,65.34425,70.34611,9.239937,-1
231.441,2.408653,169.2507,65.84864,70.55225,9.391939,-1
231.441,2.408649,169.2506,65.44599,70.42181,9.228008,-1
231.441,2.408647,169.2506,65.66786,70.5403,9.297549,-1
231.4409,2.408648,169.2506,65.58242,70.54189,9.270234,-1
231.4409,2.408648,169.2506,65.50078,70.55172,9.243632,-1
231.4409,2.408648,169.2506,65.71068,70.67327,9.317872,-1
231.4409,2.408649,169.2506,65.4095,70.59885,9.211636,-1
231.4409,2.408655,169.2506,65.76936,70.80154,9.368384,-1
231.4408,2.408659,169.2506,65.3995,70.71566,9.255372,-1
231.4408,2.408661,169.2506,65.71166,70.88464,9.374623,-1
231.4408,2.408664,169.2505,65.44385,70.83755,9.289962,-1
231.4408,2.408659,169.2505,65.60474,70.92999,9.326416,-1
231.4408,2.408659,169.2505,65.68861,70.98778,9.358274,-1
231.4408,2.408659,169.2505,65.68861,70.98778,9.358274,-1
231.4408,2.408659,169.2505,65.68858,70.98776,9.358266,-1
231.4407,2.408657,169.2505,65.34972,70.90542,9.225713,-1
231.4407,2.408656,169.2505,65.5892,71.04321,9.309918,-1
231.4407,2.408657,169.2505,65.34583,70.99396,9.223621,-1
231.4407,2.408659,169.2505,65.56911,71.14001,9.312825,-1
231.4406,2.408657,169.2505,65.44138,71.12804,9.259728,-1
231.4406,2.408657,169.2505,65.53103,71.21047,9.291838,-1
231.4406,2.408655,169.2504,65.52435,71.24674,9.280407,-1
231.4406,2.408655,169.2504,65.5166,71.2975,9.277486,-1
231.4406,2.408653,169.2504,65.64569,71.38824,9.317748,-1
231.4405,2.408654,169.2504,65.55404,71.40051,9.285565,-1
231.4405,2.408653,169.2504,65.73871,71.51724,9.348731,-1
231.4405,2.408654,169.2504,65.62757,71.52962,9.313686,-1
231.4404,2.408655,169.2504,65.78407,71.64855,9.374009,-1
231.4404,2.408654,169.2504,65.6795,71.65781,9.332713,-1
231.4404,2.408655,169.2503,65.76766,71.7414,9.366721,-1
231.4404,2.408652,169.2503,65.73849,71.76918,9.343633,-1
231.4403,2.408652,169.2503,65.74438,71.83059,9.348569,-1
231.4403,2.408651,169.2503,65.7836,71.88795,9.355769,-1
231.4403,2.408651,169.2503,65.70525,71.90784,9.326515,-1
231.4403,2.408653,169.2503,65.81271,72.01505,9.375402,-1
231.4402,2.408652,169.2503,65.7092,72.021,9.334398,-1
231.4402,2.408651,169.2502,65.85791,72.12177,9.383814,-1
231.4402,2.408656,169.2502,65.71917,72.14173,9.356616,-1
231.4402,2.408688,169.2502,65.85923,72.40153,9.546637,-1
231.4401,2.408822,169.2502,66.23484,73.19228,10.29784,-1
231.4396,2.408667,169.2499,71.55206,76.51476,12.25455,-1
231.4372,2.408281,169.2489,45.49152,72.73676,4.509202,-1
231.4254,2.407767,169.2469,24.41602,92.16173,2.45799,-1
231.416,2.408525,169.2485,20.06233,109.6329,3.829077,-1
231.4063,2.410016,169.2539,15.57093,130.0647,6.517342,-1
231.3943,2.402831,169.281,21.05981,181.2802,352.9089,-1
231.3948,2.403853,169.2854,20.65669,190.0996,354.8963,-1
231.3943,2.403059,169.2812,24.06287,181.5175,353.2031,-1
231.3942,2.403466,169.281,35.43706,180.0377,353.2789,-1
231.3957,2.396525,169.2813,40.51395,168.4133,335.7502,-1
231.3979,2.39152,169.2821,30.37442,168.548,327.0967,-1
231.3998,2.388479,169.2823,27.48305,166.6845,320.5499,-1
231.3998,2.388479,169.2823,27.48305,166.6845,320.5499,-1
231.3954,2.397281,169.2778,45.04757,160.5659,335.8887,-1
231.3944,2.404785,169.2739,20.68307,169.898,356.6833,-1
231.3984,2.41257,169.2637,9.137272,153.0703,11.04554,-1
231.401,2.412537,169.2598,16.4727,146.0166,11.31275,-1
231.4033,2.413565,169.2574,21.38089,141.7329,13.68165,-1
231.4032,2.413439,169.2575,25.98609,143.113,13.92357,-1
231.4056,2.415257,169.2558,28.36235,140.278,18.0835,-1
231.4043,2.412796,169.2562,7.857506,135.3454,11.42552,-1
231.4253,2.407172,169.2469,7.005804,91.31677,1.181937,-1
231.4519,2.410212,169.2604,17.61732,37.61387,6.95897,-1
231.4496,2.403492,169.3003,19.52652,315.7671,354.2429,-1
231.399,2.400993,169.295,12.04122,208.7703,349.834,-1
231.4204,2.408616,169.2474,8.253553,100.6532,3.800614,-1
231.4541,2.407745,169.2941,13.28496,332.0165,2.260249,-1
231.3995,2.402845,169.2964,9.980228,212.4526,353.3098,-1
231.4065,2.408421,169.2535,6.901941,128.0008,3.435727,-1
231.4302,2.408456,169.2472,7.486408,82.86649,3.503245,-1
231.4353,2.414613,169.2493,5.545749,74.06157,14.72567,-1
231.4422,2.414652,169.2525,21.63045,64.39639,15.87081,-1
231.4431,2.414172,169.2529,20.20865,61.68481,14.76833,-1
231.4508,2.416162,169.261,42.59864,52.63313,24.16913,-1
231.4544,2.420998,169.2758,50.09171,43.43583,44.85708,-1
231.4558,2.417215,169.2836,61.73379,32.2291,44.90605,-1
231.458,2.407318,169.2783,66.09349,4.161161,3.539111,-1
231.4362,2.401792,169.3088,60.66656,273.3552,342.4584,-1
231.4443,2.404366,169.305,48.90634,300.6306,354.1295,-1
231.4469,2.400465,169.3023,40.29997,302.3106,345.6404,-1
231.4517,2.397902,169.2958,18.40464,321.1848,343.5161,-1
231.4575,2.40132,169.2808,12.39201,354.4268,350.4291,-1
231.4576,2.403335,169.2823,10.08468,352.6629,354.2033,-1
231.4574,2.403748,169.2841,9.742244,349.6547,354.9629,-1
231.4576,2.404257,169.2831,5.545524,351.9096,355.9303,-1
231.4576,2.405632,169.2839,0.8054662,350.8927,358.4153,-1
231.4577,2.405827,169.2834,1.831156,351.7289,358.7629,-1
231.4577,2.4062,169.2835,0.7620542,351.6618,359.4323,-1
231.4577,2.407379,169.2833,1.83218,352.0303,1.544524,-1
231.4575,2.407143,169.2844,3.834934,350.0851,1.123132,-1
231.4571,2.406638,169.2864,7.740688,346.296,0.2180412,-1
231.456,2.40597,169.2899,8.158894,339.7197,359.0103,-1
231.4565,2.405822,169.2886,13.30098,341.9738,358.7214,-1
231.4564,2.406337,169.2887,13.40457,341.9109,359.6682,-1
231.4565,2.405862,169.2885,14.54862,342.1795,358.7882,-1
231.4564,2.407149,169.2887,6.11053,342.15,1.138578,-1
231.4565,2.406789,169.2885,0.6748444,342.4456,0.4863094,-1
231.457,2.405197,169.2867,359.4116,345.871,357.636,-1
231.4573,2.405172,169.2852,359.6672,348.5052,357.5915,-1
231.4574,2.405157,169.2846,0.4616293,349.6205,357.5634,-1
231.4575,2.405132,169.2845,0.8058,349.8065,357.5188,-1
231.4575,2.405541,169.2843,2.600346,350.0297,358.2512,-1
231.4575,2.40614,169.2846,3.968022,349.5717,359.3242,-1
231.4575,2.407022,169.2844,4.040192,350.0997,0.9052696,-1
231.4576,2.406261,169.2841,4.015631,350.5987,359.5408,-1
231.4575,2.405879,169.2845,3.729306,349.6609,358.8554,-1
231.4574,2.405652,169.2847,3.954309,349.2921,358.4471,-1
231.4574,2.405531,169.2852,2.703303,348.4947,358.232,-1
231.4573,2.405749,169.2856,1.555118,347.8561,358.6246,-1
231.4574,2.405228,169.2849,359.0776,349.0716,357.6916,-1
231.4574,2.405185,169.2848,359.0969,349.232,357.615,-1
231.4574,2.405181,169.2848,359.9642,349.3441,357.6068,-1
231.4574,2.404959,169.2847,359.4459,349.3852,357.2101,-1
231.457,2.404994,169.2866,358.2223,346.0309,357.2702,-1
231.4573,2.405405,169.2855,358.8032,348.0778,358.007,-1
231.4573,2.405106,169.2853,359.6226,348.2871,357.4729,-1
231.4574,2.405103,169.285,359.7136,348.8572,357.4671,-1
231.4574,2.405266,169.285,359.6295,348.9382,357.7588,-1
231.4574,2.405404,169.285,359.4054,348.8408,358.0074,-1
231.4573,2.405248,169.2853,358.9838,348.4224,357.726,-1
231.4573,2.405364,169.2852,358.4505,348.5373,357.9343,-1
231.4573,2.405404,169.2852,358.0951,348.6405,358.0056,-1
231.4574,2.405361,169.2851,358.1515,348.7844,357.9294,-1
231.4574,2.40533,169.285,357.9563,348.9187,357.8719,-1
231.4574,2.40532,169.285,357.8922,348.8906,357.8539,-1
231.4574,2.405254,169.285,358.0854,349.0003,357.7362,-1
231.4561,2.404984,169.2896,357.9794,340.4709,357.2525,-1
231.4554,2.405183,169.2915,357.7776,336.7618,357.6095,-1
231.4562,2.405879,169.2893,0.1812805,340.97,358.8565,-1
231.4574,2.406085,169.285,1.390029,348.8149,359.2261,-1
231.4574,2.406068,169.2851,1.094625,348.7345,359.1965,-1
231.4574,2.40588,169.285,0.617066,348.9193,358.8593,-1
231.4574,2.405745,169.2849,0.2067918,349.1267,358.6173,-1
231.4574,2.405647,169.2848,359.5556,349.2685,358.4411,-1
231.4574,2.405648,169.2848,359.6774,349.2195,358.4439,-1
231.4574,2.40563,169.2849,359.3897,349.1862,358.412,-1
115.9335,2.405634,273.9177,359.1956,349.1615,358.4192,-1
115.9335,2.405584,273.9176,359.0634,349.2885,358.3287,-1
115.9335,2.405581,273.9176,359.0022,349.2352,358.3242,-1
115.9339,2.405571,273.9156,359.0453,352.9178,358.3064,-1
115.9341,2.406139,273.9117,358.5508,359.8849,359.3235,-1
115.9339,2.40678,273.9076,358.1459,7.317576,0.4717907,-1
115.9317,2.406385,273.8994,358.4382,22.42763,359.7632,-1
115.9234,2.404759,273.8878,1.183393,48.0827,356.8495,-1
115.9148,2.405147,273.8823,0.4109526,66.51496,357.5465,-1
115.9055,2.405708,273.8798,0.6728687,83.98134,358.5507,-1
115.8942,2.403926,273.8808,359.7163,104.4633,355.3566,-1
115.888,2.402761,273.8832,1.39038,116.2465,353.2573,-1
115.9021,1.031517,273.9117,0,315,0,exit0
115.954,2.404928,273.8481,0.7314044,117.7662,357.154,-1
115.9842,2.405038,273.8328,0.6716765,117.2269,357.3512,-1
116.0177,2.404976,273.8152,0.5987271,116.1668,357.2395,-1
116.4895,2.40426,273.5887,2.961296,115.6999,355.9494,-1
118.9811,2.399714,272.3832,4.733844,115.4371,356.2111,-1
122.9041,2.402523,270.5264,5.811742,115.5314,356.8455,-1
126.9885,2.400503,268.5716,5.481089,115.647,357.3445,-1
131.1564,2.405041,266.5705,5.481089,115.647,357.3445,-1
134.9907,2.405041,264.7297,5.481089,115.647,357.3445,-1
138.2876,2.406717,263.6395,6.649114,97.91202,0.3611662,-1
141.8889,2.40309,263.025,3.885687,106.5667,357.4972,-1
144.9055,2.403866,262.084,3.430589,114.8489,355.2755,-1
147.8709,2.403877,260.6278,357.8903,118.2767,355.2646,-1
151.6131,2.404124,258.6404,359.8738,116.8052,355.7119,-1
155.5806,2.404692,256.678,1.199391,115.2382,356.7308,-1
160.3498,2.404878,254.451,2.686684,114.4824,357.0603,-1
165.6272,2.404395,252.0544,3.450642,114.3363,356.1906,-1
171.2697,2.399264,249.4735,3.940838,115.2304,354.9016,-1
176.9147,2.403512,246.8033,4.288613,115.2546,354.5959,-1
182.5408,2.398359,244.1524,4.995215,115.0379,354.9529,-1
188.2733,2.403465,241.4848,5.751595,114.7574,354.4987,-1
193.8709,2.396149,238.8973,5.733943,114.8258,354.2959,-1
199.9034,2.401167,236.0869,3.892301,115.1491,354.2695,-1
205.0501,2.403246,233.6694,2.761175,115.2107,354.1259,-1
209.935,2.40349,231.369,1.048775,115.0328,354.5707,-1
210.5723,2.404018,231.071,359.3413,115.0134,355.5584,-1
210.5869,1.031505,231.0995,0,315,0,enter1
210.5737,2.404071,231.0705,359.777,114.4219,355.6375,-1
210.5767,2.403546,231.0693,1.224734,108.4547,354.6923,-1
210.5805,2.403518,231.0683,0.734737,101.3887,354.6434,-1
210.589,2.404064,231.0677,0.4747322,86.19308,355.6241,-1
210.6109,2.405508,231.0784,0.6883939,41.29078,358.2133,-1
210.6142,2.405444,231.0829,0.7743958,31.3193,358.0993,-1
210.6141,2.403607,231.0829,359.1494,31.53235,354.8034,-1
210.6159,2.404351,231.0863,359.0701,24.57748,356.1385,-1
210.6171,2.407645,231.089,0.2978084,19.27249,2.04115,-1
210.6175,2.406796,231.0904,0.2085345,16.55188,0.5208997,-1
210.6178,2.403419,231.0921,2.054406,13.26273,354.463,-1
210.6172,2.402837,231.09,1.019907,17.23289,353.4167,-1
210.5869,1.031505,231.0995,0,315,0,exit1
210.6165,2.404325,231.0877,3.410387,21.49922,356.0859,-1
210.6167,2.40442,231.0881,2.376998,20.73968,356.2605,-1
210.6163,2.404152,231.0871,2.610693,22.65259,355.7785,-1
210.6228,2.403874,231.1022,4.501054,23.69673,355.4167,-1
211.0666,2.403563,232.103,6.697109,24.07489,354.6665,-1
212.5242,2.402261,235.3765,8.35783,23.5011,354.916,-1
214.2571,2.404629,239.4283,7.662309,22.06777,356.5869,-1
215.759,2.406288,243.314,7.637838,19.26551,359.5868,-1
217.0856,2.405382,247.0913,7.679935,19.7086,359.7801,-1
218.2205,2.405766,250.2476,7.30454,20.43574,358.6441,-1
219.7348,2.404538,254.199,7.320801,22.9253,356.4249,-1
221.414,2.403591,258.0893,7.142303,24.40936,354.7134,-1
223.1319,2.403187,261.8164,7.296063,25.41976,353.9784,-1
225.0111,2.403136,265.7654,7.641586,25.73306,353.88,-1
227.0094,2.403172,269.9303,7.472726,25.267,353.9476,-1
229.0641,2.403294,274.3044,7.25417,24.86376,354.1727,-1
231.1798,2.403367,278.883,6.892337,24.73594,354.3098,-1
233.1073,2.403268,283.0627,6.875079,24.75993,354.1296,-1
234.9924,2.397029,287.1756,5.187986,24.30831,354.3943,-1
235.2835,2.403394,287.8189,2.690828,23.89709,354.3923,-1
235.2546,1.031517,287.8322,0,315,0,enter2
235.2848,2.40351,287.822,2.344126,21.47945,354.6037,-1
235.2871,2.403677,287.8335,3.310652,0.2154723,354.8997,-1
235.2808,2.403507,287.8527,0.4725456,323.4575,354.6015,-1
235.2753,2.405696,287.8587,0.1560532,308.8031,358.5306,-1
235.2718,2.407813,287.8611,1.935532,301.2979,2.322657,-1
235.27,2.406576,287.8622,1.173973,297.4219,0.1062135,-1
235.2687,2.405281,287.8628,358.8202,294.8835,357.7864,-1
235.2653,2.405404,287.8641,0.03677193,288.3374,358.0056,-1
235.2544,2.406921,287.8658,1.186305,268.5332,0.7239071,-1
235.261,2.405116,287.8652,1.117484,280.3009,357.4905,-1
235.2632,2.4053,287.8647,3.366637,284.2055,357.8159,-1
235.2634,2.405445,287.8647,4.639309,284.6479,358.0742,-1
235.2552,1.031517,287.8338,0,315,0,exit2
235.2639,2.404486,287.8645,2.932131,285.6018,356.356,-1
235.2656,2.40418,287.864,3.200616,288.6385,355.8053,-1
234.8045,2.404264,288.0161,6.120303,288.0192,355.9403,-1
232.5065,2.398852,288.7721,8.301054,289.1173,356.0552,-1
230.674,2.394667,289.417,7.075809,290.3322,354.2249,-1
228.2727,2.403141,290.3162,7.013803,290.6218,353.899,-1
224.5914,2.403129,291.698,7.299744,290.9036,353.8726,-1
220.441,2.403521,293.2516,7.77161,289.7187,354.5774,-1
215.7774,2.404006,294.9029,7.739159,289.1606,355.4783,-1
211.2666,2.403758,296.4958,7.210265,290.3349,355.0139,-1
206.2941,2.404211,298.3917,357.887,292.391,355.8647,-1
201.5636,2.394118,300.3545,355.6058,292.5691,355.6763,-1
197.3511,2.399029,302.0937,355.1541,292.024,356.3553,-1
193.0048,2.39556,303.8342,355.4787,291.4988,356.1504,-1
188.2232,2.403861,305.7146,355.4861,291.4951,356.0053,-1
183.8478,2.404271,307.4373,355.6758,291.4691,355.9632,-1
179.1397,2.404193,309.293,355.5561,291.5154,355.8224,-1
174.5073,2.40413,311.1165,355.0574,291.5751,355.7059,-1
169.8229,2.404063,312.9689,354.3755,291.642,355.5801,-1
165.6877,2.403975,314.6205,353.7983,291.8925,355.4167,-1
162.0856,2.4041,316.0855,353.6999,292.4654,355.6419,-1
157.8362,2.404118,317.8326,354.851,292.2468,355.6823,-1
153.8886,2.396981,319.4511,355.0843,292.3928,356.1159,-1
152.6115,2.403994,319.9769,354.3797,292.3949,355.456,-1
151.8279,2.403707,320.3037,353.7888,293.1406,354.9316,-1
151.6072,1.02896,320.363,0,315,0,enter0
