*Subject
20
*Layout
1
*Condition
True,False,True
*Marks
234.9225,0,354.4044
203.6059,0,255.3129
260.815,0,237.2311
*Path
x,y,z,flag
309.7372,2.402377,184.7903,0.6192662,36.08983,1.204128,-1
309.7357,2.402028,184.7885,0.7875241,40.27559,0.5758504,-1
309.7385,2.40237,184.7923,0.1336844,31.82931,1.188281,-1
309.7413,2.40231,184.7981,0.9825745,20.31486,1.081055,-1
309.7415,2.402308,184.7985,0.6276723,19.59137,1.078303,-1
309.738,2.402045,184.7916,2.418223,33.47232,0.6064131,-1
309.7365,2.402038,184.7895,4.904036,38.15745,0.595575,-1
309.7342,2.402111,184.7868,3.840095,44.45013,0.7266777,-1
309.7354,2.401381,184.7881,2.578734,41.10331,359.4182,-1
309.7373,2.401327,184.7905,4.74816,35.79494,359.3194,-1
309.7396,2.401783,184.7943,2.99981,27.83277,0.1374747,-1
309.7404,2.40418,184.796,2.952595,24.64002,4.440137,-1
309.741,2.403671,184.7975,3.292431,21.76344,3.526368,-1
309.7422,2.402688,184.801,3.742982,14.9972,1.761637,-1
309.7426,2.401535,184.8022,2.872416,12.64574,359.6927,-1
309.7426,2.401301,184.8023,1.139196,12.42626,359.2742,-1
309.7425,2.401133,184.8019,4.197061,13.06824,358.9712,-1
309.743,2.400939,184.8047,3.572457,8.031588,358.6247,-1
309.7433,2.401025,184.8083,4.362934,1.49368,358.7769,-1
309.7432,2.400559,184.812,6.505655,354.8289,357.933,-1
309.7432,2.399974,184.8116,7.453324,355.2324,356.8705,-1
309.7431,2.400038,184.8057,6.983934,5.869687,356.9888,-1
309.7416,2.400823,184.7987,7.0062,18.87488,358.4063,-1
309.7372,2.398739,184.7906,4.067703,35.30982,354.6656,-1
309.7365,2.398726,184.7896,4.259292,37.44378,354.6411,-1
309.7365,2.398726,184.7896,4.259292,37.44378,354.6411,-1
309.7325,2.399263,184.7853,8.505877,47.72281,355.5727,-1
309.733,2.399398,184.7858,6.900075,46.69445,355.8328,-1
309.7388,2.398216,184.7931,0.4240976,30.37478,353.7374,-1
309.7363,2.396427,184.7899,1.676125,37.43644,350.4997,-1
309.7351,2.396695,184.7884,1.545399,40.9216,350.9872,-1
309.727,2.404127,184.7814,8.014095,61.1929,4.382043,-1
309.7281,2.407909,184.7827,3.824926,58.48279,11.20209,-1
309.7304,2.40943,184.7847,1.777831,52.56834,13.97339,-1
309.7316,2.408543,184.7854,2.308266,50.11044,12.34704,-1
309.7318,2.407411,184.7852,3.010669,50.0238,10.28308,-1
309.7332,2.405941,184.7862,4.045247,47.11975,7.622818,-1
309.7364,2.402091,184.7893,5.737678,38.43421,0.6920127,-1
309.7365,2.401714,184.7894,4.199047,38.28187,0.01356456,-1
309.7364,2.401794,184.7893,2.594062,38.51403,0.1572906,-1
309.7362,2.40195,184.789,2.783823,39.05259,0.436969,-1
309.736,2.401849,184.7888,3.21591,39.52002,0.2566001,-1
309.7359,2.40167,184.7887,2.850965,39.87135,359.936,-1
309.7357,2.401488,184.7885,2.468567,40.36589,359.6083,-1
309.7399,2.401694,184.7948,0.3481811,26.79352,359.9789,-1
309.7399,2.40138,184.7948,0.4452593,26.77795,359.415,-1
309.7402,2.401057,184.7954,0.5725972,25.53898,358.8384,-1
309.7398,2.400932,184.7946,0.8628749,27.06682,358.6137,-1
309.7398,2.401,184.7947,1.582097,26.97147,358.7343,-1
309.7402,2.401149,184.7954,2.022034,25.48828,359.0017,-1
309.7402,2.401108,184.7953,2.262123,25.58718,358.9278,-1
309.7402,2.401084,184.7953,2.435572,25.61717,358.8848,-1
309.7402,2.400994,184.7953,2.943442,25.67234,358.7236,-1
309.7401,2.401513,184.7951,359.5423,26.18011,359.6533,-1
309.7401,2.401366,184.7951,1.588505,26.06914,359.3913,-1
309.7401,2.401311,184.7951,1.64736,26.12215,359.2927,-1
309.7401,2.401159,184.7951,1.935699,26.07734,359.0191,-1
309.7396,2.401221,184.7941,5.106339,28.06699,359.1278,-1
309.7374,2.40086,184.7906,8.357799,35.34032,358.469,-1
309.737,2.400688,184.7901,7.835187,36.44891,358.1587,-1
309.7369,2.401075,184.79,8.423576,36.76955,358.8568,-1
309.7369,2.401177,184.7899,9.205457,36.86755,359.0398,-1
309.7369,2.401053,184.79,9.948994,36.70225,358.8134,-1
309.7374,2.401082,184.7907,10.18204,35.13343,358.8637,-1
309.7383,2.401169,184.792,10.35809,32.28137,359.0217,-1
309.7393,2.401084,184.7937,10.05154,28.82836,358.869,-1
309.7396,2.401086,184.7942,10.25226,27.69956,358.871,-1
309.7378,2.401417,184.7913,11.08584,34.00311,359.4723,-1
309.7369,2.401769,184.79,11.32651,36.81523,0.1147454,-1
309.7386,2.402269,184.7924,12.14506,31.87761,1.030864,-1
309.741,2.401799,184.7972,10.89413,22.00507,0.1697848,-1
309.7421,2.401189,184.8005,10.9434,15.63042,359.0571,-1
309.7399,2.400956,184.7948,15.47048,26.44044,358.6069,-1
309.7386,2.400212,184.7926,21.90526,30.24127,357.1144,-1
309.7387,2.400718,184.7926,23.01049,30.50433,358.0775,-1
309.7383,2.400835,184.792,22.52994,31.83407,358.3107,-1
309.7378,2.400576,184.7913,26.04118,33.13375,357.7476,-1
309.7373,2.400374,184.7906,29.61686,34.22286,357.2552,-1
309.7379,2.400386,184.7913,28.31294,32.71201,357.3145,-1
309.7379,2.400782,184.7913,31.69349,32.95418,358.0557,-1
309.7377,2.400674,184.7911,29.72247,33.44634,357.8714,-1
309.7375,2.400522,184.7908,29.15026,33.85709,357.5712,-1
309.7384,2.40075,184.7921,24.74771,31.43415,358.114,-1
309.7341,2.401291,184.7867,24.48931,44.34382,359.1824,-1
309.7338,2.401364,184.7864,33.47807,44.9629,359.2661,-1
309.7344,2.401432,184.787,39.52543,43.55016,359.363,-1
309.7347,2.40114,184.7874,40.12712,42.19286,358.6735,-1
309.735,2.401474,184.7877,42.94271,41.78736,359.4317,-1
309.7355,2.401152,184.7882,44.9928,39.96421,358.5958,-1
309.7356,2.402365,184.7883,42.35992,41.76387,1.596626,-1
309.7363,2.40266,184.7892,43.01011,40.34678,2.336483,-1
309.7335,2.40092,184.7862,42.43712,44.79668,358.0923,-1
309.735,2.398237,184.788,24.35308,38.91975,353.1652,-1
309.7399,2.401019,184.7948,4.219361,26.65597,358.7655,-1
309.7267,2.40319,184.7812,9.357451,61.75797,2.693815,-1
309.7214,2.406742,184.7792,24.33333,75.64556,9.94458,-1
309.7227,2.404134,184.7794,27.15681,71.35972,4.892229,-1
309.7223,2.402422,184.7791,21.32634,70.42497,1.375512,-1
309.7189,2.401768,184.7781,25.87324,76.31058,0.1223014,-1
309.7195,2.401767,184.7783,33.85386,75.19783,0.1307133,-1
309.7198,2.401749,184.7784,35.50177,74.67193,0.09491488,-1
309.7195,2.401777,184.7783,36.93374,75.26116,0.159531,-1
309.7194,2.401799,184.7782,37.24861,75.52283,0.2090676,-1
309.7192,2.401803,184.7782,37.69906,75.8283,0.2196221,-1
309.7191,2.401814,184.7781,37.82489,76.20414,0.2456628,-1
309.7189,2.40177,184.7781,37.87014,76.32279,0.1449095,-1
309.7189,2.401775,184.7781,37.89865,76.36703,0.1557549,-1
309.7189,2.401791,184.7781,38.02502,76.38382,0.1920193,-1
309.7189,2.401797,184.7781,38.01624,76.37156,0.2074065,-1
309.719,2.401799,184.7781,38.01754,76.3492,0.2115587,-1
309.719,2.401794,184.7781,38.03122,76.30858,0.2008652,-1
309.719,2.401792,184.7781,38.03714,76.26515,0.1945313,-1
309.719,2.4018,184.7781,38.01786,76.24104,0.2125025,-1
309.7191,2.401803,184.7781,38.01584,76.21033,0.2188319,-1
309.7191,2.401801,184.7781,38.00947,76.16855,0.2159543,-1
309.7191,2.401799,184.7781,37.95774,76.1352,0.210323,-1
309.7191,2.401797,184.7782,37.91494,76.08099,0.2060492,-1
309.7191,2.401802,184.7782,37.86733,76.04265,0.2168111,-1
309.7191,2.401798,184.7782,37.84232,75.99763,0.2092777,-1
309.7192,2.401791,184.7782,37.8195,75.951,0.1920173,-1
309.7192,2.401792,184.7782,37.79189,75.91629,0.1948237,-1
309.7192,2.401793,184.7782,37.77388,75.87994,0.1950917,-1
309.7192,2.401789,184.7782,37.76031,75.84191,0.1881724,-1
309.7192,2.401786,184.7782,37.75874,75.8027,0.1816025,-1
309.7193,2.401792,184.7782,37.73901,75.77448,0.194054,-1
309.7193,2.401791,184.7782,37.72989,75.73482,0.192603,-1
309.7193,2.40179,184.7782,37.73091,75.69997,0.1895658,-1
309.7193,2.401794,184.7782,37.73312,75.67647,0.1980459,-1
309.7193,2.401803,184.7782,37.72515,75.65138,0.2203687,-1
309.7194,2.401806,184.7782,37.71932,75.62018,0.225802,-1
309.7194,2.401807,184.7782,37.71897,75.586,0.2280201,-1
309.7194,2.401807,184.7782,37.72354,75.55226,0.2290121,-1
309.7194,2.401807,184.7782,37.71767,75.5107,0.2273404,-1
309.7194,2.40181,184.7782,37.70644,75.47536,0.2351903,-1
309.7195,2.401812,184.7783,37.70169,75.43069,0.2393427,-1
309.7195,2.401799,184.7783,37.73466,75.37154,0.2106809,-1
309.7195,2.401799,184.7783,37.75137,75.32097,0.2102749,-1
309.7196,2.401929,184.7783,37.60724,75.38682,0.5043781,-1
309.7197,2.401892,184.7783,37.80011,75.14066,0.4203373,-1
309.7197,2.40192,184.7783,37.79506,75.08823,0.4845666,-1
309.7198,2.401883,184.7783,37.8399,74.98431,0.4004183,-1
309.7194,2.401832,184.7782,38.52851,75.63731,0.2883008,-1
309.7194,2.401804,184.7782,38.67628,75.58901,0.224032,-1
309.7194,2.401794,184.7782,38.70456,75.59431,0.2012483,-1
309.7194,2.401793,184.7782,38.67596,75.58848,0.1993218,-1
309.7194,2.401793,184.7782,38.68242,75.54695,0.1984386,-1
309.7194,2.401794,184.7782,38.66966,75.50761,0.2019812,-1
309.7194,2.401788,184.7782,38.70561,75.4627,0.1874266,-1
309.7195,2.401786,184.7782,38.71143,75.42943,0.1837567,-1
309.7195,2.401792,184.7783,38.68554,75.41448,0.1972638,-1
309.7195,2.401784,184.7783,38.71127,75.36928,0.1798786,-1
309.7195,2.401784,184.7783,38.70682,75.32901,0.1787886,-1
309.7195,2.401786,184.7783,38.70556,75.29332,0.1820634,-1
309.7195,2.401789,184.7783,38.70114,75.26088,0.1909638,-1
309.7195,2.40179,184.7783,38.70367,75.22803,0.1917758,-1
309.7196,2.401791,184.7783,38.70965,75.19901,0.1950283,-1
309.7196,2.401795,184.7783,38.70463,75.17001,0.2044585,-1
309.7196,2.401793,184.7783,38.70767,75.13354,0.1996093,-1
309.7196,2.401793,184.7783,38.71405,75.10793,0.2001524,-1
309.7196,2.401789,184.7783,38.71217,75.07563,0.1901245,-1
309.7197,2.401787,184.7783,38.7076,75.04526,0.1851254,-1
309.7197,2.401782,184.7783,38.70118,75.01061,0.1733855,-1
309.7197,2.401778,184.7783,38.70255,74.97644,0.163919,-1
309.7197,2.401774,184.7783,38.69065,74.95188,0.1562851,-1
309.7197,2.401772,184.7783,38.68993,74.91926,0.1508275,-1
309.7197,2.401776,184.7783,38.68659,74.89918,0.1591223,-1
309.7197,2.401777,184.7783,38.69455,74.87482,0.1615597,-1
309.7197,2.401776,184.7783,38.69029,74.85456,0.1604409,-1
309.7198,2.40178,184.7783,38.68859,74.83884,0.1689776,-1
309.7198,2.401778,184.7783,38.69194,74.81438,0.1656689,-1
309.7198,2.40178,184.7783,38.6934,74.7964,0.168722,-1
309.7198,2.401782,184.7783,38.69763,74.77651,0.1723661,-1
309.7198,2.401781,184.7784,38.69513,74.75486,0.1707433,-1
309.7198,2.401781,184.7784,38.6904,74.73273,0.1705154,-1
309.7198,2.40178,184.7784,38.69452,74.709,0.1703152,-1
309.7198,2.401782,184.7784,38.68943,74.6889,0.1745362,-1
309.7198,2.401783,184.7784,38.70245,74.67297,0.1770317,-1
309.7198,2.401784,184.7784,38.70078,74.65292,0.1785941,-1
309.7199,2.401784,184.7784,38.70375,74.6271,0.178363,-1
309.7199,2.401782,184.7784,38.7078,74.60033,0.1733184,-1
309.7199,2.401777,184.7784,38.70988,74.56668,0.1623777,-1
309.7199,2.401777,184.7784,38.707,74.53979,0.1625265,-1
309.7199,2.401774,184.7784,38.71824,74.51759,0.1560631,-1
309.7199,2.401776,184.7784,38.71146,74.50014,0.1596087,-1
309.72,2.401772,184.7784,38.71691,74.47131,0.1511099,-1
309.72,2.401773,184.7784,38.71133,74.45029,0.1535577,-1
309.72,2.40177,184.7784,38.71206,74.42934,0.1461102,-1
309.72,2.401771,184.7784,38.7085,74.40561,0.1487529,-1
309.72,2.401772,184.7784,38.70966,74.38354,0.1520661,-1
309.72,2.401773,184.7784,38.71803,74.36591,0.1529331,-1
309.72,2.401774,184.7784,38.71722,74.34841,0.1564154,-1
309.72,2.401775,184.7784,38.71549,74.32586,0.1584228,-1
309.72,2.401774,184.7784,38.71305,74.30999,0.1559161,-1
309.72,2.401776,184.7784,38.70322,74.30177,0.1608813,-1
309.72,2.401775,184.7784,38.70218,74.28951,0.1573343,-1
309.7201,2.401775,184.7784,38.70631,74.27079,0.1578795,-1
309.7201,2.401774,184.7784,38.71558,74.25526,0.1554446,-1
309.7201,2.401772,184.7784,38.70731,74.23804,0.1500152,-1
309.7201,2.401773,184.7784,38.70399,74.22169,0.1533866,-1
309.7201,2.401773,184.7784,38.70325,74.20789,0.1541706,-1
309.7201,2.401772,184.7784,38.70618,74.19215,0.1509931,-1
309.7201,2.401771,184.7784,38.71152,74.17196,0.1477372,-1
309.7201,2.401769,184.7784,38.71188,74.161,0.1436042,-1
309.7201,2.401766,184.7784,38.72231,74.14136,0.1380726,-1
309.7202,2.401767,184.7784,38.71692,74.12534,0.1390995,-1
309.7202,2.401765,184.7784,38.71353,74.10832,0.1342391,-1
309.7202,2.401764,184.7784,38.71478,74.0936,0.1337534,-1
309.7202,2.401762,184.7784,38.7076,74.07462,0.1288385,-1
309.7202,2.401762,184.7784,38.70458,74.06007,0.1295529,-1
309.7202,2.401761,184.7784,38.70529,74.04853,0.1254077,-1
309.7202,2.401766,184.7784,38.70862,74.0388,0.1371118,-1
309.7202,2.401766,184.7784,38.70906,74.02334,0.1376663,-1
309.7202,2.401769,184.7784,38.70786,74.01619,0.1449944,-1
309.7202,2.401772,184.7784,38.71307,74.00874,0.1520187,-1
309.7202,2.401773,184.7784,38.70819,73.9995,0.1539865,-1
309.7202,2.401776,184.7784,38.71354,73.99648,0.1610927,-1
309.7202,2.401778,184.7784,38.70955,73.9844,0.1644274,-1
309.7202,2.401778,184.7784,38.71037,73.97332,0.1650201,-1
309.7202,2.401783,184.7784,38.70395,73.97472,0.1755541,-1
309.7202,2.401781,184.7785,38.70892,73.96854,0.1720607,-1
309.7202,2.401777,184.7785,38.71623,73.95197,0.1629196,-1
309.7202,2.401778,184.7785,38.70949,73.94157,0.1655257,-1
309.7202,2.40178,184.7785,38.70827,73.92669,0.1687856,-1
309.7203,2.40178,184.7785,38.71177,73.91151,0.1681526,-1
309.7203,2.401778,184.7785,38.71176,73.90561,0.1652421,-1
309.7203,2.401782,184.7785,38.71023,73.90145,0.1730792,-1
309.7203,2.401779,184.7785,38.71455,73.8826,0.1663712,-1
309.7203,2.401781,184.7785,38.71577,73.88118,0.1714797,-1
309.7203,2.401783,184.7785,38.7131,73.87809,0.1760448,-1
309.7203,2.401783,184.7785,38.7111,73.87144,0.1758079,-1
309.7203,2.401784,184.7785,38.69998,73.87259,0.1788306,-1
309.7203,2.401781,184.7785,38.7049,73.86209,0.1715631,-1
309.7203,2.401781,184.7785,38.70789,73.86309,0.1715462,-1
309.7203,2.40178,184.7785,38.70758,73.85744,0.1689634,-1
309.7203,2.401783,184.7785,38.70791,73.84742,0.1757301,-1
309.7203,2.401783,184.7785,38.71056,73.84718,0.1757628,-1
309.7203,2.401787,184.7785,38.70678,73.84643,0.1850664,-1
309.7203,2.401785,184.7785,38.70934,73.83788,0.1814209,-1
309.7203,2.401785,184.7785,38.70756,73.83441,0.1804316,-1
309.7203,2.401782,184.7785,38.7098,73.82229,0.1734742,-1
309.7203,2.401779,184.7785,38.70982,73.81133,0.1674259,-1
309.7203,2.401778,184.7785,38.70957,73.80574,0.1657863,-1
309.7203,2.401779,184.7785,38.70121,73.80532,0.1676902,-1
309.7203,2.401778,184.7785,38.70112,73.79526,0.1636378,-1
309.7203,2.401779,184.7785,38.70224,73.79126,0.1677933,-1
309.7203,2.401778,184.7785,38.69911,73.7936,0.1650838,-1
309.7203,2.401775,184.7785,38.70168,73.79111,0.1576614,-1
309.7203,2.401776,184.7785,38.69583,73.79043,0.1607356,-1
309.7203,2.401775,184.7785,38.6991,73.78748,0.1585747,-1
309.7203,2.401774,184.7785,38.7033,73.77892,0.1549321,-1
309.7203,2.401775,184.7785,38.70122,73.77643,0.1585422,-1
309.7203,2.401778,184.7785,38.69575,73.78036,0.1649907,-1
309.7203,2.40178,184.7785,38.69807,73.78585,0.1702492,-1
309.7203,2.401783,184.7785,38.69888,73.7863,0.1750384,-1
309.7203,2.401784,184.7785,38.69842,73.7904,0.179645,-1
309.7203,2.401788,184.7785,38.6956,73.79337,0.1872691,-1
309.7203,2.401788,184.7785,38.69895,73.78572,0.1867921,-1
309.7203,2.40179,184.7785,38.69912,73.78497,0.1917592,-1
309.7203,2.401789,184.7785,38.69967,73.78687,0.1902969,-1
309.7203,2.401791,184.7785,38.70223,73.78902,0.1942531,-1
309.7203,2.401792,184.7785,38.70278,73.79436,0.1961276,-1
309.7203,2.401793,184.7785,38.70652,73.79392,0.1997331,-1
309.7203,2.401793,184.7785,38.70267,73.79259,0.1992803,-1
309.7203,2.40179,184.7785,38.70018,73.78658,0.1926416,-1
309.7203,2.401787,184.7785,38.70664,73.78611,0.1862696,-1
309.7203,2.401788,184.7785,38.70028,73.78539,0.1868503,-1
309.7203,2.401785,184.7785,38.70585,73.77937,0.1815258,-1
309.7203,2.401786,184.7785,38.70243,73.78702,0.1840421,-1
309.7203,2.401785,184.7785,38.70252,73.79453,0.1806881,-1
309.7203,2.401786,184.7785,38.69603,73.79536,0.1836581,-1
309.7203,2.401785,184.7785,38.6963,73.79283,0.1815366,-1
309.7203,2.401783,184.7785,38.69936,73.79411,0.1767943,-1
309.7203,2.401782,184.7785,38.69676,73.79241,0.1746788,-1
309.7203,2.401781,184.7785,38.69426,73.797,0.1702796,-1
309.7203,2.401777,184.7785,38.69607,73.79713,0.1630531,-1
309.7203,2.401778,184.7785,38.69623,73.8,0.1649765,-1
309.7203,2.401778,184.7785,38.69763,73.81015,0.1648507,-1
309.7203,2.40178,184.7785,38.69597,73.81831,0.1698504,-1
309.7203,2.401782,184.7785,38.69534,73.82632,0.1733998,-1
309.7203,2.40178,184.7785,38.69241,73.83342,0.1702948,-1
309.7203,2.401777,184.7785,38.7018,73.83245,0.1624513,-1
309.7203,2.401776,184.7785,38.70313,73.84412,0.1606688,-1
309.7203,2.401777,184.7785,38.71127,73.85031,0.1616522,-1
309.7203,2.401778,184.7785,38.71252,73.86488,0.1644451,-1
309.7203,2.401776,184.7785,38.71804,73.87651,0.1600524,-1
309.7203,2.401777,184.7785,38.71487,73.87598,0.1628902,-1
309.7203,2.401777,184.7785,38.7205,73.88112,0.1619269,-1
309.7203,2.401776,184.7785,38.72156,73.8874,0.1604498,-1
309.7203,2.401776,184.7785,38.71489,73.89153,0.1612292,-1
309.7203,2.401779,184.7785,38.71647,73.90328,0.1675553,-1
309.7203,2.401779,184.7785,38.70972,73.90688,0.168069,-1
309.7203,2.40178,184.7785,38.71457,73.9156,0.1693847,-1
309.7202,2.40178,184.7785,38.71046,73.92767,0.1692678,-1
309.7202,2.401779,184.7785,38.71865,73.93308,0.1668163,-1
309.7202,2.401783,184.7785,38.71148,73.94849,0.1762531,-1
309.7202,2.401783,184.7785,38.71413,73.95515,0.1745308,-1
309.7202,2.401786,184.7785,38.70703,73.96616,0.1827301,-1
309.7202,2.401786,184.7785,38.71241,73.97451,0.1828095,-1
309.7202,2.401788,184.7784,38.71152,73.98574,0.1871883,-1
309.7202,2.401788,184.7784,38.71626,73.99606,0.1872751,-1
309.7202,2.401786,184.7784,38.71424,74.0014,0.182324,-1
309.7202,2.401784,184.7784,38.71668,74.00774,0.1794086,-1
309.7202,2.401783,184.7784,38.71571,74.01195,0.1755698,-1
309.7202,2.401782,184.7784,38.71396,74.01875,0.173062,-1
309.7202,2.401784,184.7784,38.70466,74.03165,0.1786432,-1
309.7202,2.401781,184.7784,38.70521,74.03505,0.1725266,-1
309.7202,2.401779,184.7784,38.7075,74.04116,0.1664686,-1
309.7202,2.401778,184.7784,38.70155,74.04567,0.1654592,-1
309.7202,2.401776,184.7784,38.70103,74.05856,0.1603885,-1
309.7202,2.401772,184.7784,38.7053,74.06142,0.1524551,-1
309.7202,2.401771,184.7784,38.70248,74.06385,0.1488279,-1
309.7202,2.401767,184.7784,38.71408,74.06255,0.1390852,-1
309.7202,2.40177,184.7784,38.70985,74.07603,0.1462129,-1
309.7202,2.401771,184.7784,38.70222,74.08943,0.149033,-1
309.7202,2.401772,184.7784,38.70202,74.11044,0.1504658,-1
309.7202,2.401777,184.7784,38.7106,74.13107,0.1622043,-1
309.7201,2.401779,184.7784,38.70945,74.1498,0.1670946,-1
309.7201,2.401781,184.7784,38.70888,74.17371,0.170833,-1
309.7201,2.401783,184.7784,38.69456,74.18761,0.1771106,-1
309.7201,2.401784,184.7784,38.69234,74.20439,0.1792447,-1
309.7201,2.401784,184.7784,38.68914,74.22321,0.1785563,-1
309.7201,2.401782,184.7784,38.68925,74.23057,0.1733434,-1
309.7201,2.401783,184.7784,38.68998,74.23942,0.1764298,-1
309.7201,2.401785,184.7784,38.69447,74.2515,0.1803111,-1
309.7201,2.401785,184.7784,38.69059,74.26308,0.1815505,-1
309.7201,2.401781,184.7784,38.69818,74.27354,0.1718138,-1
309.7201,2.401783,184.7784,38.69317,74.28329,0.176092,-1
309.72,2.401784,184.7784,38.69715,74.29967,0.1784976,-1
309.72,2.401783,184.7784,38.69989,74.3052,0.1762311,-1
309.72,2.401784,184.7784,38.70432,74.31824,0.1776336,-1
309.72,2.401783,184.7784,38.70897,74.32928,0.1773432,-1
309.72,2.401784,184.7784,38.70542,74.34261,0.1784613,-1
309.72,2.401782,184.7784,38.70453,74.34772,0.1744023,-1
309.72,2.401781,184.7784,38.69985,74.36056,0.1723955,-1
309.72,2.40179,184.7784,38.6969,74.34488,0.1933285,-1
309.72,2.401778,184.7784,38.76018,74.31115,0.1646731,-1
309.72,2.401768,184.7784,38.77239,74.31713,0.1410649,-1
309.72,2.40177,184.7784,38.78815,74.33197,0.1459265,-1
309.72,2.401775,184.7784,38.76731,74.35992,0.1571384,-1
309.72,2.401771,184.7784,38.7807,74.37625,0.1484237,-1
309.72,2.401772,184.7784,38.78395,74.40312,0.1501807,-1
309.72,2.401773,184.7784,38.76376,74.42507,0.1531406,-1
309.72,2.401777,184.7784,38.76964,74.44543,0.1634182,-1
309.72,2.401778,184.7784,38.76995,74.4712,0.1649563,-1
309.7199,2.401777,184.7784,38.77236,74.49143,0.1629141,-1
309.7199,2.401775,184.7784,38.77228,74.50752,0.1589234,-1
309.7199,2.40177,184.7784,38.77478,74.52388,0.1463722,-1
309.7199,2.401764,184.7784,38.78271,74.53187,0.1322817,-1
309.7199,2.401774,184.7784,38.76002,74.56154,0.1548734,-1
309.7199,2.401771,184.7784,38.76146,74.56788,0.1477639,-1
309.7199,2.40177,184.7784,38.7563,74.57767,0.1463343,-1
309.7199,2.401765,184.7784,38.76199,74.58949,0.1359814,-1
309.7199,2.401767,184.7784,38.76126,74.60533,0.1393633,-1
309.7198,2.401766,184.7784,38.76641,74.62175,0.1371176,-1
309.7198,2.401767,184.7784,38.75954,74.63633,0.1389001,-1
309.7198,2.401764,184.7784,38.75796,74.64821,0.1324679,-1
309.7198,2.401761,184.7784,38.74527,74.65562,0.1259902,-1
309.7198,2.40176,184.7784,38.75127,74.66387,0.1236843,-1
309.7198,2.401759,184.7784,38.74911,74.68665,0.1219049,-1
309.7198,2.401758,184.7784,38.75474,74.70245,0.1192869,-1
309.7198,2.401758,184.7784,38.75406,74.72482,0.1189464,-1
309.7198,2.401755,184.7783,38.75552,74.73804,0.1122857,-1
309.7198,2.401756,184.7783,38.75434,74.75916,0.1137552,-1
309.7198,2.401759,184.7783,38.74966,74.77853,0.1203863,-1
309.7198,2.401757,184.7783,38.75454,74.79218,0.1177254,-1
309.7198,2.401757,184.7783,38.75767,74.81345,0.1167495,-1
309.7197,2.401758,184.7783,38.75843,74.82993,0.1196785,-1
309.7197,2.401759,184.7783,38.76186,74.85282,0.1215763,-1
309.7197,2.401761,184.7783,38.75904,74.87823,0.1253619,-1
309.7197,2.401762,184.7783,38.75613,74.89661,0.1281465,-1
309.7197,2.401765,184.7783,38.76605,74.91519,0.1343444,-1
309.7197,2.401766,184.7783,38.75945,74.93829,0.138197,-1
309.7197,2.401767,184.7783,38.75478,74.95238,0.1395805,-1
309.7197,2.401771,184.7783,38.74121,74.97779,0.1493749,-1
309.7197,2.401771,184.7783,38.74055,74.9997,0.1479483,-1
309.7197,2.40177,184.7783,38.7349,75.02162,0.1460672,-1
309.7197,2.401769,184.7783,38.73661,75.0386,0.1441137,-1
309.7196,2.401769,184.7783,38.74162,75.05331,0.1451658,-1
309.7196,2.401771,184.7783,38.73729,75.07545,0.1475716,-1
309.7196,2.401769,184.7783,38.74453,75.09146,0.1434641,-1
309.7196,2.401771,184.7783,38.74216,75.10938,0.1483107,-1
309.7196,2.40177,184.7783,38.74255,75.13281,0.1464769,-1
309.7196,2.401771,184.7783,38.74572,75.15816,0.1487034,-1
309.7196,2.401772,184.7783,38.7452,75.18448,0.1505458,-1
309.7195,2.401774,184.7783,38.74882,75.21565,0.1560555,-1
309.7195,2.401772,184.7783,38.75639,75.23582,0.1515985,-1
309.7195,2.401771,184.7783,38.76005,75.25494,0.1482406,-1
309.7195,2.401767,184.7783,38.7715,75.27154,0.1406426,-1
309.7195,2.401775,184.7783,38.75633,75.29092,0.1582091,-1
309.7195,2.40176,184.7783,38.79422,75.28014,0.1239406,-1
309.7195,2.401771,184.7783,38.76796,75.31681,0.1482286,-1
309.7195,2.401775,184.7783,38.7622,75.34193,0.1588747,-1
309.7195,2.401769,184.7783,38.77711,75.34317,0.1430236,-1
309.7195,2.401767,184.7783,38.79021,75.34482,0.13864,-1
309.7195,2.401767,184.7783,38.79652,75.36628,0.1389195,-1
309.7195,2.401769,184.7782,38.79012,75.39079,0.1446402,-1
309.7195,2.401769,184.7782,38.79197,75.40671,0.1452267,-1
309.7194,2.401769,184.7782,38.7856,75.42378,0.1451765,-1
309.7194,2.401767,184.7782,38.78461,75.43615,0.1396105,-1
309.7194,2.401791,184.7782,38.77248,75.46607,0.1943961,-1
309.7194,2.401773,184.7782,38.81166,75.46516,0.1541485,-1
309.7194,2.401748,184.7782,38.84925,75.45712,0.09536014,-1
309.7194,2.401752,184.7782,38.84657,75.47475,0.1040825,-1
309.7194,2.401751,184.7782,38.84539,75.48634,0.1028925,-1
309.7194,2.401739,184.7782,38.8449,75.51418,0.07521924,-1
309.7194,2.401744,184.7782,38.84179,75.5249,0.08724516,-1
309.7194,2.401741,184.7782,38.85149,75.54436,0.08037665,-1
309.7193,2.401741,184.7782,38.84798,75.57227,0.08075199,-1
309.7193,2.401743,184.7782,38.85566,75.59536,0.08542904,-1
309.7193,2.401746,184.7782,38.85466,75.6178,0.09154989,-1
309.7193,2.401744,184.7782,38.85619,75.63221,0.08809827,-1
309.7193,2.401744,184.7782,38.85888,75.65235,0.0868144,-1
309.7193,2.401743,184.7782,38.85318,75.66959,0.08589749,-1
309.7193,2.401744,184.7782,38.85116,75.68661,0.08712291,-1
309.7193,2.401746,184.7782,38.84505,75.70924,0.09109905,-1
309.7192,2.401744,184.7782,38.84974,75.72987,0.08731849,-1
309.7192,2.401748,184.7782,38.84348,75.7484,0.09548175,-1
309.7192,2.401748,184.7782,38.84147,75.76972,0.09715179,-1
309.7192,2.401749,184.7782,38.8432,75.79109,0.09849587,-1
309.7192,2.401753,184.7782,38.82919,75.81241,0.1071368,-1
309.7192,2.401756,184.7782,38.83675,75.83167,0.1148251,-1
309.7192,2.40176,184.7782,38.83781,75.86343,0.1232032,-1
309.7192,2.401755,184.7782,38.84666,75.87159,0.112482,-1
309.7192,2.401754,184.7782,38.83878,75.8894,0.1107618,-1
309.7192,2.401764,184.7782,38.80845,75.89143,0.1321038,-1
309.7192,2.401746,184.7782,38.85989,75.88723,0.09151496,-1
309.7192,2.401753,184.7782,38.84808,75.9091,0.1087044,-1
309.7191,2.401755,184.7782,38.84659,75.92611,0.1118483,-1
309.7191,2.401752,184.7782,38.86249,75.93428,0.1039984,-1
309.7191,2.401747,184.7782,38.86389,75.94576,0.09380958,-1
309.7191,2.401774,184.7782,38.8087,76.00075,0.1562239,-1
309.7191,2.40176,184.7782,38.80801,76.01379,0.1243656,-1
309.7191,2.401765,184.7782,38.82593,76.01677,0.134556,-1
309.7191,2.401769,184.7782,38.80341,76.04114,0.1449476,-1
309.7191,2.401757,184.7781,38.8307,76.04588,0.1158346,-1
309.7191,2.401754,184.7781,38.8248,76.06709,0.10978,-1
309.7191,2.401748,184.7781,38.85732,76.07522,0.09580952,-1
309.7191,2.401742,184.7781,38.83387,76.08134,0.08104067,-1
309.7191,2.401729,184.7781,38.86946,76.09111,0.05298242,-1
309.719,2.401743,184.7781,38.9601,76.15354,0.08533084,-1
309.7189,2.401797,184.7781,39.06326,76.41934,0.2095352,-1
309.7193,2.401886,184.7782,39.57938,75.87676,0.4180273,-1
309.7193,2.401886,184.7782,39.57937,75.87674,0.418025,-1
309.7193,2.401886,184.7782,39.57938,75.87676,0.4180273,-1
309.7375,2.402658,184.7908,42.12524,36.54932,2.298925,-1
309.7382,2.409785,184.7938,31.9926,39.3038,17.31726,-1
309.735,2.423079,184.8072,33.45307,41.22006,53.17717,-1
309.7381,2.417818,184.8162,43.81219,19.27672,44.24413,-1
309.7405,2.412986,184.8158,32.08369,0.9179113,24.58434,-1
309.7416,2.410334,184.815,20.10625,355.1021,16.68615,-1
309.7433,2.403234,184.8108,8.021529,357.5352,2.76325,-1
309.7428,2.405909,184.8051,359.8751,7.348241,7.546044,-1
309.743,2.405245,184.8058,356.0508,5.665428,6.364806,-1
309.7433,2.402443,184.8077,358.4221,2.55068,1.319964,-1
309.7432,2.405,184.8094,0.7929434,359.6816,5.908061,-1
309.743,2.40599,184.8081,2.6505,2.30046,7.701231,-1
309.7431,2.405541,184.8081,0.3834996,2.073281,6.883161,-1
309.7432,2.404405,184.8094,0.1228438,359.5929,4.838657,-1
309.7433,2.402931,184.8098,0.7008685,359.0023,2.193167,-1
309.7433,2.402606,184.8091,1.529646,0.2600763,1.610991,-1
309.7433,2.40099,184.8099,1.652431,358.6279,358.716,-1
309.7433,2.399642,184.8098,1.807271,358.6999,356.3004,-1
309.7433,2.399922,184.8089,11.90242,359.8055,356.7328,-1
309.7432,2.399795,184.8073,13.66429,2.574879,356.4756,-1
309.7432,2.399417,184.8067,13.55714,3.423715,355.78,-1
309.7432,2.399716,184.8063,14.3479,4.202448,356.3189,-1
309.7429,2.397612,184.8055,17.94567,4.378148,352.2706,-1
309.7429,2.397996,184.805,16.52814,5.560163,353.0544,-1
309.743,2.398307,184.8056,16.55655,4.676618,353.6375,-1
309.743,2.398518,184.8055,16.08122,5.081652,354.0489,-1
309.743,2.397792,184.8067,13.20515,2.81068,352.7827,-1
309.7428,2.395965,184.8074,10.27462,1.424498,349.4939,-1
309.7429,2.396237,184.808,11.98803,359.9741,349.9371,-1
309.743,2.397505,184.8102,19.77358,355.5465,351.9803,-1
309.7431,2.398139,184.8107,20.63351,354.8578,353.1582,-1
309.7431,2.398431,184.8111,18.26521,354.6459,353.8132,-1
309.7432,2.399169,184.8111,15.78243,355.3738,355.2741,-1
309.7433,2.400171,184.8101,17.88965,357.5394,357.1102,-1
309.7433,2.400685,184.8095,21.62238,358.7859,358.0323,-1
309.7433,2.400682,184.8096,25.20382,358.3752,357.9728,-1
309.7433,2.400494,184.8091,24.01291,359.2408,357.6227,-1
309.7433,2.400345,184.8087,21.1272,359.8422,357.3863,-1
309.7433,2.400388,184.8081,14.50038,1.300141,357.5609,-1
309.7433,2.399986,184.8081,20.91835,0.8288344,356.7012,-1
309.7432,2.399566,184.8077,24.59823,0.9869963,355.7818,-1
309.7432,2.399533,184.8078,28.82702,0.3932756,355.5542,-1
309.7433,2.39991,184.8081,27.37661,0.338735,356.3752,-1
309.7433,2.399864,184.8081,26.92264,0.2257731,356.2977,-1
309.7433,2.400268,184.8082,25.42967,0.4890303,357.1468,-1
309.7433,2.400645,184.809,22.962,359.5394,357.9363,-1
309.7433,2.400453,184.8093,23.28901,358.8791,357.5572,-1
309.7433,2.400522,184.8087,25.06973,359.8587,357.6587,-1
309.7433,2.400568,184.8091,24.89877,359.3159,357.7535,-1
309.7433,2.40065,184.8095,23.07451,358.6553,357.9433,-1
309.7433,2.400558,184.8099,24.32089,357.8103,357.7436,-1
309.7433,2.399632,184.8098,26.71404,356.9613,355.8399,-1
309.7433,2.399734,184.8093,27.11755,358.0266,356.0308,-1
309.7433,2.399851,184.8089,28.74829,358.7075,356.2093,-1
309.7433,2.400126,184.8095,25.57473,358.1219,356.8611,-1
309.7433,2.399727,184.8083,23.86205,0.002755092,356.1221,-1
309.7433,2.401083,184.8078,20.08464,2.088378,358.8128,-1
309.7433,2.400769,184.808,18.22172,1.541064,358.2341,-1
309.7433,2.400835,184.8088,18.30532,0.2286325,358.3568,-1
309.7433,2.400965,184.8114,21.64958,355.5794,358.5728,-1
309.7431,2.400717,184.8128,22.75739,352.7704,358.0798,-1
309.743,2.400208,184.8135,20.77339,351.2571,357.1299,-1
309.743,2.400174,184.8132,21.66655,351.7812,357.0459,-1
309.743,2.399899,184.8133,21.89865,351.3621,356.5114,-1
309.7429,2.399395,184.8139,22.9164,349.7732,355.5035,-1
309.7429,2.399089,184.814,22.4069,349.3421,354.9244,-1
309.743,2.399761,184.813,21.67462,351.7297,356.2489,-1
309.743,2.399839,184.813,21.70944,351.9153,356.3987,-1
309.7431,2.399724,184.8125,23.16187,352.5259,356.1365,-1
309.743,2.399261,184.8127,23.04622,351.8997,355.2376,-1
309.7431,2.399364,184.8125,22.02675,352.3079,355.4711,-1
309.743,2.399146,184.8128,21.1343,351.757,355.0802,-1
309.7432,2.400052,184.8115,22.75567,354.61,356.7863,-1
309.7432,2.400131,184.8116,20.87818,354.6143,356.9807,-1
309.7432,2.400477,184.8123,21.66116,353.6165,357.6321,-1
309.7432,2.400683,184.8124,21.12189,353.5086,358.0356,-1
309.7432,2.400441,184.8122,20.76008,353.7644,357.576,-1
309.7432,2.400522,184.8121,21.86727,353.9154,357.7146,-1
309.7432,2.400553,184.8121,21.90601,354.0341,357.7745,-1
309.7432,2.400553,184.812,21.87751,354.1302,357.7737,-1
309.7432,2.400849,184.8118,21.44578,354.6901,358.3514,-1
309.7432,2.401326,184.812,21.58977,354.708,359.2675,-1
309.7433,2.401168,184.8114,22.46978,355.5997,358.957,-1
309.7432,2.400898,184.812,21.28225,354.409,358.4465,-1
309.7433,2.400199,184.8109,19.36375,356.0441,357.1391,-1
309.7433,2.399473,184.8099,17.97398,357.5063,355.7934,-1
309.7432,2.399446,184.8113,16.94726,354.9048,355.7664,-1
309.7432,2.399636,184.8117,17.6894,354.3151,356.1055,-1
309.7432,2.399683,184.8115,18.59623,354.5827,356.1752,-1
309.7432,2.398484,184.81,19.18121,356.6195,353.8804,-1
309.7433,2.400011,184.8092,20.33774,358.9165,356.7616,-1
309.7433,2.399788,184.8094,19.7857,358.429,356.3481,-1
309.7433,2.400465,184.8094,18.738,358.8715,357.6523,-1
309.7433,2.400856,184.8096,14.7841,358.8337,358.4255,-1
309.7433,2.401107,184.8088,16.6087,0.356707,358.8806,-1
309.7433,2.40099,184.8077,21.4096,2.192695,358.6237,-1
309.7431,2.40145,184.8055,22.419,6.517758,359.5031,-1
309.7432,2.401766,184.8059,22.03508,5.907922,0.114708,-1
309.7433,2.401578,184.8073,22.06116,3.41593,359.7523,-1
309.7433,2.401172,184.8079,20.25758,2.026471,358.9802,-1
309.7433,2.40116,184.8113,17.39722,355.8706,358.9749,-1
309.7432,2.400706,184.8121,17.04972,354.1978,358.1268,-1
309.743,2.399573,184.8129,19.42193,352.041,355.9467,-1
309.7424,2.3977,184.8158,19.79388,345.4826,352.3531,-1
309.7418,2.39589,184.817,15.29074,342.8515,349.1383,-1
309.7424,2.396023,184.8147,13.43137,347.5546,349.4797,-1
309.7427,2.396161,184.8124,13.09766,351.7993,349.7509,-1
309.7427,2.396045,184.8117,13.90797,352.9609,349.4986,-1
309.7428,2.396078,184.8113,14.35965,353.601,349.5402,-1
309.7433,2.399417,184.8087,12.81343,359.8591,355.7937,-1
309.7433,2.40081,184.8095,9.421977,359.1061,358.3734,-1
309.7433,2.400434,184.8094,7.02031,359.3975,357.705,-1
309.7433,2.400333,184.8093,8.357239,359.4436,357.5147,-1
309.7433,2.400617,184.8103,8.606907,357.7566,358.0275,-1
309.7432,2.399326,184.81,10.92136,357.7727,355.6559,-1
309.7432,2.39919,184.8095,14.23897,358.2392,355.3468,-1
309.7433,2.400024,184.8096,14.7663,358.4071,356.8831,-1
309.7433,2.400224,184.8103,12.49629,357.3639,357.2816,-1
309.7433,2.400419,184.8106,13.48434,356.9631,357.6298,-1
309.7433,2.401016,184.8106,13.48614,357.2122,358.7284,-1
309.7433,2.401059,184.8098,15.65906,358.5883,358.7961,-1
309.7433,2.401528,184.8087,17.59045,0.7651893,359.6647,-1
309.7432,2.401568,184.8067,15.82096,4.390003,359.7431,-1
309.7432,2.401957,184.8065,10.23612,4.948789,0.455933,-1
309.7433,2.402181,184.8079,0.4807745,2.307168,0.8503898,-1
309.7433,2.402086,184.8106,1.46207,357.4172,0.6793128,-1
309.7432,2.402056,184.8119,4.448466,355.2845,0.6281218,-1
309.7433,2.401531,184.811,6.145763,356.7077,359.6841,-1
309.7433,2.40147,184.8107,7.042747,357.2642,359.5738,-1
309.7428,2.401461,184.8152,5.237357,349.1341,359.5584,-1
309.742,2.401513,184.8184,4.470709,343.259,359.6532,-1
309.7423,2.401398,184.8174,3.678581,345.2227,359.4473,-1
309.7423,2.401305,184.8172,4.371247,345.5297,359.2804,-1
234.9534,2.406693,354.4124,5.089831,345.3856,0.3170921,-1
234.9538,2.406447,354.4112,5.270342,347.6669,359.8743,-1
234.9544,2.406548,354.4072,8.061687,354.8965,0.05511864,-1
234.9543,2.406936,354.4007,7.200977,6.70141,0.7562961,-1
234.9542,2.406868,354.4002,6.903986,7.4724,0.6334478,-1
234.9545,2.407474,354.4031,7.125881,2.4726,1.726643,-1
234.9545,2.407177,354.4044,6.077899,0.0772322,1.188037,-1
234.9545,2.406855,354.4047,6.589144,359.5402,0.6088477,-1
234.9545,2.406878,354.4052,7.096006,358.4938,0.651403,-1
234.9545,2.40684,354.4054,7.71535,358.2425,0.5837287,-1
234.9545,2.406689,354.4055,7.22829,357.8814,0.3108995,-1
234.9545,2.406715,354.4059,8.082168,357.2646,0.3581798,-1
234.9225,1.031517,354.4044,0,0,0,exit0
234.9526,2.406962,354.4152,7.171356,340.2993,0.8027992,-1
234.9514,2.406696,354.4182,7.739316,334.4764,0.3235119,-1
234.9491,2.406532,354.4221,7.280024,326.2477,0.02757227,-1
234.9373,2.406818,354.4327,6.167156,297.6876,0.5427402,-1
234.917,2.40897,354.4358,4.82529,260.4686,4.412117,-1
234.9135,2.407948,354.435,5.994584,253.8985,2.576452,-1
234.9057,2.40711,354.4316,4.803909,238.4894,1.065797,-1
234.9008,2.406354,354.4279,6.08063,227.2116,359.7076,-1
235.0039,2.406154,354.5412,2.691465,209.0695,1.361208,-1
235.0031,2.405029,354.5352,6.218951,192.4291,359.6658,-1
235.0026,2.403796,354.5321,6.097749,186.6914,357.4451,-1
235.0027,2.405302,354.5334,8.299053,189.2621,0.1589574,-1
235.0028,2.405108,354.5337,12.41216,189.7193,359.8064,-1
234.4513,2.406812,351.2726,13.43898,190.286,0.5430609,-1
234.0855,2.406624,349.3031,11.38325,191.8332,0.195513,-1
233.7869,2.407644,347.9148,12.35793,192.5096,2.06619,-1
233.4289,2.40428,346.1442,13.7157,191.1937,2.971476,-1
232.8857,2.407184,343.4554,13.80995,192.0418,1.228862,-1
232.4871,2.397691,341.6122,14.47414,192.1029,1.06736,-1
231.7697,2.406913,338.3981,14.94652,194.0352,0.7331241,-1
231.1224,2.406985,335.8174,14.97321,194.2233,0.8667888,-1
230.3544,2.407089,332.7921,15.15498,194.3809,1.061146,-1
229.5354,2.401826,329.6066,14.89094,194.5622,1.563368,-1
228.7115,2.407517,326.4179,14.50623,194.4441,1.971841,-1
227.8908,2.407632,323.2425,13.76557,194.6924,2.056146,-1
227.075,2.407604,320.1201,13.5319,194.7394,2.0027,-1
226.2517,2.407534,317.0007,13.63442,194.8046,1.873332,-1
225.4152,2.407607,313.8254,13.75873,194.7116,2.009909,-1
224.5518,2.406951,310.5619,13.77073,194.9282,1.840999,-1
223.659,2.404169,307.2349,13.65471,195.183,1.693727,-1
222.7845,2.40737,304.0325,13.32769,195.702,1.5699,-1
221.8289,2.407217,300.732,12.55235,197.2868,1.283455,-1
220.8051,2.406802,297.5217,9.07078,198.451,0.5166743,-1
219.7291,2.405396,294.3389,8.696503,199.2328,359.9139,-1
218.5978,2.396489,291.1254,9.278855,199.8323,359.7322,-1
217.3885,2.404631,287.7965,9.356004,200.0515,359.2755,-1
216.2554,2.404035,284.7187,9.09417,200.3345,359.0807,-1
215.0319,2.40597,281.4246,9.657461,200.1242,359.0059,-1
213.8055,2.406434,278.0724,10.16043,199.7598,359.8492,-1
212.7062,2.406507,275.009,10.07313,200.0215,359.9814,-1
211.5688,2.406676,271.9053,10.36518,200.3432,0.290141,-1
210.4226,2.406884,268.8414,11.613,200.9818,0.6718414,-1
209.0294,2.401564,265.2801,11.75603,202.0803,1.205461,-1
207.6872,2.406917,261.9666,11.67868,202.0331,0.7302535,-1
206.3315,2.406797,258.5679,13.07624,200.1925,0.5155389,-1
205.6114,2.405108,256.4807,14.11707,191.5979,359.7269,-1
205.5979,2.407336,256.4158,8.152157,164.2695,1.678903,-1
205.5986,2.407123,256.4133,8.108927,159.5862,1.291374,-1
205.5985,2.407633,256.4135,9.480631,160.2408,2.222196,-1
205.5966,2.406792,256.4267,12.97407,184.1173,0.7041535,-1
205.6286,1.031409,256.4245,0,0,0,enter1
205.597,2.406825,256.4191,13.00732,170.3535,0.765173,-1
205.6047,2.406231,256.4032,7.58827,138.1122,359.6794,-1
205.6086,2.405606,256.3995,8.366601,128.3103,358.5465,-1
205.6147,2.406598,256.3957,8.919173,115.7975,0.3433681,-1
205.6177,2.408312,256.3945,8.278985,110.3525,3.446038,-1
205.6189,2.408721,256.3941,8.684466,108.2849,4.192806,-1
205.6184,2.407574,256.3942,7.845294,108.8428,2.106193,-1
205.6226,2.406302,256.3931,10.96861,100.6953,359.8054,-1
205.6227,2.406839,256.3931,8.530869,100.7687,0.7797347,-1
205.6226,2.40696,256.3931,2.689134,100.7443,0.9873098,-1
205.623,2.407153,256.393,4.301809,100.0961,1.335784,-1
205.624,2.407858,256.3929,5.860826,98.50297,2.609383,-1
205.6286,1.031409,256.4245,0,0,0,exit1
205.6234,2.408327,256.393,11.10702,99.96556,3.501411,-1
205.8856,2.407152,256.3413,10.6626,101.2462,1.157252,-1
209.3384,2.407425,255.6332,12.47748,102.8575,1.66576,-1
210.506,2.407715,255.3499,12.38776,105.2683,2.197043,-1
212.5255,2.408291,254.7634,11.97002,106.9388,3.248321,-1
214.5618,2.408732,254.1532,11.46401,106.4758,4.049479,-1
216.2181,2.408942,253.6729,11.56427,105.4178,4.437199,-1
218.7731,2.401156,252.9776,12.20689,105.365,3.438078,-1
220.7002,2.408062,252.4408,12.81087,106.2972,2.897382,-1
223.5484,2.407597,251.6041,13.82309,106.7277,1.992477,-1
226.7202,2.407819,250.6315,13.40307,107.8237,2.397115,-1
229.941,2.407533,249.606,12.88931,107.5872,1.865979,-1
233.0486,2.407376,248.6116,12.13173,108.0285,1.573801,-1
236.078,2.407176,247.6273,11.68015,108.2188,1.204705,-1
239.2286,2.40702,246.5797,11.9558,108.5545,0.9204485,-1
242.4654,2.400862,245.4846,11.30572,109.936,0.5509634,-1
245.5611,2.406858,244.2966,10.73812,113.1238,0.6216428,-1
248.2149,2.40529,243.1723,10.0502,112.4891,0.3799771,-1
251.125,2.406845,241.9715,10.08109,111.8444,0.5958428,-1
254.0189,2.406609,240.8214,11.61232,111.6942,0.1680387,-1
257.1505,2.405805,239.5847,10.52375,110.4087,359.5851,-1
259.56,2.406813,238.7172,11.90454,104.0212,0.5422082,-1
259.6199,2.406405,238.6989,8.614122,90.56464,359.7968,-1
259.6267,2.406276,238.6996,6.694724,78.2979,359.5646,-1
259.6203,1.031517,238.7309,0,0,0,enter2
259.6451,2.408067,238.7108,10.98561,39.54196,2.828322,-1
259.6508,2.408953,238.7218,9.835569,17.31131,4.431594,-1
259.6518,2.406729,238.7254,9.88079,9.922771,0.3859419,-1
259.652,2.406144,238.7269,9.7708,7.094043,359.3215,-1
259.6522,2.406824,238.7287,10.56852,4.042806,0.5584517,-1
259.6522,2.406999,238.7292,11.14443,3.190646,0.8792853,-1
259.6522,2.406454,238.7287,11.38847,3.93637,359.8847,-1
259.6522,2.407538,238.7286,11.84145,4.512996,1.868956,-1
259.6522,2.407344,238.7284,11.42695,4.720632,1.510966,-1
259.6522,2.407285,238.7286,7.330394,4.283033,1.385895,-1
259.6522,2.406446,238.7289,8.540771,3.440604,359.8717,-1
259.6522,2.406497,238.7287,12.07,3.979748,359.9629,-1
259.6203,1.031517,238.7309,0,0,0,exit2
259.6521,2.406957,238.7274,14.90661,6.521792,0.814422,-1
259.74,2.407431,239.3671,14.45519,7.548425,1.689472,-1
259.9671,2.407469,241.0868,15.53238,7.02466,1.768719,-1
260.0344,2.407611,241.6476,16.11709,5.641723,2.039198,-1
260.2932,2.406972,244.2517,16.22927,5.629408,0.8494964,-1
260.4816,2.406108,246.1163,15.64236,5.726323,0.4632355,-1
260.7133,2.406592,248.3326,12.53536,6.709406,0.1373023,-1
261.0559,2.397051,251.0697,11.36919,8.524415,0.3595354,-1
261.4486,2.406584,253.4823,13.12342,10.08918,0.123339,-1
261.9602,2.406868,256.3687,13.44548,9.657723,0.6451848,-1
262.4741,2.406766,259.487,13.89414,8.866962,0.4592126,-1
262.8915,2.406591,262.2557,15.27351,7.833133,0.1373591,-1
263.362,2.406276,265.7291,15.27015,7.515225,359.5527,-1
263.7958,2.3975,269.0063,12.50185,8.357369,359.2278,-1
264.3642,2.405949,272.3491,8.680558,13.13088,358.9708,-1
265.1719,2.40579,275.7044,8.837091,15.73809,358.6818,-1
266.0988,2.401979,278.8398,9.395694,17.62195,358.4959,-1
267.2161,2.399625,281.9335,9.981713,22.94053,358.7328,-1
268.3354,2.405524,284.6106,10.24672,21.73871,358.1928,-1
269.3994,2.405855,287.343,10.02249,19.46401,358.797,-1
270.468,2.406059,290.515,10.49203,17.54841,359.1658,-1
271.5604,2.400747,293.9931,11.19153,16.90711,359.2656,-1
272.5987,2.405725,297.4948,10.75068,15.45035,358.5567,-1
273.504,2.403749,300.7962,9.002211,14.83314,358.2634,-1
274.2708,2.400408,303.7752,8.074964,13.46527,358.341,-1
274.7474,2.405684,305.91,8.476662,10.8751,358.4915,-1
274.8314,2.405951,306.3372,6.695164,8.967277,358.9798,-1
274.8304,2.406034,306.3528,5.164404,342.5326,359.1303,-1
274.795,2.404723,306.4634,11.67886,356.1989,356.7184,-1
274.7884,2.40487,306.5342,14.72983,9.20045,356.949,-1
275.2684,2.405244,309.3119,17.77927,9.862552,357.6052,-1
275.8547,2.405014,312.7024,17.04247,9.082833,357.1849,-1
276.2745,2.405552,315.5382,10.00681,5.965885,358.2462,-1
276.3783,2.405882,316.5463,7.735676,2.552094,358.853,-1
276.347,1.031517,316.5571,0,0,0,enter0
