*Subject
12
*Layout
6
*Condition
True,False,False
*Marks
260.084,0,199.1022
362.8386,0,214.6371
298.0055,0,295.8561
*Path
x,y,z,flag
232.603,2.403417,353.1814,8.785011,9.969039,354.3749,-1
232.6004,2.40377,353.1733,8.815433,25.44736,355.0172,-1
232.5972,2.404783,353.1681,8.989758,36.7301,356.8546,-1
232.5916,2.403742,353.1624,4.677043,51.02728,355.0077,-1
232.5885,2.40314,353.1603,6.170641,57.64351,353.9066,-1
232.5871,2.403755,353.1595,7.261979,60.54334,355.0078,-1
232.5871,2.40363,353.1594,6.471219,60.6889,354.7897,-1
232.587,2.403618,353.1594,8.781208,60.56836,354.7408,-1
232.5869,2.403427,353.1593,5.315496,61.13507,354.4347,-1
232.5867,2.403837,353.1592,10.13727,61.12349,355.1201,-1
232.5876,2.403502,353.1598,7.548899,59.38533,354.5473,-1
232.5884,2.403582,353.1602,7.165976,57.81455,354.6952,-1
232.5885,2.404119,353.1602,12.45574,57.2863,355.5986,-1
232.5879,2.404325,353.1598,15.8398,58.57206,355.9166,-1
232.5868,2.402766,353.1594,13.33226,60.12446,353.0807,-1
232.5854,2.402221,353.1588,13.92853,62.60783,352.0505,-1
232.5868,2.403931,353.1592,6.85062,61.35258,355.3319,-1
232.5869,2.403852,353.1593,8.440902,60.99413,355.1714,-1
232.5869,2.404107,353.1593,10.04907,60.80379,355.6135,-1
232.5859,2.404128,353.1588,9.701632,62.9739,355.6565,-1
232.5854,2.404855,353.1585,7.990226,64.22053,356.9939,-1
232.5855,2.404166,353.1586,7.720136,63.9278,355.7482,-1
232.5849,2.404447,353.1583,9.21112,64.97514,356.2428,-1
232.5844,2.40414,353.1581,9.312698,65.97861,355.6827,-1
232.5847,2.40403,353.1582,8.987348,65.37814,355.4863,-1
232.5848,2.404107,353.1583,8.511739,65.17268,355.6327,-1
232.5852,2.403612,353.1585,7.103984,64.34673,354.7508,-1
232.5848,2.403823,353.1583,6.42672,65.3595,355.1397,-1
232.5838,2.404013,353.1578,6.070143,67.29633,355.4862,-1
232.5836,2.40388,353.1578,5.996347,67.64309,355.2477,-1
232.5835,2.403867,353.1577,5.970641,67.8786,355.2231,-1
232.5835,2.40399,353.1577,6.137653,67.92449,355.4441,-1
232.5834,2.403972,353.1577,6.306887,68.15394,355.4108,-1
232.5838,2.40375,353.1579,6.061589,67.28171,355.0121,-1
232.584,2.403611,353.158,5.864094,66.83926,354.762,-1
232.584,2.403744,353.158,5.727939,66.8613,355.0035,-1
232.5838,2.403896,353.1578,6.269909,67.34301,355.2741,-1
232.5822,2.404107,353.1572,6.816246,70.41904,355.6498,-1
232.5828,2.404152,353.1574,6.610824,69.23515,355.7338,-1
232.5827,2.404548,353.1573,7.065348,69.59382,356.4449,-1
232.5831,2.404642,353.1575,7.326297,68.75864,356.6128,-1
232.5829,2.404555,353.1575,7.98819,69.00102,356.4512,-1
232.5829,2.404956,353.1574,8.599378,69.12507,357.1719,-1
232.5829,2.404574,353.1574,7.620216,69.1547,356.4883,-1
232.5829,2.404335,353.1575,7.107439,69.07412,356.0597,-1
232.5831,2.404574,353.1575,6.842478,68.76965,356.4945,-1
232.5827,2.404508,353.1573,6.624916,69.60839,356.3764,-1
232.5822,2.404688,353.1572,8.232268,70.41254,356.6887,-1
232.5821,2.404437,353.1572,12.71657,70.31531,356.1781,-1
232.5832,2.404747,353.1576,16.09934,68.06882,356.7005,-1
232.5841,2.405025,353.1579,18.72454,66.34768,357.178,-1
232.5854,2.405036,353.1585,21.70172,63.62264,357.145,-1
232.585,2.404698,353.1583,16.78309,64.50421,356.5966,-1
232.5858,2.404262,353.1587,11.74987,63.06295,355.8729,-1
232.5856,2.404457,353.1586,11.17661,63.47991,356.2371,-1
232.5857,2.404333,353.1587,11.51482,63.25003,356.0056,-1
232.5937,2.401807,353.1646,9.166846,44.63085,351.4261,-1
232.5948,2.401792,353.1657,7.853639,41.93317,351.4271,-1
232.5944,2.401948,353.1652,7.146506,43.33676,351.7274,-1
232.5939,2.402016,353.1647,7.238301,44.70462,351.8492,-1
232.5928,2.402071,353.1637,7.364578,47.29803,351.9457,-1
232.5922,2.402264,353.1632,7.274343,48.77008,352.2991,-1
232.5916,2.40266,353.1626,8.207286,50.23069,353.0045,-1
232.5918,2.403323,353.1626,11.5796,49.8983,354.1525,-1
232.5926,2.404466,353.1632,14.83692,48.31017,356.1982,-1
232.5934,2.405111,353.1638,19.78916,46.56374,357.3228,-1
232.593,2.40437,353.1635,33.09953,45.84608,355.4062,-1
232.5922,2.406628,353.1628,37.13165,50.42014,0.2483162,-1
232.5919,2.408537,353.1627,49.2208,54.95358,5.547168,-1
232.5939,2.410068,353.1646,59.10407,56.56856,12.4808,-1
232.6018,2.408105,353.1764,61.96524,25.41494,6.060128,-1
232.603,2.40709,353.1941,41.97118,348.731,1.380822,-1
232.5999,2.404939,353.2025,17.92661,330.8027,357.0288,-1
232.6017,2.409818,353.1981,22.27112,342.7288,6.399574,-1
232.6009,2.411468,353.1995,27.73841,342.1642,10.06711,-1
232.601,2.410552,353.1997,25.75786,340.6628,8.048532,-1
232.6015,2.404368,353.199,31.82219,336.3119,355.4678,-1
232.6037,2.405655,353.1879,17.67083,358.5444,358.3799,-1
232.6024,2.406606,353.1783,12.63686,16.50264,0.1637263,-1
232.6024,2.406978,353.1782,11.48727,16.84263,0.8431373,-1
232.6024,2.406842,353.1781,11.46472,16.90467,0.5941312,-1
232.6023,2.406798,353.1779,11.73783,17.39376,0.5135894,-1
232.6022,2.406757,353.1777,11.83778,17.72034,0.4389673,-1
232.6022,2.406783,353.1776,11.86471,17.87126,0.486114,-1
232.6022,2.406792,353.1775,11.90694,18.18449,0.502764,-1
232.6021,2.406782,353.1773,11.95644,18.45243,0.4853685,-1
232.6021,2.406784,353.1772,11.97942,18.7441,0.4882481,-1
232.602,2.406786,353.177,12.06714,19.02844,0.4930268,-1
232.602,2.406771,353.1768,12.0776,19.29291,0.4647101,-1
232.6019,2.406771,353.1767,12.12505,19.60144,0.4645436,-1
232.6019,2.406772,353.1765,12.14967,19.89645,0.4667051,-1
232.6018,2.406754,353.1764,12.08053,20.19559,0.4340883,-1
232.6017,2.406773,353.1763,11.94424,20.43535,0.4680074,-1
232.6017,2.406781,353.1761,11.82605,20.70879,0.4837615,-1
232.6016,2.406782,353.176,11.73789,21.00537,0.4851822,-1
232.6016,2.406786,353.1758,11.62742,21.27284,0.4926215,-1
232.6015,2.406794,353.1757,11.56399,21.5581,0.5054119,-1
232.6015,2.406791,353.1755,11.48741,21.84604,0.5008593,-1
232.6014,2.406801,353.1754,11.41544,22.12831,0.5179475,-1
232.6013,2.406802,353.1752,11.35986,22.42171,0.5210591,-1
232.6013,2.406801,353.1751,11.31002,22.7162,0.5180367,-1
232.6012,2.406818,353.1749,11.26515,23.00099,0.5488618,-1
232.6012,2.406805,353.1748,11.20391,23.31559,0.5243459,-1
232.6011,2.406808,353.1746,11.16461,23.60592,0.5311335,-1
232.601,2.406798,353.1744,11.15714,23.93109,0.5119913,-1
232.601,2.406814,353.1743,11.09273,24.23514,0.5411217,-1
232.6009,2.406815,353.1741,11.05874,24.54699,0.5426331,-1
232.6008,2.406806,353.174,11.04254,24.85851,0.5277674,-1
232.6007,2.406804,353.1738,11.01907,25.17286,0.5228404,-1
232.6007,2.406801,353.1736,10.99573,25.48535,0.5172548,-1
232.6006,2.406802,353.1735,10.97945,25.79926,0.5202755,-1
232.6005,2.406802,353.1733,10.94594,26.11759,0.5201879,-1
232.6004,2.406798,353.1732,10.9317,26.43413,0.5121868,-1
232.6003,2.406802,353.173,10.9143,26.74257,0.5202932,-1
232.6003,2.406802,353.1729,10.90693,27.07077,0.518633,-1
232.6002,2.406811,353.1727,10.88554,27.3921,0.5356338,-1
232.6001,2.40682,353.1725,10.86341,27.728,0.5530154,-1
232.6,2.406812,353.1724,10.87714,28.06935,0.5373338,-1
232.5999,2.406819,353.1722,10.86514,28.38829,0.5497988,-1
232.5998,2.406816,353.1721,10.85359,28.70777,0.5441136,-1
232.5997,2.406817,353.1719,10.84653,29.04294,0.5466364,-1
232.5997,2.406819,353.1717,10.84385,29.37285,0.5505753,-1
232.5996,2.406816,353.1716,10.85163,29.71028,0.5460033,-1
232.5995,2.406809,353.1714,10.83245,30.05375,0.5316077,-1
232.5994,2.40687,353.1712,10.73904,30.39968,0.6440726,-1
232.5993,2.406855,353.1711,10.74041,30.7317,0.6148214,-1
232.5992,2.406864,353.1709,10.74633,31.1,0.633119,-1
232.5991,2.406876,353.1707,10.72044,31.44643,0.6530569,-1
232.599,2.406898,353.1706,10.71455,31.7826,0.6954155,-1
232.5989,2.406891,353.1704,10.71818,32.14268,0.6822354,-1
232.5988,2.40682,353.1703,10.80098,32.4463,0.55174,-1
232.5987,2.406849,353.1701,10.76147,32.74185,0.604317,-1
232.5986,2.406808,353.1699,10.83286,33.14838,0.5307571,-1
232.5985,2.406812,353.1698,10.79813,33.47949,0.537859,-1
232.5984,2.406823,353.1696,10.78319,33.81458,0.5582473,-1
232.5983,2.40682,353.1695,10.80588,34.17095,0.5526316,-1
232.5981,2.406839,353.1693,10.78629,34.51728,0.5876009,-1
232.598,2.406837,353.1691,10.77759,34.87294,0.5824615,-1
232.5979,2.406826,353.169,10.81595,35.2392,0.5644569,-1
232.5978,2.406832,353.1688,10.78987,35.57952,0.5742527,-1
232.5977,2.406966,353.1687,10.6698,35.90919,0.8178455,-1
232.5976,2.406945,353.1685,10.74633,36.36543,0.7795812,-1
232.5975,2.406939,353.1683,10.72035,36.67585,0.7680788,-1
232.5973,2.406943,353.1682,10.70368,37.0508,0.7761888,-1
232.5972,2.406897,353.168,10.77894,37.45082,0.6926855,-1
232.5971,2.406898,353.1678,10.7829,37.82259,0.6940985,-1
232.5969,2.406846,353.1677,10.81077,38.16891,0.5990578,-1
232.5968,2.406778,353.1675,10.81436,38.52087,0.4752481,-1
232.5967,2.406793,353.1674,10.75172,38.85606,0.5019462,-1
232.5966,2.406815,353.1672,10.72733,39.20579,0.5426716,-1
232.5965,2.406843,353.1671,10.73216,39.55511,0.5943961,-1
232.5963,2.406861,353.1669,10.7151,39.91898,0.6266501,-1
232.5962,2.406888,353.1667,10.68708,40.27714,0.6753395,-1
232.5961,2.406895,353.1666,10.66486,40.642,0.6882852,-1
232.5959,2.406902,353.1664,10.66323,41.00552,0.7019789,-1
232.5958,2.406885,353.1663,10.67778,41.35717,0.6698594,-1
232.5957,2.406877,353.1661,10.6878,41.73368,0.6560095,-1
232.5955,2.406874,353.166,10.67926,42.08881,0.6500739,-1
232.5954,2.406886,353.1658,10.67441,42.44246,0.6719775,-1
232.5953,2.406863,353.1657,10.6986,42.82248,0.6299431,-1
232.5951,2.406846,353.1655,10.71877,43.17002,0.5998845,-1
232.595,2.406849,353.1654,10.70886,43.45734,0.6057831,-1
232.5949,2.406837,353.1653,10.71188,43.73605,0.5817493,-1
232.5948,2.406833,353.1652,10.7186,44.02883,0.5760881,-1
232.5947,2.406825,353.1651,10.70999,44.3117,0.5611637,-1
232.5946,2.406826,353.1649,10.70999,44.59794,0.5633625,-1
232.5945,2.406819,353.1649,10.71055,44.86976,0.550275,-1
232.5944,2.406837,353.1647,10.69963,45.12122,0.5828208,-1
232.5943,2.406846,353.1646,10.68057,45.39957,0.5995787,-1
232.5941,2.406846,353.1645,10.69518,45.6691,0.6001289,-1
232.594,2.406857,353.1644,10.67607,45.9404,0.6198284,-1
232.5939,2.406868,353.1643,10.66791,46.20094,0.6397272,-1
232.5938,2.406869,353.1642,10.67746,46.4748,0.6412284,-1
232.5937,2.406865,353.1641,10.68177,46.74217,0.6343303,-1
232.5936,2.406866,353.164,10.67999,47.00145,0.6349942,-1
232.5935,2.40688,353.1639,10.64486,47.26297,0.6614788,-1
232.5934,2.406913,353.1638,10.53301,47.55327,0.7211868,-1
232.5933,2.406891,353.1638,10.69201,47.74327,0.6811976,-1
232.5932,2.406812,353.1636,10.64601,47.99938,0.5374357,-1
232.5931,2.406875,353.1635,10.63064,48.27525,0.6526241,-1
232.593,2.406875,353.1635,10.6417,48.53492,0.6513318,-1
232.5929,2.406878,353.1634,10.6332,48.78633,0.6582066,-1
232.5928,2.406912,353.1633,10.52531,48.92308,0.7195832,-1
232.5927,2.406821,353.1631,10.68515,49.29654,0.5536803,-1
232.5926,2.406754,353.1631,10.68818,49.46632,0.4314775,-1
232.5925,2.406708,353.163,10.73303,49.69443,0.3487626,-1
232.5924,2.406675,353.1629,10.82596,49.89826,0.2887602,-1
232.5923,2.406698,353.1628,10.83415,50.13356,0.3298112,-1
232.5922,2.406678,353.1628,10.85169,50.38152,0.2932821,-1
232.5921,2.406674,353.1627,10.84501,50.62116,0.2856482,-1
232.592,2.406683,353.1626,10.83808,50.8724,0.303147,-1
232.5919,2.406684,353.1625,10.83304,51.10427,0.3041528,-1
232.5918,2.406687,353.1624,10.83572,51.33899,0.3089862,-1
232.5917,2.406685,353.1623,10.83567,51.5793,0.30629,-1
232.5916,2.406686,353.1622,10.83771,51.81988,0.3077981,-1
232.5914,2.406685,353.1622,10.84101,52.04503,0.3059286,-1
232.5914,2.406683,353.1621,10.83471,52.28411,0.303756,-1
232.5912,2.406683,353.162,10.83319,52.51488,0.3023649,-1
232.5911,2.406685,353.1619,10.83264,52.73824,0.3069389,-1
232.591,2.406685,353.1619,10.82781,52.9661,0.305597,-1
232.5909,2.406687,353.1618,10.84035,53.18799,0.3097951,-1
232.5909,2.406682,353.1617,10.83642,53.41412,0.3019387,-1
232.5907,2.406681,353.1616,10.84386,53.62441,0.2984716,-1
232.5907,2.406681,353.1616,10.84453,53.84452,0.2977898,-1
232.5906,2.406681,353.1615,10.84166,54.05952,0.298256,-1
232.5905,2.406682,353.1614,10.85042,54.27827,0.3014473,-1
232.5904,2.406683,353.1613,10.84798,54.49888,0.3027793,-1
232.5903,2.406686,353.1613,10.84359,54.71434,0.3085492,-1
232.5902,2.406687,353.1612,10.84233,54.92225,0.3090726,-1
232.5901,2.406687,353.1611,10.84381,55.12882,0.3103837,-1
232.59,2.406687,353.1611,10.83959,55.34523,0.3097721,-1
232.5899,2.406684,353.161,10.83806,55.55022,0.3050007,-1
232.5898,2.406688,353.1609,10.83975,55.76535,0.3115695,-1
232.5897,2.406683,353.1609,10.83749,55.9699,0.3033246,-1
232.5896,2.406684,353.1608,10.83623,56.16794,0.3043473,-1
232.5895,2.406688,353.1608,10.83833,56.3663,0.3113903,-1
232.5894,2.406687,353.1607,10.83818,56.56262,0.3097089,-1
232.5893,2.406684,353.1606,10.83307,56.76396,0.3039517,-1
232.5892,2.406681,353.1606,10.83384,56.96074,0.2985072,-1
232.5891,2.406681,353.1605,10.83237,57.13893,0.2992768,-1
232.5891,2.40668,353.1605,10.83227,57.32497,0.2967741,-1
232.589,2.406677,353.1604,10.82974,57.51302,0.2922927,-1
232.5889,2.406678,353.1603,10.82757,57.68498,0.2943073,-1
232.5888,2.406677,353.1603,10.82252,57.86066,0.2910539,-1
232.5887,2.406673,353.1602,10.82445,58.03664,0.2838075,-1
232.5886,2.406676,353.1602,10.82121,58.20877,0.289169,-1
232.5885,2.406676,353.1602,10.82821,58.37822,0.2894726,-1
232.5885,2.406677,353.1601,10.82337,58.5415,0.2915367,-1
232.5884,2.406677,353.1601,10.83631,58.70658,0.2915016,-1
232.5883,2.406679,353.16,10.83572,58.86996,0.2948064,-1
232.5882,2.406684,353.1599,10.8395,59.03973,0.3048153,-1
232.5882,2.406683,353.1599,10.83425,59.20411,0.3023229,-1
232.5881,2.40668,353.1599,10.82835,59.36286,0.2968497,-1
232.588,2.406676,353.1598,10.8244,59.51855,0.2895632,-1
232.5879,2.406675,353.1598,10.82567,59.67733,0.2884401,-1
232.5879,2.406681,353.1597,10.82542,59.83438,0.298325,-1
232.5878,2.406683,353.1597,10.82094,59.99066,0.3021804,-1
232.5877,2.406686,353.1596,10.82421,60.14391,0.3077669,-1
232.5876,2.406682,353.1596,10.81499,60.28929,0.3012761,-1
232.5876,2.406687,353.1596,10.82299,60.43121,0.3094138,-1
232.5875,2.406687,353.1595,10.81553,60.57468,0.309566,-1
232.5874,2.406684,353.1595,10.81591,60.71943,0.3048795,-1
232.5874,2.406685,353.1595,10.81543,60.86272,0.3065075,-1
232.5873,2.406686,353.1594,10.81696,61.00713,0.3078912,-1
232.5872,2.406685,353.1594,10.82004,61.14273,0.3058664,-1
232.5872,2.406684,353.1593,10.82319,61.27263,0.3046027,-1
232.5871,2.406682,353.1593,10.82456,61.40277,0.2997019,-1
232.587,2.406686,353.1593,10.82156,61.53771,0.3081193,-1
232.587,2.406685,353.1592,10.81988,61.66874,0.3069267,-1
232.5869,2.406682,353.1592,10.81752,61.79974,0.3007984,-1
232.5868,2.406687,353.1591,10.82021,61.92651,0.3096647,-1
232.5868,2.406686,353.1591,10.81524,62.04434,0.3076234,-1
232.5867,2.406688,353.1591,10.80795,62.16485,0.312121,-1
232.5867,2.406686,353.1591,10.81714,62.27789,0.3073481,-1
232.5866,2.406687,353.159,10.82269,62.39348,0.310058,-1
232.5865,2.406683,353.159,10.8212,62.50443,0.3028,-1
232.5865,2.406682,353.159,10.81654,62.61297,0.2996096,-1
232.5864,2.406682,353.1589,10.81481,62.72904,0.3008778,-1
232.5864,2.40668,353.1589,10.81121,62.83356,0.2972765,-1
232.5863,2.406677,353.1589,10.82004,62.93851,0.2914566,-1
232.5863,2.406672,353.1589,10.82954,63.04875,0.2818465,-1
232.5862,2.406672,353.1588,10.83603,63.14578,0.283646,-1
232.5862,2.406669,353.1588,10.8333,63.24814,0.2761989,-1
232.5861,2.40667,353.1588,10.83653,63.34771,0.2782564,-1
232.5861,2.406669,353.1588,10.83769,63.44185,0.2767271,-1
232.586,2.40667,353.1588,10.84232,63.53956,0.2792268,-1
232.586,2.406669,353.1587,10.84,63.62809,0.2769553,-1
232.5859,2.406671,353.1587,10.84038,63.71942,0.2797843,-1
232.5859,2.406673,353.1587,10.84175,63.80824,0.2842021,-1
232.5859,2.406674,353.1587,10.83515,63.89027,0.286309,-1
232.5858,2.406676,353.1586,10.83419,63.97186,0.2905041,-1
232.5858,2.406676,353.1586,10.82753,64.05145,0.289305,-1
232.5857,2.406675,353.1586,10.82618,64.12384,0.288577,-1
232.5857,2.40668,353.1586,10.836,64.19479,0.2960645,-1
232.5857,2.40668,353.1586,10.836,64.19479,0.2960645,-1
232.5857,2.40668,353.1586,10.836,64.19479,0.2960645,-1
232.5857,2.406679,353.1586,10.81894,64.28191,0.2960207,-1
232.5856,2.40668,353.1585,10.81579,64.35316,0.2959337,-1
232.5856,2.40668,353.1585,10.8099,64.43063,0.2977172,-1
232.5856,2.406681,353.1585,10.811,64.50143,0.29769,-1
232.5855,2.40668,353.1585,10.80511,64.56811,0.2973139,-1
232.5855,2.406679,353.1585,10.80702,64.62789,0.2945683,-1
232.5854,2.406679,353.1585,10.8125,64.68961,0.2950183,-1
232.5854,2.406678,353.1584,10.81173,64.75169,0.2940253,-1
232.5854,2.406684,353.1584,10.81285,64.80614,0.3046065,-1
232.5854,2.40669,353.1584,10.81393,64.85458,0.314791,-1
232.5853,2.40669,353.1584,10.82334,64.91196,0.3152111,-1
232.5853,2.406713,353.1584,10.79813,64.96458,0.3583707,-1
232.5853,2.406694,353.1584,10.84465,65.02262,0.322897,-1
232.5853,2.40674,353.1584,10.68791,65.12235,0.4061331,-1
232.5851,2.406769,353.1583,10.77728,65.34461,0.4595585,-1
232.5851,2.406771,353.1583,10.75657,65.35843,0.4633661,-1
232.5851,2.406829,353.1583,10.72883,65.37501,0.5686579,-1
232.5851,2.406746,353.1583,10.78878,65.3688,0.4182036,-1
232.5851,2.406698,353.1583,10.82124,65.4056,0.3293424,-1
232.5851,2.406707,353.1583,10.82036,65.46828,0.3461052,-1
232.5851,2.406746,353.1583,10.78129,65.49653,0.4176712,-1
232.5851,2.406761,353.1583,10.76709,65.52338,0.4439618,-1
232.585,2.406731,353.1583,10.79592,65.56499,0.3898774,-1
232.585,2.406711,353.1583,10.81299,65.58825,0.3525016,-1
232.585,2.406714,353.1582,10.80502,65.62162,0.3596753,-1
232.585,2.406725,353.1582,10.81073,65.65077,0.3788058,-1
232.585,2.406715,353.1582,10.81484,65.66301,0.361632,-1
232.5849,2.406783,353.1582,10.79172,65.75993,0.4840305,-1
232.585,2.406686,353.1582,10.8399,65.68057,0.3087836,-1
232.5849,2.406705,353.1582,10.83194,65.72331,0.3422069,-1
232.5849,2.4067,353.1582,10.836,65.73628,0.3342423,-1
232.5849,2.406692,353.1582,10.84739,65.75604,0.3180718,-1
232.5849,2.406693,353.1582,10.81289,65.75272,0.3216432,-1
232.5849,2.406683,353.1582,10.83609,65.77658,0.3021592,-1
232.5849,2.406674,353.1582,10.84702,65.78413,0.286569,-1
232.5849,2.406676,353.1582,10.8417,65.79214,0.2892701,-1
232.5849,2.406683,353.1582,10.84305,65.79861,0.3021627,-1
232.5849,2.406663,353.1582,10.86188,65.80236,0.2659812,-1
232.5849,2.406672,353.1582,10.85003,65.77418,0.2834254,-1
232.5849,2.406684,353.1582,10.84651,65.78107,0.305085,-1
232.5849,2.406686,353.1582,10.86164,65.77596,0.3073825,-1
232.5849,2.406687,353.1582,10.8653,65.76649,0.3102843,-1
232.5849,2.406688,353.1582,10.86488,65.75933,0.3111128,-1
232.5849,2.406688,353.1582,10.86268,65.74932,0.3110423,-1
232.5849,2.406686,353.1582,10.86604,65.73183,0.3085168,-1
232.5849,2.406688,353.1582,10.8572,65.71149,0.3113852,-1
232.5849,2.406686,353.1582,10.83528,65.69247,0.3088106,-1
232.585,2.406685,353.1582,10.82345,65.6651,0.3068834,-1
232.585,2.406685,353.1582,10.81552,65.63882,0.3055315,-1
232.585,2.406687,353.1582,10.80771,65.61165,0.3098939,-1
232.585,2.406688,353.1583,10.80525,65.57586,0.3110452,-1
232.585,2.406688,353.1583,10.80275,65.55301,0.3110365,-1
232.585,2.406691,353.1583,10.79547,65.52477,0.316048,-1
232.5851,2.406689,353.1583,10.7946,65.4891,0.3135617,-1
232.5851,2.406689,353.1583,10.79224,65.45664,0.3140043,-1
232.5851,2.406688,353.1583,10.7876,65.42747,0.3114597,-1
232.5851,2.406691,353.1583,10.79075,65.39699,0.3166241,-1
232.5851,2.406686,353.1583,10.79361,65.36723,0.3087142,-1
232.5851,2.406686,353.1583,10.79463,65.32462,0.3080903,-1
232.5852,2.406686,353.1583,10.79767,65.28849,0.3072912,-1
232.5852,2.406685,353.1583,10.79713,65.2467,0.3061685,-1
232.5852,2.40669,353.1584,10.8065,65.19575,0.3143316,-1
232.5852,2.406687,353.1584,10.80746,65.15126,0.3105386,-1
232.5853,2.406705,353.1584,10.80341,65.11421,0.3426571,-1
232.5853,2.406691,353.1584,10.81428,65.04294,0.3160987,-1
232.5853,2.406747,353.1584,10.75801,64.98629,0.4183803,-1
232.5853,2.406601,353.1584,11.07006,64.94535,0.1536314,-1
232.5851,2.406833,353.1583,10.84996,65.34196,0.5753929,-1
232.5861,2.406907,353.1588,12.05839,63.4327,0.7132915,-1
232.5879,2.40912,353.1599,18.79853,61.23683,4.929751,-1
232.5945,2.406406,353.1649,22.12908,44.67015,359.7863,-1
232.6037,2.408002,353.1892,21.63447,357.7466,2.86196,-1
232.6032,2.406079,353.1814,46.41106,9.918536,358.8629,-1
232.5973,2.403152,353.1684,14.03281,35.2031,353.7783,-1
232.5995,2.406286,353.1714,21.6261,29.78216,359.5556,-1
232.6017,2.408012,353.1763,40.4613,22.57975,3.521248,-1
232.5961,2.409113,353.2079,31.28402,322.7526,5.447357,-1
232.5987,2.404486,353.2045,62.26889,320.7089,352.1584,-1
232.602,2.412891,353.1955,42.38847,355.6925,15.64616,-1
232.5981,2.399131,353.1707,38.99492,21.25765,342.7227,-1
232.6031,2.404801,353.181,13.91331,10.78612,356.8327,-1
232.601,2.403157,353.1748,39.89116,18.26861,352.1347,-1
232.603,2.411041,353.1927,36.47529,356.2795,10.12533,-1
232.6022,2.409539,353.1967,27.78705,345.7599,6.127885,-1
232.5988,2.409814,353.1707,30.23424,35.11254,6.848189,-1
232.6009,2.400924,353.1754,19.49959,18.76041,349.3138,-1
232.5967,2.408717,353.2073,30.43352,323.6375,4.573994,-1
232.6035,2.403483,353.1849,31.83721,1.098068,353.5933,-1
232.6036,2.408916,353.1862,75.25703,18.69881,17.13408,-1
232.6034,2.403528,353.184,66.78037,353.45,346.295,-1
232.603,2.404818,353.1939,55.30344,343.814,354.6484,-1
232.6031,2.400995,353.1908,38.40884,345.7963,347.2777,-1
232.6019,2.396286,353.1838,8.661596,3.900166,341.1299,-1
232.6019,2.397949,353.1809,358.959,12.38308,344.4667,-1
232.6028,2.400485,353.1826,350.2032,10.71541,348.9716,-1
232.6033,2.40332,353.183,344.578,9.389306,354.0521,-1
232.6031,2.403138,353.1819,341.9324,11.83778,353.6224,-1
232.6033,2.403045,353.1837,341.5058,8.790396,353.4308,-1
232.6033,2.402019,353.1847,340.2005,7.85306,351.4068,-1
232.6035,2.403918,353.184,342.918,7.513737,355.1259,-1
232.6033,2.403172,353.1829,344.8448,9.698475,353.7833,-1
232.6033,2.404879,353.1823,352.506,9.521284,357.04,-1
232.6032,2.404694,353.1818,1.53457,9.982253,356.7334,-1
232.6034,2.404899,353.1827,3.649778,8.137695,357.095,-1
232.6034,2.40453,353.183,3.409544,7.707232,356.4333,-1
232.6031,2.405496,353.181,3.627206,11.44094,358.167,-1
232.6035,2.404729,353.1841,359.7044,5.933475,356.797,-1
232.6034,2.405065,353.1828,5.305209,7.944516,357.3876,-1
232.6034,2.405688,353.1829,7.837713,7.862945,358.5015,-1
232.6036,2.405777,353.1841,6.821732,5.684179,358.6663,-1
232.6033,2.405414,353.1822,7.323067,9.036535,358.0073,-1
232.6034,2.405943,353.1824,6.278423,8.762851,358.9662,-1
232.6031,2.405398,353.1811,3.124851,11.2594,357.9929,-1
232.603,2.405204,353.1808,1.517361,11.91356,357.6468,-1
232.6028,2.405058,353.1798,2.08548,13.59976,357.3853,-1
232.603,2.404829,353.1805,2.113001,12.37333,356.9733,-1
232.6031,2.405214,353.1811,1.190351,11.36935,357.6659,-1
232.6031,2.405135,353.1814,1.233215,10.77187,357.5248,-1
232.6032,2.404684,353.1818,1.681372,10.00479,356.7148,-1
232.6032,2.403858,353.1823,2.474073,8.896466,355.2284,-1
232.6032,2.403593,353.1821,3.05474,9.273838,354.7495,-1
232.6033,2.403768,353.1825,4.028574,8.402393,355.0584,-1
232.6032,2.403839,353.1824,5.417996,8.501762,355.1773,-1
232.6033,2.404826,353.1826,7.316591,8.157876,356.9452,-1
232.6033,2.404812,353.1827,7.557226,8.079119,356.9193,-1
232.6033,2.404812,353.1827,7.557226,8.079119,356.9193,-1
232.6031,2.404458,353.1816,1.66144,10.28911,356.3089,-1
232.6031,2.407719,353.1811,358.2618,11.30768,2.153818,-1
232.6031,2.40426,353.1812,359.6614,11.26172,355.9549,-1
232.6033,2.405517,353.1822,4.274691,9.154038,358.2043,-1
232.6031,2.405459,353.1812,6.970186,10.90655,358.0905,-1
232.6033,2.406287,353.1823,6.114899,9.170753,359.586,-1
232.6026,2.406177,353.1789,2.531489,15.35198,359.3904,-1
232.6029,2.405886,353.1802,4.419155,12.94533,358.8668,-1
232.6031,2.406202,353.181,2.297091,11.44136,359.4359,-1
232.6031,2.406237,353.181,14.45245,11.39979,359.4818,-1
232.6034,2.405843,353.1825,14.79178,8.456107,358.7515,-1
232.6034,2.406105,353.1829,350.604,8.189699,359.252,-1
232.6036,2.405058,353.1852,351.6204,4.328806,357.3589,-1
232.6037,2.405161,353.1852,353.2131,4.109925,357.5543,-1
232.6037,2.404969,353.1858,355.6925,2.998924,357.2187,-1
232.6037,2.404521,353.186,357.5322,2.650905,356.4203,-1
232.6037,2.404266,353.1866,357.9994,1.59731,355.9641,-1
232.6037,2.404223,353.1864,358.0329,1.93691,355.8864,-1
232.6037,2.404223,353.1864,358.0329,1.93691,355.8864,-1
232.6037,2.404463,353.1866,357.975,1.507072,356.3166,-1
232.6036,2.404573,353.1857,359.541,2.999532,356.5175,-1
232.6037,2.405016,353.1863,0.0382541,1.929954,357.3112,-1
232.6036,2.404734,353.1846,0.3195999,4.969172,356.8053,-1
232.6035,2.404717,353.1841,0.6615657,5.845109,356.7746,-1
232.6035,2.404355,353.1841,1.905722,5.816627,356.1236,-1
232.6034,2.404242,353.1831,2.325416,7.445094,355.9193,-1
232.6035,2.40415,353.1838,3.421116,6.103856,355.7514,-1
232.6035,2.404111,353.1839,1.692488,6.093528,355.6856,-1
232.6035,2.404478,353.1841,358.981,5.910284,356.346,-1
232.6036,2.404624,353.1848,359.3307,4.718688,356.6088,-1
232.6035,2.40425,353.1838,0.1380117,6.430848,355.938,-1
232.6034,2.404299,353.1836,1.917782,6.737492,356.0225,-1
232.6034,2.404223,353.1835,1.375624,6.937307,355.888,-1
232.6035,2.404651,353.1837,1.193007,6.578711,356.6565,-1
260.1158,2.404548,199.0987,1.733086,6.171923,356.47,-1
260.1158,2.4045,199.099,2.046465,5.605484,356.3831,-1
260.1137,2.404049,199.0905,2.716784,21.13942,355.5723,-1
260.1036,2.403132,199.0771,4.321729,51.41872,353.9113,-1
260.0985,2.40357,199.0738,4.938618,62.54766,354.6962,-1
260.0996,2.403751,199.0743,5.315277,60.3096,355.0204,-1
260.1142,2.40468,199.0918,4.704824,18.65842,356.6985,-1
260.0998,2.405447,199.13,4.113401,299.4726,358.0799,-1
260.0828,2.40529,199.1341,8.548467,267.4782,357.778,-1
260.0867,2.405038,199.134,6.129157,274.4691,357.3353,-1
260.1125,2.404788,199.1167,4.503882,332.7842,356.8942,-1
260.1102,2.403483,199.084,5.719232,34.17538,354.5324,-1
260.084,1.031517,199.1022,0,30,0,exit0
260.0497,2.405659,199.0592,8.528837,84.31602,358.4462,-1
260.0258,2.404238,199.0601,10.6902,114.3439,355.8442,-1
259.78,2.395794,199.2829,12.23473,145.925,355.7908,-1
259.2925,2.404816,199.9897,10.74684,131.2516,356.8974,-1
259.0798,2.404243,200.0311,7.732915,82.7267,355.8865,-1
259.069,2.403129,200.0338,10.92226,69.49744,353.8105,-1
259.0709,2.403399,200.0206,15.16945,73.85895,354.2061,-1
259.2652,2.403148,200.0719,15.19066,77.01253,353.7376,-1
260.7239,2.403429,200.3594,13.08037,80.14634,354.3132,-1
263.3531,2.403517,200.8168,12.90405,80.01706,354.4807,-1
266.5499,2.404224,201.3747,9.841114,80.46867,355.8289,-1
270.9986,2.40431,202.1071,10.14226,80.93382,355.9826,-1
275.3733,2.404254,202.7559,9.283155,82.63824,355.8914,-1
279.9768,2.404264,203.354,9.565884,82.47292,355.9056,-1
284.9173,2.404432,203.9932,8.720183,82.87847,356.2201,-1
289.8237,2.404949,204.6056,8.294512,82.76992,357.1619,-1
294.787,2.405204,205.2227,7.800194,83.10101,357.6256,-1
299.7282,2.405541,205.8385,7.58062,82.52531,358.2373,-1
304.5641,2.405722,206.4775,6.757143,82.37808,358.5658,-1
309.4951,2.405853,207.1516,6.539292,82.01349,358.8029,-1
314.5123,2.403016,207.8583,6.161551,81.94047,359.1147,-1
319.3306,2.406044,208.5496,6.303704,81.67554,359.1474,-1
324.1973,2.405949,209.2673,6.081074,81.59196,358.9774,-1
329.1909,2.398855,210,5.757083,81.51079,359.2205,-1
334.1317,2.405952,210.7372,5.464626,81.59569,358.9839,-1
339.0078,2.406099,211.4675,5.650167,81.25907,359.248,-1
344.0326,2.403346,212.2347,5.429228,81.45756,359.2881,-1
349.1478,2.406339,213.0221,4.935813,81.09364,359.681,-1
354.2081,2.406407,213.8032,4.940833,81.0733,359.8025,-1
359.3592,2.405855,214.569,5.131835,82.52538,358.8099,-1
360.1674,1.030281,214.7093,0,30,0,enter1
360.844,2.406264,214.7666,7.631453,79.44167,359.5431,-1
360.8528,2.405777,214.7687,5.218085,68.50499,358.6698,-1
360.8643,2.40609,214.7764,5.028173,43.52136,359.2322,-1
360.8712,2.406332,214.7874,2.989649,20.09688,359.6675,-1
360.8729,2.405503,214.8029,3.787679,351.9818,358.1804,-1
360.8694,2.405212,214.8135,2.177482,331.8246,357.6609,-1
360.861,2.40605,214.8236,4.130232,308.1832,359.162,-1
360.8369,2.405008,214.8301,4.444167,262.0604,357.2892,-1
360.8358,2.404093,214.8299,3.862706,259.9488,355.6455,-1
360.8423,2.402889,214.8302,3.605757,271.6373,353.4775,-1
360.8593,2.403506,214.8246,4.822319,304.261,354.5815,-1
360.8662,2.403759,214.8182,8.773707,321.0318,354.9961,-1
360.8412,1.031517,214.7985,0,30,0,exit1
360.8662,2.403277,214.8181,12.22777,320.5732,354.0536,-1
360.8677,2.403123,214.8161,13.70213,324.8366,353.7328,-1
360.1021,2.400543,215.8926,12.40346,324.0581,354.4344,-1
358.3631,2.403769,218.2932,9.58529,323.841,355.0049,-1
356.7505,2.40456,220.4691,5.081655,322.9037,356.4795,-1
354.5914,2.398577,223.2474,5.679705,320.516,355.7339,-1
352.0748,2.404084,226.3203,5.68446,321.0276,355.6176,-1
349.5099,2.39772,229.5045,4.900285,321.0472,356.52,-1
346.7308,2.404112,232.926,4.520709,320.3691,356.9315,-1
343.6398,2.404177,236.6557,4.687782,320.3362,355.792,-1
340.2081,2.403578,240.8133,4.658251,321.2783,354.7135,-1
337.1107,2.404114,244.7351,3.211525,321.968,355.687,-1
333.8223,2.403976,248.8923,3.626941,321.4651,356.6131,-1
330.5546,2.403415,252.9859,3.723149,321.4881,356.8095,-1
327.3476,2.404655,257.0217,3.115411,322.0212,356.6589,-1
324.2493,2.404647,261.0032,2.322202,322.1386,356.6967,-1
321.1277,2.404622,265.0322,1.645918,322.3706,356.603,-1
317.9502,2.405057,269.1213,2.058675,321.5019,357.4016,-1
314.6737,2.405313,273.2379,1.617065,321.4543,357.8418,-1
311.3881,2.396638,277.3368,1.174757,320.821,358.3032,-1
308.0047,2.405834,281.5087,0.4849191,321.4369,358.7768,-1
304.8558,2.405931,285.465,359.5479,321.3936,358.9514,-1
301.6021,2.406231,289.5338,357.882,321.5428,359.4872,-1
299.2291,1.02905,292.4633,0,30,0,enter2
298.8565,2.406398,292.981,358.6212,321.2896,359.8082,-1
298.7937,2.398901,293.0597,3.86429,316.1905,0.8875037,-1
298.787,2.398378,293.0651,6.495992,301.0628,4.55424E-05,-1
298.7739,2.398259,293.0695,3.638347,276.0688,359.7873,-1
298.7601,2.397841,293.068,4.346246,250.9366,359.0375,-1
298.7545,2.395846,293.0652,3.074155,239.4762,355.4552,-1
298.7537,2.395504,293.0647,359.7373,238.027,354.8472,-1
298.7581,2.395278,293.067,0.739894,246.8546,354.4409,-1
298.7627,2.394601,293.0685,2.957324,255.4269,353.2126,-1
298.7659,2.394228,293.0691,5.695859,260.9102,352.5113,-1
298.7653,2.395394,293.0691,4.311017,260.0767,354.635,-1
298.7648,2.394969,293.069,6.051748,259.0426,353.852,-1
298.7705,1.023378,293.0377,0,30,0,exit2
298.7658,2.393092,293.0689,12.83259,259.2244,350.2472,-1
297.9935,2.402414,292.9364,6.182453,260.5857,352.5904,-1
294.1991,2.402775,292.2775,4.678287,257.2974,353.2617,-1
292.02,2.401515,291.6974,4.097083,252.53,353.4741,-1
291.3619,2.398879,291.491,4.097083,252.53,353.4741,-1
291.3674,2.399857,291.4925,4.513441,245.8376,354.265,-1
291.367,2.399644,291.4923,5.070789,245.0653,353.8798,-1
291.3666,2.399624,291.4922,4.624685,244.4492,353.8485,-1
291.3663,2.399164,291.4919,3.18554,243.7143,353.0278,-1
291.3643,2.399839,291.4909,1.626596,239.9126,354.2532,-1
291.3628,2.399086,291.49,4.279965,236.3821,352.8788,-1
291.1523,2.402462,291.354,3.636511,237.4854,352.7047,-1
287.2823,2.402454,288.9318,3.586113,238.4369,352.6907,-1
283.83,2.402943,286.8206,3.256269,239.1616,353.8473,-1
280.0847,2.403768,284.5886,3.104153,239.2336,355.0641,-1
275.8565,2.404214,282.1367,1.761197,240.7136,355.8706,-1
271.9128,2.404436,279.9254,1.568126,240.7746,356.2704,-1
268.0229,2.404169,277.7527,1.559025,241.0264,355.7901,-1
263.899,2.398769,275.4913,2.150294,245.972,355.3131,-1
258.9621,2.403108,273.9814,4.744603,267.2539,353.8629,-1
254.6748,2.403501,273.8785,5.106259,270.9686,354.5693,-1
251.4392,2.403559,273.8847,4.043883,266.3014,354.6822,-1
248.0105,2.395328,273.5581,4.734434,260.8507,356.0716,-1
243.9207,2.405148,272.795,6.319873,255.9062,357.5322,-1
241.0866,2.405182,272.0083,4.755994,247.2695,357.6013,-1
240.6566,2.404894,271.8385,4.584661,237.6775,357.0841,-1
240.6079,2.404988,271.7875,2.350102,216.0008,357.2595,-1
240.5859,2.405243,271.7567,4.18656,191.4162,357.7126,-1
240.362,2.404047,271.7029,3.228314,170.9845,359.2823,-1
240.0367,2.406188,271.6131,3.81546,151.0741,359.4103,-1
240.0258,2.406428,271.599,4.847528,136.433,359.8408,-1
240.0383,2.405509,271.5909,4.477002,109.418,358.19,-1
240.0474,2.404959,271.5891,3.740242,92.6368,357.2033,-1
240.0476,2.404318,271.5892,3.61237,92.25841,356.052,-1
240.0466,2.404403,271.5892,1.145347,94.35006,356.2106,-1
240.0464,2.404597,271.5892,1.164577,94.61053,356.5591,-1
240.0432,2.40402,271.5897,0.3794595,100.421,355.525,-1
240.0215,2.403202,271.605,0.7440673,149.612,354.0541,-1
240.0175,2.402729,271.6248,1.767786,186.5461,353.1972,-1
240.0174,2.40338,271.6247,2.707874,186.3173,354.368,-1
240.0174,2.404796,271.6166,4.712201,171.712,356.9065,-1
240.0231,2.404109,271.6024,5.124159,143.7551,355.668,-1
240.023,2.404046,271.6025,4.697861,144.1681,355.5561,-1
240.0228,2.403857,271.603,4.683534,145.0305,355.2162,-1
240.0228,2.403782,271.6029,4.187925,145.0118,355.0832,-1
240.0227,2.403716,271.6031,3.781022,145.3154,354.9673,-1
240.0185,2.403929,271.6118,3.57824,162.7819,355.3521,-1
240.0189,2.40324,271.6314,4.287159,198.6246,354.1059,-1
240.0224,2.404065,271.6386,6.11705,212.9417,355.5799,-1
240.0233,2.404473,271.64,5.694481,215.8843,356.3203,-1
240.0186,2.404447,271.6309,6.278296,197.5762,356.2691,-1
240.0164,2.404106,271.6229,3.277283,195.2566,355.6725,-1
239.3003,2.398129,268.9885,1.352439,194.6239,354.645,-1
238.3403,2.395666,265.2376,2.259971,193.486,355.2127,-1
237.5965,2.404121,261.9481,2.827572,190.4672,355.7004,-1
237.1105,2.404081,258.9351,3.904842,186.4404,355.6242,-1
237.0847,2.395191,258.7358,2.475964,185.7209,355.3607,-1
237.0847,2.395785,258.7353,3.066788,185.3014,356.3609,-1
237.0849,2.395574,258.7365,2.907974,187.3766,355.9825,-1
237.085,2.395448,258.7372,3.500899,188.7138,355.7528,-1
237.0854,2.395027,258.7392,4.376215,192.2701,354.9896,-1
237.1165,1.022813,258.7322,0,30,0,enter0
