*Subject
21
*Layout
4
*Condition
True,True,False
*Marks
282.4926,0,348.5666
275.5307,0,258.8362
327.335,0,254.8169
*Path
x,y,z,flag
192.1207,2.406916,217.2428,6.754648,331.6009,0.719985,-1
192.1205,2.406837,217.2431,6.671341,331.0111,0.5773629,-1
192.12,2.406656,217.244,7.642768,329.0794,0.2504206,-1
192.1203,2.406714,217.2435,8.79359,330.1078,0.3576122,-1
192.124,2.406209,217.2334,16.73125,349.2217,359.4246,-1
192.1244,2.406555,217.2302,15.27225,355.2667,0.07041735,-1
192.1245,2.405632,217.2295,13.84127,356.0214,358.3673,-1
192.1243,2.406412,217.2314,16.74081,352.9503,359.8044,-1
192.1243,2.409789,217.2295,20.19045,358.701,6.254202,-1
192.1241,2.411153,217.2297,20.3042,359.1624,8.885441,-1
192.1242,2.408287,217.232,18.44383,352.9468,3.343351,-1
192.1236,2.407639,217.2352,17.2566,346.704,2.102822,-1
192.1231,2.407053,217.2369,18.01466,343.313,1.008836,-1
192.1231,2.407343,217.237,19.01229,343.2531,1.564053,-1
192.1227,2.405146,217.2383,18.62981,339.5992,357.408,-1
192.1229,2.404878,217.2375,20.23143,340.8195,356.8708,-1
192.1234,2.405886,217.2361,25.40978,343.9149,358.7491,-1
192.1232,2.405598,217.2368,26.02133,342.3928,358.1675,-1
192.1232,2.405346,217.2364,27.88664,342.7406,357.6272,-1
192.1235,2.404708,217.2353,29.21803,344.1406,356.2871,-1
192.1234,2.403315,217.2353,19.6468,343.8391,353.9017,-1
192.1206,2.404692,217.2428,12.93784,330.7086,356.6448,-1
192.1217,2.404758,217.2405,11.59173,335.4547,356.7836,-1
192.1222,2.40499,217.2395,12.19924,337.3969,357.2016,-1
192.1224,2.405444,217.239,12.0554,338.5865,358.0358,-1
192.1225,2.405436,217.2387,11.93786,339.1806,358.0206,-1
192.1231,2.405598,217.237,10.38855,342.5634,358.3279,-1
192.1243,2.405765,217.2234,7.587683,7.138559,358.6404,-1
192.1231,2.405528,217.2182,5.24753,16.85023,358.2212,-1
192.1233,2.405686,217.2187,5.834054,15.8664,358.5045,-1
192.1235,2.405868,217.2194,6.552999,14.59366,358.8292,-1
192.1244,2.406284,217.2304,7.099223,354.7732,359.5793,-1
192.1231,2.406764,217.237,8.776478,342.8586,0.4469401,-1
192.123,2.407251,217.2373,13.60527,342.4967,1.3519,-1
192.1228,2.407055,217.2378,15.10292,341.5375,0.9974589,-1
192.1229,2.406796,217.2376,18.20686,341.7331,0.5266888,-1
192.1228,2.407207,217.238,17.32541,341.2882,1.293474,-1
192.1228,2.407092,217.2378,16.68305,341.523,1.075425,-1
192.1228,2.407081,217.2378,16.05233,341.5846,1.051299,-1
192.1228,2.406972,217.238,16.08178,341.1071,0.8483263,-1
192.1227,2.406864,217.2382,15.88067,340.7823,0.6451363,-1
192.1226,2.406821,217.2384,15.61726,340.3646,0.5642745,-1
192.1226,2.406865,217.2384,15.57571,340.3198,0.6458086,-1
192.1226,2.406865,217.2385,15.63419,340.2195,0.6465498,-1
192.1222,2.406909,217.2395,15.92582,338.1843,0.7309397,-1
192.1219,2.407265,217.2402,16.71619,336.995,1.398445,-1
192.1213,2.407168,217.2414,16.14157,334.5861,1.21288,-1
192.1214,2.406949,217.2413,13.88486,334.6446,0.7954802,-1
192.1213,2.406816,217.2415,13.7186,334.2022,0.5522705,-1
192.1212,2.406604,217.2417,13.29158,333.7837,0.1596771,-1
192.1212,2.406397,217.2419,12.17567,333.3978,359.7796,-1
192.1209,2.406134,217.2424,12.07996,332.1817,359.2988,-1
192.1213,2.406447,217.2415,11.61269,334.1476,359.8725,-1
192.1217,2.406927,217.2407,11.80888,335.9471,0.7493924,-1
192.1232,2.408624,217.2366,14.81743,344.5687,3.90504,-1
192.123,2.407699,217.2372,14.32455,343.0114,2.183794,-1
192.123,2.406793,217.2374,12.19552,342.1908,0.5058415,-1
192.1226,2.406306,217.2385,12.21351,339.9185,359.613,-1
192.1218,2.406047,217.2404,14.15452,336.0326,359.132,-1
192.1213,2.405431,217.2415,14.83331,333.5483,357.9883,-1
192.1203,2.404289,217.2432,10.35193,329.8609,355.9415,-1
192.1211,2.401215,217.2409,40.19152,326.7972,347.4734,-1
192.1238,2.402172,217.2221,79.29781,323.3845,313.0145,-1
192.1243,2.404236,217.2246,64.96601,356.4925,350.3011,-1
192.1155,2.404107,217.2496,35.86672,313.0205,354.6673,-1
192.1012,2.421472,217.2545,25.2625,302.2456,31.1145,-1
192.1016,2.427441,217.25,8.419002,299.2869,41.37608,-1
192.111,2.41745,217.2513,348.853,303.6971,20.37818,-1
192.1101,2.408602,217.2542,348.1119,302.5563,3.817446,-1
192.1137,2.405246,217.2515,348.9387,311.8943,357.6807,-1
192.1189,2.402005,217.2451,354.8615,327.1256,351.862,-1
192.1243,2.402506,217.2271,0.152629,0.8438751,352.7994,-1
192.1239,2.402433,217.2225,1.819887,8.9182,352.6649,-1
192.1237,2.402472,217.2213,2.198428,11.0494,352.7333,-1
192.1237,2.402579,217.2214,2.187925,10.93184,352.9254,-1
192.1237,2.402562,217.2214,2.175434,10.8537,352.8948,-1
192.1237,2.402643,217.2214,2.240125,10.8472,353.0403,-1
192.1237,2.402794,217.2215,2.307768,10.63025,353.3138,-1
192.1238,2.402847,217.2216,2.303476,10.51403,353.409,-1
192.1238,2.402942,217.2217,2.352985,10.29139,353.581,-1
192.1238,2.403008,217.2218,2.329604,10.12356,353.6993,-1
192.1238,2.403078,217.2219,2.385728,9.932394,353.8253,-1
192.1239,2.403096,217.222,2.349735,9.702229,353.8571,-1
192.1239,2.403133,217.2221,2.352717,9.533341,353.9249,-1
192.1239,2.403228,217.2222,2.427335,9.34852,354.0952,-1
192.1239,2.403176,217.2223,2.414583,9.152715,354.0009,-1
192.1239,2.40322,217.2224,2.423201,8.944806,354.0802,-1
192.124,2.403317,217.2226,2.446173,8.721715,354.2566,-1
192.124,2.403274,217.2227,2.43171,8.570892,354.1785,-1
192.124,2.403306,217.2228,2.460535,8.333222,354.2348,-1
192.124,2.403329,217.2229,2.453581,8.106462,354.2777,-1
192.1241,2.403355,217.223,2.459295,7.878628,354.3236,-1
192.1241,2.403369,217.2232,2.468509,7.64442,354.3492,-1
192.1241,2.403379,217.2233,2.460866,7.416803,354.368,-1
192.1241,2.4034,217.2234,2.474901,7.189425,354.4054,-1
192.1241,2.403417,217.2235,2.466434,6.957796,354.4357,-1
192.1241,2.403427,217.2237,2.550418,6.734385,354.4526,-1
192.1242,2.403443,217.2238,2.692425,6.515018,354.4822,-1
192.1242,2.403459,217.2239,2.825445,6.279955,354.5094,-1
192.1242,2.403469,217.224,2.948506,6.060338,354.5266,-1
192.1242,2.403477,217.2241,3.072397,5.832052,354.5404,-1
192.1242,2.403482,217.2242,3.171232,5.625738,354.5502,-1
192.1242,2.403488,217.2244,3.264639,5.409893,354.5592,-1
192.1242,2.4035,217.2245,3.355251,5.190984,354.5804,-1
192.1243,2.403508,217.2246,3.4346,4.970888,354.5947,-1
192.1243,2.403515,217.2247,3.511298,4.761087,354.6064,-1
192.1243,2.403514,217.2248,3.570539,4.550673,354.6052,-1
192.1243,2.403522,217.2249,3.631606,4.341968,354.619,-1
192.1243,2.403524,217.225,3.691648,4.128811,354.6216,-1
192.1243,2.403525,217.2252,3.73562,3.919531,354.6233,-1
192.1243,2.403527,217.2253,3.783353,3.72737,354.6262,-1
192.1243,2.403524,217.2254,3.816224,3.528574,354.6215,-1
192.1243,2.403511,217.2255,3.836484,3.371915,354.5972,-1
192.1243,2.403543,217.2255,3.914303,3.255735,354.6544,-1
192.1243,2.403538,217.2256,3.920698,3.080915,354.6464,-1
192.1243,2.403541,217.2257,3.933947,2.886413,354.6513,-1
192.1243,2.403534,217.2258,3.958523,2.69103,354.6393,-1
192.1243,2.403539,217.2259,3.978791,2.501819,354.6468,-1
192.1243,2.403539,217.2259,3.978186,2.499173,354.6464,-1
192.1243,2.403539,217.2259,3.978186,2.499173,354.6464,-1
192.1244,2.403553,217.226,4.0007,2.29935,354.6726,-1
192.1244,2.403553,217.2261,4.013602,2.115609,354.6734,-1
192.1244,2.403561,217.2263,4.030921,1.932604,354.6865,-1
192.1244,2.403562,217.2263,4.047737,1.73823,354.6872,-1
192.1244,2.403552,217.2265,4.057639,1.552275,354.6702,-1
192.1244,2.403553,217.2266,4.066911,1.361174,354.6714,-1
192.1244,2.403553,217.2267,4.075281,1.180595,354.6722,-1
192.1244,2.403547,217.2268,4.081389,0.9956719,354.6615,-1
192.1244,2.403544,217.2269,4.089128,0.8145887,354.6557,-1
192.1244,2.403557,217.227,4.101841,0.6381816,354.678,-1
192.1244,2.403538,217.2271,4.098109,0.4869289,354.6448,-1
192.1244,2.403524,217.2271,4.095977,0.3133371,354.6193,-1
192.1244,2.403525,217.2272,4.104516,0.1463905,354.6211,-1
192.1244,2.403528,217.2273,4.116057,359.9858,354.6261,-1
192.1244,2.403526,217.2274,4.125883,359.8232,354.6234,-1
192.1244,2.403526,217.2275,4.130275,359.6626,354.6225,-1
192.1244,2.403527,217.2276,4.136791,359.4976,354.6253,-1
192.1244,2.403528,217.2277,4.145099,359.3316,354.6273,-1
192.1244,2.403537,217.2278,4.143496,359.1785,354.6432,-1
192.1244,2.403542,217.2279,4.14353,359.0153,354.6515,-1
192.1244,2.403543,217.2279,4.151012,358.8587,354.6525,-1
192.1244,2.403547,217.228,4.152019,358.6933,354.6599,-1
192.1244,2.403559,217.2281,4.171731,358.5349,354.6812,-1
192.1244,2.403551,217.2282,4.152504,358.397,354.6667,-1
192.1244,2.403571,217.2282,4.165431,358.3192,354.7036,-1
192.1244,2.403603,217.2283,4.187952,358.159,354.7608,-1
192.1244,2.403585,217.2284,4.180677,358.0388,354.7298,-1
192.1244,2.403593,217.2285,4.179967,357.8653,354.7426,-1
192.1244,2.403598,217.2286,4.191666,357.7255,354.7518,-1
192.1244,2.403584,217.2287,4.184162,357.5971,354.7276,-1
192.1244,2.403582,217.2287,4.184367,357.4368,354.7241,-1
192.1244,2.403576,217.2288,4.167266,357.3144,354.7126,-1
192.1244,2.403589,217.2289,4.174612,357.1665,354.7355,-1
192.1244,2.403584,217.229,4.179321,357.0378,354.7267,-1
192.1244,2.403574,217.229,4.18674,356.9229,354.7094,-1
192.1244,2.403584,217.2291,4.194513,356.7843,354.7257,-1
192.1244,2.403578,217.2292,4.195554,356.6877,354.7153,-1
192.1243,2.403582,217.2292,4.189786,356.554,354.7231,-1
192.1243,2.403581,217.2293,4.195158,356.4421,354.722,-1
192.1243,2.403576,217.2294,4.190089,356.325,354.7119,-1
192.1243,2.403573,217.2294,4.19259,356.2043,354.7064,-1
192.1243,2.403584,217.2295,4.198654,356.0899,354.7279,-1
192.1243,2.403584,217.2296,4.191763,355.9794,354.726,-1
192.1243,2.403576,217.2296,4.187652,355.8637,354.712,-1
192.1243,2.403576,217.2297,4.171695,355.7475,354.713,-1
192.1243,2.403567,217.2297,4.157679,355.6548,354.6971,-1
192.1243,2.403607,217.2298,4.194981,355.5156,354.7684,-1
192.1243,2.403584,217.2298,4.193376,355.5087,354.728,-1
192.1243,2.403584,217.2298,4.193376,355.5087,354.728,-1
192.1243,2.403607,217.2299,4.207012,355.4137,354.768,-1
192.1243,2.403603,217.2299,4.203777,355.3213,354.7607,-1
192.1243,2.403617,217.23,4.238444,355.1994,354.7864,-1
192.1243,2.403618,217.23,4.226948,355.1228,354.7874,-1
192.1243,2.403605,217.23,4.208894,355.0754,354.7645,-1
192.1243,2.403586,217.2301,4.197656,354.9767,354.7309,-1
192.1243,2.403569,217.2302,4.202669,354.8826,354.7001,-1
192.1243,2.403574,217.2302,4.169601,354.8055,354.7086,-1
192.1243,2.403578,217.2303,4.189558,354.7121,354.7152,-1
192.1243,2.403589,217.2303,4.204794,354.5889,354.7355,-1
192.1243,2.403571,217.2303,4.165335,354.5379,354.7039,-1
192.1243,2.403571,217.2303,4.165335,354.5379,354.7039,-1
192.1243,2.403571,217.2303,4.165335,354.5379,354.7039,-1
192.1243,2.403575,217.2304,4.175503,354.4183,354.7102,-1
192.1243,2.403573,217.2305,4.177459,354.3339,354.7074,-1
192.1243,2.403578,217.2305,4.18285,354.2473,354.7167,-1
192.1243,2.403586,217.2306,4.187826,354.1494,354.7315,-1
192.1243,2.403573,217.2306,4.189828,354.0838,354.7068,-1
192.1242,2.40357,217.2306,4.167411,354.0218,354.7012,-1
192.1242,2.403568,217.2307,4.17298,353.9271,354.698,-1
192.1242,2.40357,217.2307,4.183223,353.8492,354.7022,-1
192.1242,2.403566,217.2308,4.183242,353.7967,354.6946,-1
192.1242,2.403569,217.2308,4.188403,353.7087,354.6992,-1
192.1242,2.403563,217.2308,4.181256,353.6462,354.6898,-1
192.1242,2.403564,217.2309,4.191209,353.575,354.6913,-1
192.1242,2.403578,217.2309,4.193048,353.5033,354.7169,-1
192.1242,2.403571,217.231,4.183378,353.4338,354.7037,-1
192.1242,2.40356,217.231,4.189344,353.3667,354.684,-1
192.1242,2.403561,217.231,4.178996,353.3049,354.686,-1
192.1242,2.403567,217.231,4.191993,353.2534,354.6962,-1
192.1242,2.403567,217.2311,4.191279,353.1991,354.6955,-1
192.1242,2.403576,217.2311,4.199632,353.1292,354.7126,-1
192.1242,2.403576,217.2312,4.189672,353.0717,354.7129,-1
192.1242,2.403565,217.2312,4.183771,353.0353,354.6922,-1
192.1242,2.403555,217.2312,4.181074,352.9958,354.6749,-1
192.1242,2.403572,217.2312,4.187321,352.936,354.7047,-1
192.1242,2.403562,217.2313,4.177663,352.9019,354.6866,-1
192.1242,2.403566,217.2313,4.174313,352.8633,354.6955,-1
192.1242,2.403571,217.2313,4.17335,352.822,354.7029,-1
192.1242,2.40357,217.2313,4.175247,352.7839,354.7011,-1
192.1242,2.403573,217.2314,4.174843,352.7431,354.7076,-1
192.1242,2.403572,217.2314,4.171338,352.7139,354.7047,-1
192.1242,2.403574,217.2314,4.163121,352.6878,354.7081,-1
192.1242,2.403569,217.2314,4.168333,352.6624,354.7,-1
192.1242,2.403568,217.2314,4.171797,352.6312,354.6983,-1
192.1242,2.403563,217.2314,4.170757,352.6107,354.6893,-1
192.1242,2.403567,217.2314,4.164263,352.5833,354.6962,-1
192.1241,2.403567,217.2314,4.16199,352.5597,354.6964,-1
192.1241,2.403563,217.2314,4.156054,352.5351,354.6887,-1
192.1241,2.403567,217.2315,4.158443,352.522,354.696,-1
192.1241,2.403563,217.2315,4.162362,352.5105,354.6894,-1
192.1241,2.403573,217.2315,4.172518,352.492,354.7071,-1
192.1241,2.403587,217.2315,4.197145,352.4827,354.7318,-1
192.1241,2.40357,217.2315,4.189889,352.5055,354.7014,-1
192.1241,2.403576,217.2315,4.189662,352.459,354.7124,-1
192.1241,2.403554,217.2315,4.183588,352.4799,354.6733,-1
192.1241,2.403569,217.2315,4.188214,352.4591,354.6999,-1
192.1241,2.403563,217.2315,4.193023,352.4704,354.6893,-1
192.1241,2.403571,217.2315,4.201655,352.4579,354.7038,-1
192.1241,2.403569,217.2315,4.202348,352.4722,354.7,-1
192.1241,2.403562,217.2315,4.201147,352.4677,354.6862,-1
192.1241,2.403553,217.2315,4.191924,352.4598,354.672,-1
192.1241,2.403548,217.2315,4.187283,352.4609,354.6629,-1
192.1241,2.403555,217.2315,4.189445,352.4677,354.674,-1
192.1241,2.403552,217.2315,4.188752,352.4816,354.6689,-1
192.1241,2.403557,217.2315,4.191939,352.4861,354.6776,-1
192.1241,2.403556,217.2315,4.191791,352.4952,354.6762,-1
192.1241,2.403553,217.2315,4.173988,352.5025,354.6719,-1
192.1241,2.403554,217.2315,4.177167,352.511,354.674,-1
192.1241,2.403559,217.2315,4.188416,352.5221,354.6823,-1
192.1241,2.403568,217.2314,4.187004,352.5388,354.6972,-1
192.1241,2.403566,217.2314,4.194144,352.5522,354.6949,-1
192.1241,2.403562,217.2314,4.189112,352.5715,354.6876,-1
192.1242,2.403558,217.2314,4.178682,352.5889,354.6804,-1
192.1242,2.403559,217.2314,4.176961,352.6066,354.6815,-1
192.1242,2.40356,217.2314,4.171067,352.6403,354.6835,-1
192.1242,2.403567,217.2314,4.174448,352.6609,354.6957,-1
192.1242,2.403568,217.2314,4.179646,352.6889,354.6977,-1
192.1242,2.403559,217.2314,4.178946,352.7227,354.6822,-1
192.1242,2.40356,217.2313,4.177526,352.7512,354.6841,-1
192.1242,2.403563,217.2313,4.16589,352.7802,354.6888,-1
192.1242,2.403562,217.2313,4.163904,352.8021,354.6864,-1
192.1242,2.403563,217.2313,4.166075,352.835,354.6883,-1
192.1242,2.403567,217.2313,4.176833,352.8778,354.6972,-1
192.1242,2.403567,217.2312,4.186848,352.9205,354.6972,-1
192.1242,2.403556,217.2312,4.168665,352.9482,354.6768,-1
192.1242,2.403555,217.2312,4.15998,352.9917,354.6752,-1
192.1242,2.403543,217.2312,4.164487,353.032,354.6531,-1
192.1242,2.403547,217.2312,4.168682,353.0536,354.66,-1
192.1242,2.403545,217.2311,4.173159,353.1113,354.6573,-1
192.1242,2.403554,217.2311,4.182161,353.1395,354.6729,-1
192.1242,2.403545,217.2311,4.178005,353.1899,354.6563,-1
192.1242,2.403549,217.231,4.17085,353.252,354.6638,-1
192.1242,2.403549,217.231,4.17085,353.252,354.6638,-1
192.1242,2.403549,217.231,4.17085,353.252,354.6638,-1
192.1242,2.403543,217.231,4.160395,353.3032,354.6527,-1
192.1242,2.403555,217.231,4.164883,353.3349,354.6758,-1
192.1242,2.403558,217.231,4.170132,353.396,354.6797,-1
192.1242,2.403563,217.231,4.182416,353.4485,354.6895,-1
192.1242,2.403553,217.2309,4.179961,353.5074,354.672,-1
192.1242,2.403556,217.2309,4.186699,353.5644,354.677,-1
192.1242,2.403555,217.2309,4.175067,353.6203,354.6757,-1
192.1242,2.40355,217.2308,4.183269,353.6706,354.665,-1
192.1242,2.403541,217.2308,4.175439,353.7261,354.65,-1
192.1242,2.403548,217.2308,4.164101,353.7828,354.6613,-1
192.1242,2.403538,217.2307,4.149189,353.8066,354.645,-1
192.1242,2.403538,217.2307,4.149189,353.8066,354.645,-1
192.1242,2.403539,217.2307,4.156374,353.8544,354.6459,-1
192.1242,2.403542,217.2307,4.153218,353.9139,354.6518,-1
192.1242,2.40355,217.2307,4.152186,353.9893,354.6649,-1
192.1242,2.403555,217.2306,4.154881,354.0361,354.6745,-1
192.1242,2.403548,217.2306,4.140806,354.113,354.6618,-1
192.1243,2.403551,217.2306,4.138874,354.1736,354.6682,-1
192.1243,2.403545,217.2305,4.143819,354.264,354.657,-1
192.1243,2.403548,217.2305,4.147819,354.3196,354.662,-1
192.1243,2.403542,217.2304,4.14879,354.4051,354.6513,-1
192.1243,2.403546,217.2304,4.13889,354.4875,354.659,-1
192.1243,2.403547,217.2303,4.153191,354.5507,354.6607,-1
192.1243,2.403538,217.2303,4.134088,354.6264,354.6439,-1
192.1243,2.403545,217.2303,4.13207,354.7125,354.6566,-1
192.1243,2.40358,217.2302,4.177083,354.7814,354.7207,-1
192.1243,2.403543,217.2301,4.163898,354.9536,354.6533,-1
192.1243,2.403543,217.2301,4.138399,355.0209,354.6537,-1
192.1243,2.403542,217.23,4.122554,355.1202,354.6519,-1
192.1243,2.403546,217.23,4.129249,355.2076,354.6597,-1
192.1243,2.403553,217.2299,4.126149,355.2929,354.6726,-1
192.1243,2.403553,217.2299,4.120265,355.3926,354.6722,-1
192.1243,2.40355,217.2298,4.119449,355.4867,354.6656,-1
192.1243,2.403549,217.2298,4.119798,355.5761,354.6646,-1
192.1243,2.403561,217.2297,4.120222,355.6653,354.6859,-1
192.1243,2.403551,217.2297,4.123064,355.7538,354.6684,-1
192.1243,2.403549,217.2296,4.12437,355.8445,354.6634,-1
192.1243,2.403553,217.2296,4.129914,355.9425,354.6705,-1
192.1243,2.403556,217.2295,4.131447,356.0377,354.6772,-1
192.1243,2.403548,217.2295,4.129253,356.1409,354.6622,-1
192.1243,2.403546,217.2294,4.128379,356.2393,354.6592,-1
192.1243,2.403548,217.2293,4.123361,356.3411,354.6626,-1
192.1243,2.403544,217.2293,4.123215,356.4399,354.6548,-1
192.1243,2.403546,217.2292,4.132804,356.5441,354.6595,-1
192.1243,2.403557,217.2292,4.14138,356.6363,354.6778,-1
192.1243,2.403551,217.2291,4.138795,356.7403,354.6674,-1
192.1244,2.403558,217.2291,4.14604,356.8314,354.6796,-1
192.1244,2.403558,217.229,4.146311,356.9386,354.6806,-1
192.1244,2.40355,217.2289,4.151361,357.0518,354.6664,-1
192.1244,2.40355,217.2289,4.1478,357.1609,354.6654,-1
192.1244,2.403551,217.2289,4.154893,357.2523,354.6671,-1
192.1244,2.403538,217.2288,4.152091,357.3663,354.6435,-1
192.1244,2.403551,217.2287,4.164321,357.4492,354.6682,-1
192.1244,2.403549,217.2287,4.161134,357.5623,354.6643,-1
192.1244,2.403538,217.2286,4.162956,357.6771,354.6437,-1
192.1244,2.403542,217.2285,4.16418,357.7729,354.6513,-1
192.1244,2.403542,217.2285,4.166081,357.8941,354.6516,-1
192.1244,2.403548,217.2284,4.173095,358.0149,354.6612,-1
192.1244,2.40355,217.2284,4.170199,358.125,354.6661,-1
192.1244,2.403542,217.2283,4.167476,358.2446,354.6513,-1
192.1244,2.403547,217.2282,4.164752,358.3501,354.6601,-1
192.1244,2.403553,217.2282,4.159263,358.468,354.6702,-1
192.1244,2.403544,217.2281,4.160172,358.5895,354.6559,-1
192.1244,2.40355,217.228,4.156951,358.6995,354.6654,-1
192.1244,2.403546,217.228,4.16336,358.8122,354.6587,-1
192.1244,2.403544,217.2279,4.176962,358.9408,354.6557,-1
192.1244,2.403548,217.2278,4.186086,359.0583,354.6616,-1
192.1244,2.403549,217.2278,4.184337,359.1828,354.6644,-1
192.1244,2.403554,217.2277,4.177701,359.3039,354.6723,-1
192.1244,2.403548,217.2276,4.170003,359.4318,354.6622,-1
192.1244,2.403555,217.2276,4.173791,359.5597,354.6755,-1
192.1244,2.403557,217.2275,4.182113,359.6733,354.6787,-1
192.1244,2.403559,217.2274,4.186893,359.7969,354.6825,-1
192.1244,2.403559,217.2274,4.188005,359.9134,354.6818,-1
192.1244,2.403555,217.2273,4.182038,0.04143484,354.6749,-1
192.1244,2.403559,217.2272,4.177066,0.1661771,354.682,-1
192.1244,2.403557,217.2271,4.182312,0.3014886,354.6776,-1
192.1244,2.403545,217.2271,4.165019,0.4206301,354.6572,-1
192.1244,2.403551,217.227,4.171705,0.571892,354.6665,-1
192.1244,2.403568,217.2269,4.189848,0.6698192,354.6985,-1
192.1244,2.403555,217.2269,4.175333,0.806118,354.6754,-1
192.1244,2.403562,217.2268,4.169769,0.9181269,354.6869,-1
192.1244,2.403553,217.2267,4.16728,1.071188,354.6719,-1
192.1244,2.403556,217.2267,4.172629,1.190021,354.6758,-1
192.1244,2.403544,217.2266,4.162992,1.347986,354.6554,-1
192.1244,2.403552,217.2265,4.148185,1.456379,354.6685,-1
192.1244,2.403566,217.2264,4.155618,1.595864,354.6945,-1
192.1244,2.403561,217.2263,4.161454,1.729147,354.6855,-1
192.1244,2.403555,217.2263,4.164603,1.854894,354.6757,-1
192.1244,2.40357,217.2262,4.154988,1.97911,354.7023,-1
192.1244,2.403581,217.2261,4.180185,2.120095,354.7216,-1
192.1244,2.403558,217.226,4.163355,2.281797,354.6805,-1
192.1244,2.403553,217.226,4.168755,2.402613,354.6722,-1
192.1243,2.403548,217.2259,4.150979,2.547551,354.663,-1
192.1243,2.403559,217.2258,4.162652,2.67674,354.6816,-1
192.1243,2.403548,217.2257,4.15413,2.816243,354.6615,-1
192.1243,2.403551,217.2257,4.166348,2.935317,354.6669,-1
192.1243,2.403548,217.2256,4.164488,3.077077,354.6628,-1
192.1243,2.403557,217.2255,4.163477,3.217785,354.6779,-1
192.1243,2.403554,217.2255,4.145479,3.361195,354.6734,-1
192.1243,2.403552,217.2254,4.161987,3.503593,354.6697,-1
192.1243,2.403544,217.2253,4.14588,3.630968,354.6556,-1
192.1243,2.403538,217.2252,4.138718,3.758901,354.6451,-1
192.1243,2.403539,217.2252,4.134964,3.89545,354.6468,-1
192.1243,2.403534,217.2251,4.142882,4.027893,354.6367,-1
192.1243,2.403535,217.225,4.137354,4.163559,354.6389,-1
192.1243,2.403532,217.2249,4.13979,4.295885,354.6328,-1
192.1243,2.403535,217.2249,4.137698,4.430056,354.6398,-1
192.1243,2.403541,217.2248,4.144306,4.561897,354.6492,-1
192.1243,2.403539,217.2247,4.138144,4.697317,354.6463,-1
192.1243,2.403545,217.2246,4.146297,4.827975,354.6572,-1
192.1243,2.403536,217.2245,4.134768,4.972737,354.6406,-1
192.1242,2.403523,217.2245,4.129518,5.119212,354.6185,-1
192.1242,2.403528,217.2244,4.128247,5.234458,354.6269,-1
192.1242,2.403546,217.2243,4.144422,5.382017,354.6582,-1
192.1242,2.403559,217.2242,4.161597,5.512251,354.682,-1
192.1242,2.403552,217.2242,4.164741,5.662013,354.67,-1
192.1242,2.40355,217.2241,4.170783,5.796084,354.665,-1
192.1242,2.403553,217.224,4.182051,5.931913,354.6703,-1
192.1242,2.403554,217.2239,4.186359,6.087472,354.6728,-1
192.1242,2.403545,217.2238,4.1879,6.224866,354.6574,-1
192.1242,2.403533,217.2238,4.16384,6.37482,354.6345,-1
192.1242,2.403556,217.2237,4.163608,6.494571,354.6765,-1
192.1242,2.403588,217.2236,4.214519,6.621467,354.7342,-1
192.1241,2.403565,217.2235,4.200092,6.806532,354.6929,-1
192.1241,2.403566,217.2235,4.205132,6.910903,354.6945,-1
192.1241,2.403563,217.2234,4.181192,7.069709,354.6881,-1
192.1241,2.403568,217.2233,4.18301,7.21382,354.698,-1
192.1241,2.403568,217.2232,4.190051,7.343762,354.6972,-1
192.1241,2.403573,217.2232,4.189138,7.48315,354.7071,-1
192.1241,2.403579,217.2231,4.19422,7.618817,354.7173,-1
192.1241,2.403578,217.223,4.197464,7.743519,354.7164,-1
192.1241,2.403558,217.2229,4.201079,7.893271,354.6798,-1
192.1241,2.403587,217.2229,4.214585,8.009562,354.7319,-1
192.124,2.40358,217.2228,4.193323,8.167274,354.7194,-1
192.124,2.403565,217.2227,4.176016,8.309136,354.6928,-1
192.124,2.403587,217.2227,4.198479,8.432858,354.7329,-1
192.124,2.403576,217.2226,4.214817,8.568519,354.7127,-1
192.124,2.403584,217.2225,4.22301,8.711091,354.7264,-1
192.124,2.403577,217.2224,4.208938,8.820283,354.7139,-1
192.124,2.403553,217.2224,4.195396,8.968733,354.6714,-1
192.124,2.403582,217.2223,4.197722,9.100602,354.7224,-1
192.1239,2.403558,217.2222,4.19771,9.226438,354.68,-1
192.1239,2.403527,217.2221,4.190647,9.340521,354.6232,-1
192.1238,2.403708,217.2215,4.349379,10.53992,354.9495,-1
192.1238,2.403696,217.2214,4.268393,10.74466,354.9286,-1
192.1238,2.40371,217.2213,4.336346,10.88853,354.9524,-1
192.1238,2.403701,217.2212,4.369366,11.00323,354.9368,-1
192.1238,2.403718,217.2212,4.363473,11.10445,354.9669,-1
192.1238,2.403731,217.2211,4.355089,11.2105,354.9914,-1
192.1237,2.403708,217.2211,4.345706,11.32172,354.9493,-1
192.1237,2.403724,217.221,4.345168,11.40526,354.9778,-1
192.1237,2.403724,217.2209,4.352187,11.53524,354.9783,-1
192.1237,2.403722,217.2209,4.351031,11.63321,354.9742,-1
192.1237,2.403717,217.2208,4.35464,11.73872,354.965,-1
192.1237,2.403727,217.2208,4.357592,11.84362,354.9837,-1
192.1237,2.403708,217.2207,4.357509,11.95545,354.9481,-1
192.1237,2.403724,217.2207,4.365844,12.04767,354.9783,-1
192.1236,2.403714,217.2206,4.358189,12.16907,354.9593,-1
192.1236,2.403711,217.2206,4.358624,12.27711,354.9553,-1
192.1236,2.403715,217.2205,4.34218,12.3774,354.9623,-1
192.1236,2.403697,217.2204,4.350601,12.47841,354.9286,-1
192.1236,2.403743,217.2204,4.35999,12.5614,355.0117,-1
192.1236,2.403716,217.2203,4.351415,12.72121,354.9634,-1
192.1236,2.4037,217.2203,4.332132,12.80106,354.9355,-1
192.1236,2.403683,217.2202,4.332478,12.91108,354.9048,-1
192.1235,2.403707,217.2202,4.349865,12.98338,354.9477,-1
192.1235,2.403693,217.2201,4.334611,13.07635,354.9226,-1
192.1235,2.403676,217.22,4.308227,13.2021,354.8913,-1
192.1235,2.40368,217.22,4.297203,13.29097,354.8999,-1
192.1235,2.403692,217.2199,4.326116,13.38197,354.9209,-1
192.1235,2.403703,217.2199,4.325517,13.4733,354.9402,-1
192.1235,2.403674,217.2198,4.303658,13.58706,354.889,-1
192.1234,2.403667,217.2198,4.284042,13.67141,354.8763,-1
192.1234,2.403673,217.2197,4.293874,13.76375,354.8871,-1
192.1234,2.403678,217.2197,4.314123,13.87383,354.8956,-1
192.1234,2.403676,217.2196,4.321013,13.96924,354.8913,-1
192.1234,2.403656,217.2196,4.292692,14.06018,354.8555,-1
192.1234,2.403679,217.2195,4.313993,14.12054,354.8983,-1
192.1234,2.403662,217.2195,4.310842,14.26352,354.8673,-1
192.1234,2.403685,217.2194,4.329261,14.35351,354.9072,-1
192.1233,2.403653,217.2194,4.320398,14.44038,354.8504,-1
192.1232,2.403481,217.2191,4.277398,14.93352,354.5405,-1
192.1232,2.403467,217.219,4.273906,15.09839,354.5147,-1
192.1232,2.403402,217.219,4.287245,15.19906,354.3983,-1
192.1232,2.403417,217.2189,4.318458,15.30611,354.4252,-1
192.1232,2.403409,217.2188,4.318072,15.39448,354.4098,-1
192.1232,2.403399,217.2188,4.308454,15.47796,354.3914,-1
192.1232,2.403404,217.2188,4.315212,15.55923,354.4012,-1
192.1231,2.403409,217.2187,4.320083,15.64381,354.4104,-1
192.1231,2.403406,217.2187,4.315716,15.73705,354.4052,-1
192.1231,2.403409,217.2186,4.320261,15.81673,354.4111,-1
192.1231,2.403406,217.2186,4.317728,15.89384,354.4054,-1
192.1231,2.403405,217.2185,4.31425,15.97582,354.4028,-1
192.1231,2.403404,217.2185,4.312764,16.06016,354.4018,-1
192.1231,2.403399,217.2184,4.308502,16.13527,354.3921,-1
192.123,2.403399,217.2184,4.303625,16.2164,354.3924,-1
192.123,2.403397,217.2184,4.308776,16.28948,354.3886,-1
192.123,2.403393,217.2183,4.313097,16.36253,354.3815,-1
192.123,2.403394,217.2183,4.314462,16.44473,354.3839,-1
192.123,2.403398,217.2182,4.320507,16.52726,354.3902,-1
192.123,2.403398,217.2182,4.322359,16.60155,354.3896,-1
192.123,2.4034,217.2182,4.316123,16.68259,354.3945,-1
192.123,2.403401,217.2181,4.322218,16.76234,354.3957,-1
192.1229,2.4034,217.2181,4.327925,16.83161,354.3945,-1
192.1229,2.403402,217.218,4.330588,16.9058,354.3983,-1
192.1229,2.403404,217.218,4.334579,16.98565,354.4013,-1
192.1229,2.403406,217.218,4.334913,17.05928,354.4056,-1
192.1229,2.403409,217.2179,4.331622,17.13431,354.4102,-1
192.1229,2.403412,217.2179,4.330319,17.2143,354.415,-1
192.1229,2.403412,217.2178,4.323826,17.29136,354.4158,-1
192.1229,2.403412,217.2178,4.319818,17.36157,354.4153,-1
192.1228,2.403417,217.2178,4.317471,17.43556,354.4248,-1
192.1228,2.403419,217.2177,4.322836,17.49976,354.4283,-1
192.1228,2.403422,217.2177,4.319244,17.56688,354.4338,-1
192.1228,2.403423,217.2177,4.318374,17.64052,354.4351,-1
192.1228,2.403425,217.2176,4.313086,17.71152,354.4396,-1
192.1228,2.403426,217.2176,4.313649,17.77629,354.4411,-1
192.1228,2.403424,217.2176,4.315865,17.84153,354.438,-1
192.1228,2.403421,217.2175,4.317896,17.90248,354.4322,-1
192.1228,2.403418,217.2175,4.318067,17.96639,354.4268,-1
192.1227,2.403413,217.2175,4.311052,18.01541,354.4171,-1
192.1227,2.403414,217.2174,4.30891,18.07458,354.419,-1
192.1227,2.403411,217.2174,4.311827,18.14156,354.4146,-1
192.1227,2.403409,217.2173,4.306148,18.2021,354.4096,-1
192.1227,2.40341,217.2173,4.30628,18.26569,354.4117,-1
192.1227,2.403406,217.2173,4.304542,18.33849,354.4051,-1
192.1227,2.403402,217.2173,4.308284,18.39711,354.3977,-1
192.1227,2.403403,217.2172,4.309789,18.45194,354.4005,-1
192.1227,2.403404,217.2172,4.309019,18.51638,354.4019,-1
192.1227,2.403403,217.2172,4.311918,18.56957,354.3997,-1
192.1226,2.403407,217.2171,4.31866,18.63165,354.4071,-1
192.1226,2.403414,217.2171,4.316942,18.69056,354.4197,-1
192.1226,2.403414,217.2171,4.311547,18.7516,354.4205,-1
192.1226,2.403414,217.217,4.307484,18.80025,354.4201,-1
192.1226,2.40342,217.217,4.308745,18.85106,354.4304,-1
192.1226,2.403424,217.217,4.312392,18.90197,354.4369,-1
192.1226,2.403424,217.217,4.316516,18.9503,354.4375,-1
192.1226,2.403423,217.2169,4.315128,18.99658,354.4364,-1
192.1226,2.403424,217.2169,4.320111,19.04739,354.4366,-1
192.1225,2.403418,217.2169,4.324759,19.08694,354.4261,-1
192.1225,2.40342,217.2169,4.331061,19.13499,354.4305,-1
192.1225,2.40342,217.2169,4.336574,19.18041,354.4296,-1
192.1225,2.40342,217.2168,4.33166,19.22314,354.4313,-1
192.1225,2.403423,217.2168,4.330644,19.26665,354.4362,-1
192.1225,2.403421,217.2168,4.327454,19.30819,354.4328,-1
192.1225,2.403418,217.2168,4.321777,19.34392,354.4264,-1
192.1225,2.403419,217.2167,4.320793,19.38341,354.4283,-1
192.1225,2.403416,217.2167,4.316769,19.42171,354.4225,-1
192.1225,2.403413,217.2167,4.31028,19.4591,354.417,-1
192.1225,2.403415,217.2167,4.308198,19.4967,354.421,-1
192.1225,2.403417,217.2167,4.310943,19.53383,354.4243,-1
192.1225,2.403416,217.2166,4.310363,19.57147,354.4231,-1
192.1225,2.403412,217.2166,4.307853,19.60143,354.4163,-1
192.1225,2.403415,217.2166,4.298868,19.63321,354.4223,-1
192.1224,2.403414,217.2166,4.299049,19.66787,354.4195,-1
192.1224,2.403415,217.2166,4.301246,19.69729,354.4207,-1
192.1224,2.403414,217.2166,4.295277,19.73015,354.4206,-1
192.1224,2.403416,217.2166,4.292509,19.76447,354.4223,-1
192.1224,2.403419,217.2165,4.294673,19.79469,354.4281,-1
192.1224,2.403419,217.2165,4.296928,19.81938,354.4294,-1
192.1224,2.403418,217.2165,4.298821,19.84459,354.426,-1
192.1224,2.403412,217.2165,4.299812,19.86826,354.4166,-1
192.1224,2.40341,217.2165,4.294215,19.88698,354.4132,-1
192.1224,2.403411,217.2165,4.294977,19.91393,354.4149,-1
192.1224,2.403411,217.2165,4.297491,19.93156,354.4148,-1
192.1224,2.403411,217.2164,4.306247,19.94928,354.4151,-1
192.1224,2.403414,217.2164,4.303773,19.97511,354.4194,-1
192.1224,2.403413,217.2164,4.316837,19.99874,354.4182,-1
192.1224,2.403414,217.2164,4.3153,20.01514,354.4186,-1
192.1224,2.403416,217.2164,4.31329,20.03666,354.4238,-1
192.1224,2.403411,217.2164,4.312585,20.04845,354.414,-1
192.1224,2.40341,217.2164,4.310682,20.06517,354.413,-1
192.1224,2.403411,217.2164,4.314678,20.07978,354.4135,-1
192.1224,2.403414,217.2164,4.323056,20.09727,354.4202,-1
192.1224,2.403414,217.2164,4.326679,20.11348,354.4186,-1
192.1223,2.40341,217.2163,4.324012,20.12837,354.4121,-1
192.1223,2.403411,217.2163,4.325636,20.13969,354.4142,-1
192.1223,2.403415,217.2163,4.328752,20.1537,354.4207,-1
192.1223,2.403412,217.2163,4.331388,20.15954,354.4166,-1
192.1223,2.403418,217.2163,4.325461,20.17306,354.4264,-1
192.1223,2.403423,217.2163,4.325295,20.19371,354.4356,-1
192.1223,2.403421,217.2163,4.324725,20.19619,354.432,-1
192.1223,2.403421,217.2163,4.324911,20.20907,354.4319,-1
192.1223,2.403423,217.2163,4.319806,20.21647,354.4349,-1
192.1223,2.403423,217.2163,4.311916,20.21691,354.4366,-1
192.1223,2.403427,217.2163,4.314035,20.22211,354.4423,-1
192.1223,2.40343,217.2163,4.311939,20.22347,354.4489,-1
192.1223,2.403429,217.2163,4.305359,20.23043,354.4455,-1
192.1223,2.403431,217.2163,4.308811,20.22762,354.4499,-1
192.1223,2.40343,217.2163,4.309552,20.23247,354.4478,-1
192.1223,2.403427,217.2163,4.311936,20.23846,354.4423,-1
192.1223,2.403427,217.2163,4.312197,20.22971,354.4432,-1
192.1223,2.403426,217.2163,4.308987,20.22629,354.4413,-1
192.1223,2.403424,217.2163,4.307973,20.23537,354.4375,-1
192.1223,2.403425,217.2163,4.307395,20.23339,354.4399,-1
192.1223,2.403424,217.2163,4.309172,20.22986,354.4372,-1
192.1223,2.403422,217.2163,4.306492,20.22325,354.4344,-1
192.1223,2.403423,217.2163,4.3054,20.2151,354.4351,-1
192.1223,2.40342,217.2163,4.302439,20.20531,354.4302,-1
192.1223,2.403415,217.2163,4.29478,20.1992,354.4212,-1
192.1223,2.403416,217.2163,4.291633,20.19367,354.4233,-1
192.1223,2.403414,217.2163,4.292418,20.18893,354.4202,-1
192.1223,2.403414,217.2163,4.296668,20.1841,354.4202,-1
192.1223,2.403414,217.2163,4.298745,20.17415,354.4194,-1
192.1223,2.403414,217.2163,4.301149,20.16424,354.4185,-1
192.1223,2.403408,217.2163,4.300812,20.15653,354.4091,-1
192.1223,2.403407,217.2163,4.301183,20.15609,354.4062,-1
192.1223,2.403404,217.2163,4.300805,20.1416,354.402,-1
192.1223,2.403402,217.2163,4.303274,20.13008,354.3983,-1
192.1224,2.403404,217.2164,4.304331,20.11656,354.4007,-1
192.1224,2.403408,217.2164,4.308565,20.10898,354.4082,-1
192.1224,2.403411,217.2164,4.314156,20.09602,354.4134,-1
192.1224,2.403412,217.2164,4.313993,20.07806,354.4152,-1
192.1224,2.40341,217.2164,4.303888,20.06786,354.4127,-1
192.1224,2.403408,217.2164,4.302791,20.05264,354.4078,-1
192.1224,2.40341,217.2164,4.302916,20.03536,354.4128,-1
192.1224,2.40341,217.2164,4.302954,20.02878,354.4127,-1
192.1224,2.40341,217.2164,4.306699,20.01105,354.4127,-1
192.1224,2.40341,217.2164,4.302269,19.99651,354.4121,-1
192.1224,2.403414,217.2164,4.303145,19.97426,354.4201,-1
192.1224,2.403413,217.2164,4.308521,19.95763,354.4182,-1
192.1224,2.403412,217.2165,4.307266,19.93186,354.4166,-1
192.1224,2.403411,217.2165,4.303153,19.93076,354.4141,-1
192.1224,2.403411,217.2165,4.303153,19.93076,354.4141,-1
192.1224,2.403409,217.2165,4.303159,19.9125,354.4115,-1
192.1224,2.403409,217.2165,4.296199,19.89113,354.4097,-1
192.1224,2.403408,217.2165,4.298291,19.86666,354.4092,-1
192.1224,2.403409,217.2165,4.298768,19.84929,354.4099,-1
192.1224,2.403406,217.2165,4.297701,19.82104,354.4055,-1
192.1224,2.403408,217.2165,4.295068,19.79572,354.4077,-1
192.1224,2.403407,217.2165,4.291377,19.77642,354.4071,-1
192.1224,2.403406,217.2166,4.295602,19.75035,354.4047,-1
192.1224,2.403408,217.2166,4.28953,19.72735,354.4078,-1
192.1224,2.403405,217.2166,4.287615,19.7016,354.4033,-1
192.1224,2.403406,217.2166,4.284904,19.67693,354.4054,-1
192.1225,2.403408,217.2166,4.28706,19.64132,354.409,-1
192.1225,2.40341,217.2166,4.288871,19.62038,354.4131,-1
192.1225,2.403415,217.2166,4.29475,19.59735,354.4217,-1
192.1225,2.403415,217.2166,4.289512,19.5668,354.4212,-1
192.1225,2.403418,217.2167,4.291245,19.53677,354.4256,-1
192.1225,2.403419,217.2167,4.288959,19.5085,354.4275,-1
192.1225,2.403414,217.2167,4.291039,19.47355,354.4189,-1
192.1225,2.403412,217.2167,4.286029,19.44304,354.4157,-1
192.1225,2.403414,217.2167,4.286385,19.40942,354.4187,-1
192.1225,2.403411,217.2167,4.286428,19.37399,354.4149,-1
192.1225,2.403412,217.2168,4.287254,19.33962,354.4162,-1
192.1225,2.403416,217.2168,4.28604,19.3131,354.4233,-1
192.1225,2.403414,217.2168,4.296501,19.27221,354.4191,-1
192.1225,2.403412,217.2168,4.301763,19.23319,354.4156,-1
192.1225,2.403415,217.2168,4.300743,19.20244,354.4212,-1
192.1225,2.403415,217.2169,4.301281,19.16177,354.4207,-1
192.1225,2.403415,217.2169,4.307278,19.12201,354.4218,-1
192.1225,2.403412,217.2169,4.299901,19.08685,354.4162,-1
192.1226,2.403412,217.2169,4.304927,19.04787,354.4159,-1
192.1226,2.403415,217.2169,4.307272,19.00655,354.4208,-1
192.1226,2.40341,217.2169,4.307817,18.9627,354.4128,-1
192.1226,2.403411,217.217,4.311625,18.92989,354.4142,-1
192.1226,2.403407,217.217,4.30446,18.88881,354.4068,-1
192.1226,2.403407,217.217,4.303344,18.84425,354.4059,-1
192.1226,2.403406,217.217,4.294671,18.80425,354.4044,-1
192.1226,2.403408,217.2171,4.295236,18.76227,354.4079,-1
192.1226,2.403406,217.2171,4.293152,18.72288,354.4045,-1
192.1226,2.403405,217.2171,4.288592,18.6784,354.4033,-1
192.1226,2.403403,217.2171,4.28444,18.64414,354.4006,-1
192.1226,2.403405,217.2172,4.286718,18.59898,354.4034,-1
192.1227,2.403406,217.2172,4.28339,18.55396,354.4054,-1
192.1227,2.403407,217.2172,4.286398,18.50783,354.4062,-1
192.1227,2.403409,217.2172,4.290905,18.46206,354.4112,-1
192.1227,2.403407,217.2173,4.292671,18.41335,354.4066,-1
192.1227,2.403409,217.2173,4.293964,18.35963,354.4104,-1
192.1227,2.403412,217.2173,4.297556,18.31481,354.4153,-1
192.1227,2.403412,217.2173,4.302874,18.26239,354.416,-1
192.1227,2.403415,217.2173,4.307747,18.21221,354.4208,-1
192.1227,2.403409,217.2174,4.301221,18.16739,354.4109,-1
192.1227,2.403408,217.2174,4.30358,18.11878,354.409,-1
192.1227,2.403406,217.2174,4.303972,18.07126,354.4042,-1
192.1227,2.403409,217.2175,4.2921,18.02478,354.4111,-1
192.1228,2.40341,217.2175,4.292091,17.97575,354.4133,-1
192.1228,2.40341,217.2175,4.294576,17.92653,354.4123,-1
192.1228,2.403405,217.2175,4.298615,17.87112,354.4038,-1
192.1228,2.403407,217.2176,4.296997,17.81189,354.4066,-1
192.1228,2.403405,217.2176,4.291571,17.76342,354.4026,-1
192.1228,2.403405,217.2176,4.290278,17.71007,354.4028,-1
192.1228,2.403405,217.2177,4.298422,17.65708,354.4026,-1
192.1228,2.403408,217.2177,4.292299,17.61063,354.4093,-1
192.1228,2.40341,217.2177,4.297538,17.55693,354.4128,-1
192.1228,2.403412,217.2177,4.304714,17.4977,354.416,-1
192.1228,2.403411,217.2178,4.301849,17.43953,354.4135,-1
192.1228,2.403409,217.2178,4.3008,17.42491,354.4109,-1
192.1228,2.403409,217.2178,4.3008,17.42491,354.4109,-1
192.1228,2.403415,217.2178,4.301379,17.36779,354.4212,-1
192.1229,2.403419,217.2178,4.309248,17.31397,354.4293,-1
192.1229,2.403419,217.2179,4.309726,17.27154,354.4283,-1
192.1229,2.403421,217.2179,4.311499,17.21036,354.4317,-1
192.1229,2.403419,217.2179,4.314353,17.15088,354.4288,-1
192.1229,2.403417,217.2179,4.313979,17.10444,354.4243,-1
192.1229,2.403419,217.218,4.31867,17.04381,354.4286,-1
192.1229,2.403424,217.218,4.316777,16.97885,354.437,-1
192.1229,2.403419,217.218,4.315537,16.9548,354.4272,-1
192.1229,2.403419,217.2181,4.32038,16.87116,354.4274,-1
192.1229,2.403415,217.2181,4.315609,16.82549,354.4215,-1
192.123,2.403424,217.2181,4.320492,16.76769,354.4374,-1
192.123,2.403423,217.2181,4.320754,16.71722,354.4349,-1
192.123,2.403421,217.2182,4.311748,16.66322,354.4318,-1
192.123,2.40342,217.2182,4.304849,16.58544,354.4311,-1
192.123,2.403426,217.2183,4.311025,16.52912,354.4412,-1
192.123,2.403416,217.2183,4.302574,16.48074,354.4226,-1
192.123,2.403421,217.2183,4.298602,16.40997,354.4325,-1
192.123,2.403412,217.2184,4.309122,16.35363,354.4156,-1
192.123,2.403421,217.2184,4.301503,16.28336,354.4316,-1
192.123,2.403412,217.2184,4.294326,16.23524,354.4162,-1
192.123,2.403405,217.2184,4.289958,16.16794,354.4034,-1
192.1231,2.40341,217.2185,4.292629,16.09887,354.4124,-1
192.1231,2.403407,217.2185,4.293781,16.03936,354.4065,-1
192.1231,2.403408,217.2185,4.292329,15.97839,354.4084,-1
192.1231,2.403407,217.2186,4.297928,15.90965,354.4072,-1
192.1231,2.403407,217.2186,4.297525,15.84023,354.4067,-1
192.1231,2.403406,217.2187,4.299801,15.77755,354.4046,-1
192.1231,2.403406,217.2187,4.299985,15.72036,354.4044,-1
192.1231,2.403406,217.2187,4.298643,15.66103,354.4048,-1
192.1231,2.403409,217.2188,4.300399,15.59528,354.4102,-1
192.1232,2.40341,217.2188,4.310259,15.52713,354.4128,-1
192.1232,2.403409,217.2188,4.304758,15.46066,354.4108,-1
192.1232,2.403411,217.2188,4.297299,15.40217,354.4138,-1
192.1232,2.40341,217.2189,4.295348,15.35316,354.4132,-1
192.1232,2.403413,217.2189,4.301665,15.28907,354.417,-1
192.1232,2.403398,217.2189,4.294891,15.22772,354.3908,-1
192.1232,2.403398,217.219,4.29509,15.15984,354.3909,-1
192.1232,2.403412,217.219,4.301156,15.09433,354.4158,-1
192.1232,2.40343,217.2191,4.272408,15.04453,354.449,-1
192.1232,2.40339,217.2191,4.300817,14.99163,354.3757,-1
192.1232,2.40337,217.2191,4.291764,14.93628,354.3409,-1
192.1232,2.403415,217.2191,4.300966,14.92293,354.4218,-1
192.1232,2.40339,217.2191,4.298412,14.85618,354.3758,-1
192.1233,2.403403,217.2191,4.305099,14.81918,354.3994,-1
192.1233,2.403407,217.2192,4.305444,14.7535,354.4068,-1
192.1233,2.403406,217.2192,4.309749,14.67818,354.4048,-1
192.1233,2.403407,217.2193,4.316508,14.61865,354.4059,-1
192.1233,2.403405,217.2193,4.310994,14.55693,354.4037,-1
192.1233,2.403408,217.2193,4.317305,14.49441,354.4081,-1
192.1233,2.403409,217.2194,4.31869,14.43136,354.4099,-1
192.1233,2.403415,217.2194,4.325791,14.3701,354.4211,-1
192.1233,2.403411,217.2194,4.325367,14.30375,354.414,-1
192.1233,2.403408,217.2195,4.321703,14.23474,354.4081,-1
192.1234,2.403407,217.2195,4.321573,14.16433,354.4064,-1
192.1234,2.403404,217.2195,4.31252,14.09242,354.4022,-1
192.1234,2.403405,217.2196,4.31273,14.02645,354.4032,-1
192.1234,2.403402,217.2196,4.307174,13.9716,354.3977,-1
192.1234,2.403402,217.2196,4.302528,13.90576,354.3978,-1
192.1234,2.4034,217.2197,4.307879,13.83035,354.3938,-1
192.1234,2.403399,217.2197,4.293557,13.77318,354.3926,-1
192.1234,2.403385,217.2198,4.289981,13.6951,354.3676,-1
192.1234,2.4034,217.2198,4.297615,13.66427,354.3949,-1
192.1234,2.403396,217.2198,4.298783,13.59944,354.3878,-1
192.1234,2.403393,217.2198,4.299858,13.53199,354.3823,-1
192.1234,2.403391,217.2199,4.298242,13.46981,354.3788,-1
192.1235,2.403394,217.2199,4.297333,13.41316,354.3841,-1
192.1235,2.403399,217.2199,4.295745,13.34606,354.3917,-1
192.1235,2.403402,217.22,4.292731,13.29226,354.3976,-1
192.1235,2.403398,217.22,4.291939,13.22328,354.3904,-1
192.1235,2.403429,217.22,4.298228,13.20121,354.4458,-1
192.1235,2.403402,217.2201,4.281277,13.13727,354.398,-1
192.1235,2.403396,217.2201,4.306897,13.06371,354.3863,-1
192.1235,2.403383,217.2201,4.270507,13.01124,354.3641,-1
192.1235,2.4034,217.2202,4.301136,12.97474,354.3936,-1
192.1235,2.403405,217.2202,4.292187,12.90316,354.4036,-1
192.1235,2.403408,217.2202,4.295372,12.82395,354.4081,-1
192.1235,2.403415,217.2203,4.316155,12.75454,354.4208,-1
192.1236,2.403411,217.2203,4.294865,12.6728,354.4148,-1
192.1236,2.40342,217.2203,4.312268,12.61063,354.4313,-1
192.1236,2.403412,217.2204,4.300358,12.5343,354.4155,-1
192.1236,2.403411,217.2204,4.298672,12.46596,354.4148,-1
192.1236,2.403407,217.2205,4.306867,12.39449,354.4067,-1
192.1236,2.403407,217.2205,4.299548,12.32468,354.4066,-1
192.1236,2.403411,217.2206,4.309317,12.26259,354.4137,-1
192.1236,2.403408,217.2206,4.306519,12.19285,354.4091,-1
192.1236,2.403409,217.2206,4.305971,12.13155,354.4108,-1
192.1236,2.403401,217.2206,4.301207,12.071,354.3964,-1
192.1236,2.40342,217.2207,4.297255,12.00853,354.4302,-1
192.1236,2.403418,217.2207,4.301182,11.95145,354.4274,-1
192.1236,2.403418,217.2207,4.306485,11.88939,354.4259,-1
192.1237,2.403413,217.2208,4.297542,11.82845,354.418,-1
192.1237,2.403416,217.2208,4.310415,11.76185,354.4232,-1
192.1237,2.403413,217.2209,4.3019,11.70173,354.4185,-1
192.1237,2.403411,217.2209,4.305772,11.63351,354.4147,-1
192.1237,2.403414,217.2209,4.306453,11.57785,354.4193,-1
192.1237,2.403421,217.2209,4.309674,11.52299,354.4327,-1
192.1237,2.403422,217.221,4.312551,11.46914,354.4342,-1
192.1237,2.403423,217.221,4.31226,11.40075,354.436,-1
192.1237,2.403429,217.221,4.31447,11.33636,354.4459,-1
192.1237,2.403427,217.2211,4.316591,11.27436,354.4433,-1
192.1237,2.403428,217.2211,4.324439,11.21329,354.4437,-1
192.1237,2.403427,217.2211,4.321957,11.15903,354.4431,-1
192.1237,2.403429,217.2212,4.318197,11.08643,354.4472,-1
192.1237,2.403425,217.2212,4.306617,11.03304,354.4391,-1
192.1237,2.40343,217.2213,4.304074,10.97706,354.4478,-1
192.1238,2.403428,217.2213,4.312642,10.92752,354.445,-1
192.1238,2.403427,217.2213,4.312397,10.87497,354.4427,-1
192.1238,2.403424,217.2213,4.312918,10.81271,354.4381,-1
192.1238,2.403421,217.2213,4.311581,10.75757,354.4322,-1
192.1238,2.403421,217.2214,4.315472,10.70453,354.4319,-1
192.1238,2.403418,217.2214,4.314282,10.64982,354.4256,-1
192.1238,2.403417,217.2214,4.312974,10.59086,354.4254,-1
192.1238,2.403414,217.2215,4.306902,10.5358,354.4192,-1
192.1238,2.403414,217.2215,4.312541,10.47622,354.4193,-1
192.1238,2.403414,217.2216,4.316027,10.41737,354.4194,-1
192.1238,2.403414,217.2216,4.312947,10.35746,354.4201,-1
192.1238,2.403411,217.2216,4.304695,10.30297,354.4144,-1
192.1238,2.403414,217.2216,4.304629,10.25012,354.4204,-1
192.1238,2.403412,217.2217,4.300933,10.18801,354.4158,-1
192.1238,2.403417,217.2217,4.306153,10.12984,354.4242,-1
192.1238,2.403418,217.2217,4.300683,10.07147,354.4263,-1
192.1239,2.403413,217.2218,4.306301,10.00682,354.4182,-1
192.1239,2.403414,217.2218,4.304542,9.95328,354.4203,-1
192.1239,2.403413,217.2218,4.29998,9.894715,354.4183,-1
192.1239,2.403414,217.2219,4.304459,9.840338,354.4194,-1
192.1239,2.403417,217.2219,4.312679,9.777632,354.4246,-1
192.1239,2.403412,217.2219,4.310811,9.720919,354.4165,-1
192.1239,2.403415,217.222,4.310316,9.666385,354.4205,-1
192.1239,2.403414,217.222,4.310249,9.615633,354.4193,-1
192.1239,2.403415,217.222,4.306909,9.56089,354.4205,-1
192.1239,2.403416,217.222,4.303537,9.507571,354.4222,-1
192.1239,2.403408,217.2221,4.303442,9.448578,354.4092,-1
192.1239,2.403411,217.2221,4.305775,9.402504,354.4139,-1
192.1239,2.403414,217.2221,4.307257,9.35189,354.4193,-1
192.1239,2.403414,217.2222,4.304312,9.294361,354.4188,-1
192.1239,2.403416,217.2222,4.303183,9.238513,354.4234,-1
192.1239,2.403418,217.2222,4.299368,9.195738,354.4259,-1
192.1239,2.403418,217.2222,4.299884,9.144247,354.426,-1
192.1239,2.403416,217.2223,4.306055,9.094615,354.4238,-1
192.1239,2.403418,217.2223,4.300908,9.04635,354.4264,-1
192.1239,2.403418,217.2223,4.306723,8.991986,354.4264,-1
192.1239,2.403419,217.2224,4.305134,8.95115,354.4289,-1
192.124,2.403412,217.2224,4.308109,8.898161,354.4165,-1
192.124,2.403413,217.2224,4.312179,8.839261,354.4179,-1
192.124,2.403412,217.2224,4.312964,8.791751,354.4161,-1
192.124,2.403415,217.2225,4.312025,8.740279,354.4207,-1
192.124,2.403417,217.2225,4.304732,8.6916,354.4249,-1
192.124,2.403418,217.2225,4.304131,8.649433,354.4272,-1
192.124,2.403417,217.2225,4.305701,8.601463,354.425,-1
192.124,2.403418,217.2226,4.300968,8.554168,354.4266,-1
192.124,2.403418,217.2226,4.306845,8.498563,354.4268,-1
192.124,2.403419,217.2226,4.307532,8.440057,354.4273,-1
192.124,2.403421,217.2227,4.309433,8.389431,354.4319,-1
192.124,2.403421,217.2227,4.312424,8.350586,354.4316,-1
192.124,2.403425,217.2227,4.310899,8.304068,354.4395,-1
192.124,2.403425,217.2227,4.312151,8.264718,354.4393,-1
192.124,2.40343,217.2227,4.311584,8.218506,354.4493,-1
192.124,2.403434,217.2228,4.306684,8.177959,354.4555,-1
192.124,2.403435,217.2228,4.31411,8.13911,354.4581,-1
192.124,2.403435,217.2228,4.310181,8.098079,354.4569,-1
192.124,2.403434,217.2228,4.310491,8.057033,354.4561,-1
192.124,2.40343,217.2229,4.311865,8.015477,354.4477,-1
192.124,2.40343,217.2229,4.311482,7.983277,354.4495,-1
192.124,2.403434,217.2229,4.314972,7.950195,354.4559,-1
192.124,2.403432,217.2229,4.319584,7.910171,354.4521,-1
192.1241,2.40343,217.2229,4.314579,7.878196,354.4487,-1
192.1241,2.403427,217.223,4.318331,7.838126,354.4425,-1
192.1241,2.403425,217.223,4.312065,7.797583,354.4394,-1
192.1241,2.403422,217.223,4.305621,7.755777,354.4341,-1
192.1241,2.403421,217.223,4.306328,7.721222,354.4322,-1
192.1241,2.403418,217.2231,4.307464,7.687454,354.4258,-1
192.1241,2.403411,217.2231,4.29885,7.641779,354.4138,-1
192.1241,2.403411,217.2231,4.301348,7.599848,354.4146,-1
192.1241,2.403409,217.2231,4.299112,7.564158,354.4115,-1
192.1241,2.403411,217.2231,4.299942,7.528275,354.4147,-1
192.1241,2.403407,217.2231,4.296093,7.484935,354.4068,-1
192.1241,2.403408,217.2232,4.306439,7.446906,354.4079,-1
192.1241,2.403409,217.2232,4.313622,7.411112,354.4099,-1
192.1241,2.403411,217.2232,4.311877,7.376482,354.4148,-1
192.1241,2.403414,217.2232,4.316931,7.332954,354.4193,-1
192.1241,2.403418,217.2233,4.319109,7.298834,354.4258,-1
192.1241,2.403422,217.2233,4.311703,7.278409,354.4337,-1
192.1241,2.403421,217.2233,4.308666,7.233912,354.4318,-1
192.1241,2.40342,217.2233,4.306718,7.20391,354.4313,-1
192.1241,2.403421,217.2233,4.306004,7.181954,354.4321,-1
192.1241,2.403421,217.2233,4.312856,7.147714,354.4327,-1
192.1241,2.403421,217.2234,4.317306,7.114731,354.4321,-1
192.1241,2.403417,217.2234,4.314523,7.077302,354.4252,-1
192.1241,2.403415,217.2234,4.306279,7.049082,354.4207,-1
192.1241,2.403419,217.2234,4.306176,7.025536,354.4274,-1
192.1241,2.403416,217.2234,4.313025,6.996714,354.4229,-1
192.1241,2.403412,217.2234,4.309848,6.966803,354.416,-1
192.1241,2.403408,217.2234,4.306764,6.931572,354.4084,-1
192.1241,2.403404,217.2235,4.306252,6.903028,354.4012,-1
192.1241,2.403407,217.2235,4.304955,6.872099,354.4062,-1
192.1241,2.403404,217.2235,4.300913,6.842963,354.4022,-1
192.1241,2.403405,217.2235,4.300883,6.807797,354.4033,-1
192.1241,2.403405,217.2235,4.304983,6.779077,354.4043,-1
192.1241,2.403406,217.2235,4.304413,6.754304,354.4056,-1
192.1241,2.40341,217.2236,4.307703,6.722799,354.4128,-1
192.1241,2.40341,217.2236,4.314555,6.696496,354.4127,-1
192.1241,2.403405,217.2236,4.319652,6.659965,354.4027,-1
192.1241,2.403409,217.2236,4.318961,6.631116,354.4097,-1
192.1241,2.403408,217.2236,4.316194,6.60031,354.4093,-1
192.1241,2.403409,217.2237,4.314318,6.576574,354.4116,-1
192.1241,2.403411,217.2237,4.320204,6.547204,354.4137,-1
192.1241,2.403412,217.2237,4.316769,6.523372,354.415,-1
192.1241,2.403412,217.2237,4.319019,6.499302,354.4167,-1
192.1241,2.403413,217.2237,4.309117,6.47136,354.4173,-1
192.1241,2.403412,217.2237,4.304535,6.451714,354.4153,-1
192.1241,2.403411,217.2237,4.303322,6.424465,354.415,-1
192.1241,2.403414,217.2238,4.303801,6.402576,354.4201,-1
192.1242,2.403415,217.2238,4.302656,6.37618,354.4213,-1
192.1242,2.403419,217.2238,4.297454,6.358125,354.4285,-1
192.1242,2.403415,217.2238,4.29606,6.336198,354.4213,-1
192.1242,2.403413,217.2238,4.295137,6.313595,354.4183,-1
192.1242,2.403414,217.2238,4.296274,6.301635,354.4189,-1
192.1242,2.403412,217.2238,4.296575,6.279508,354.4162,-1
192.1242,2.403412,217.2238,4.303285,6.257599,354.4161,-1
192.1242,2.403407,217.2238,4.303712,6.23731,354.4074,-1
192.1242,2.403403,217.2238,4.29692,6.216623,354.3991,-1
192.1242,2.403401,217.2238,4.298798,6.201097,354.3969,-1
192.1242,2.403404,217.2239,4.296002,6.182408,354.4008,-1
192.1242,2.403405,217.2239,4.297768,6.161263,354.4028,-1
192.1242,2.40341,217.2239,4.308449,6.14686,354.4118,-1
192.1242,2.403409,217.2239,4.300123,6.130101,354.4117,-1
192.1242,2.403409,217.2239,4.299671,6.129789,354.4115,-1
192.1242,2.403409,217.2239,4.299671,6.129789,354.4115,-1
192.1242,2.40341,217.2239,4.307073,6.102327,354.4135,-1
192.1242,2.403412,217.2239,4.306838,6.08417,354.4166,-1
192.1242,2.403413,217.2239,4.30335,6.072583,354.4182,-1
192.1242,2.403415,217.2239,4.297119,6.059242,354.4209,-1
192.1242,2.403417,217.2239,4.293403,6.049748,354.4244,-1
192.1242,2.403417,217.2239,4.291596,6.032494,354.4255,-1
192.1242,2.403419,217.224,4.294579,6.021616,354.4283,-1
192.1242,2.403424,217.224,4.297936,6.00392,354.4379,-1
192.1242,2.403423,217.224,4.29286,5.993073,354.4357,-1
192.1242,2.403419,217.224,4.302351,5.977633,354.4286,-1
192.1242,2.403418,217.224,4.306499,5.970031,354.4261,-1
192.1242,2.403419,217.224,4.307736,5.96208,354.4293,-1
192.1242,2.403422,217.224,4.313622,5.952605,354.4337,-1
192.1242,2.40342,217.224,4.316103,5.933452,354.4312,-1
192.1242,2.403424,217.224,4.313206,5.931632,354.4379,-1
192.1242,2.403426,217.224,4.318054,5.918646,354.4411,-1
192.1242,2.403424,217.224,4.320179,5.906852,354.4382,-1
192.1242,2.403426,217.224,4.319419,5.898831,354.4403,-1
192.1242,2.403424,217.224,4.31303,5.888743,354.4376,-1
192.1242,2.403422,217.224,4.311383,5.885018,354.4333,-1
192.1242,2.403424,217.224,4.307818,5.875567,354.4376,-1
192.1242,2.403425,217.224,4.310413,5.879529,354.4387,-1
192.1242,2.403406,217.2241,4.306023,5.852362,354.405,-1
192.1242,2.403463,217.224,4.307094,5.88361,354.5087,-1
192.1242,2.403401,217.2241,4.307593,5.849339,354.3964,-1
192.1242,2.403453,217.224,4.287046,5.921637,354.4901,-1
192.1241,2.403528,217.2232,4.441889,7.426704,354.6245,-1
192.124,2.403645,217.2227,4.731418,8.259869,354.8322,-1
192.1201,2.409849,217.2117,11.97865,31.08932,6.11056,-1
192.0944,2.408111,217.1956,32.97678,88.57646,3.403362,-1
192.0626,2.410224,217.2168,19.73009,162.5891,7.069202,-1
192.0722,2.405233,217.2523,26.38194,229.4717,357.4323,-1
192.1122,2.406997,217.2528,21.68428,308.2533,0.9239746,-1
192.1066,2.405301,217.1988,22.38968,62.95478,357.6441,-1
192.0619,2.406231,217.2367,22.13726,196.3521,359.4469,-1
192.1211,2.405362,217.242,24.18793,332.2527,357.733,-1
192.0998,2.405275,217.1964,26.12391,75.77046,357.5231,-1
192.0703,2.405046,217.2046,59.0474,129.7318,354.8707,-1
192.0712,2.407074,217.2036,83.77647,140.909,9.249016,-1
192.0605,2.406892,217.2278,78.93506,183.8094,3.502306,-1
192.0621,2.402091,217.2363,80.60458,138.4635,302.0897,-1
192.0634,2.405953,217.2408,83.93037,194.9501,350.4047,-1
192.1095,2.405501,217.2546,75.59875,294.937,352.6684,-1
192.106,2.399863,217.2558,68.00399,263.6786,326.2794,-1
192.1152,2.406024,217.2501,51.8883,314.0728,358.5678,-1
192.1095,2.408458,217.2546,77.93716,318.5659,16.87497,-1
192.1207,2.405258,217.2426,59.33292,328.0513,355.5766,-1
192.1191,2.395262,217.2414,7.345183,329.5835,339.2298,-1
192.1184,2.395434,217.2427,2.889019,328.5744,339.7089,-1
192.1207,2.395074,217.2377,7.336469,337.3622,338.8656,-1
192.1218,2.395776,217.2347,4.090409,344.8051,340.3353,-1
192.1225,2.398446,217.2354,12.10134,342.0704,345.0521,-1
192.1224,2.400388,217.2372,4.88954,341.1454,348.9163,-1
192.1232,2.402651,217.2358,3.169178,344.4482,353.0512,-1
192.1231,2.400745,217.235,6.074117,345.1104,349.5491,-1
192.1234,2.401755,217.2344,12.38265,345.5579,351.2365,-1
192.1226,2.399596,217.236,12.53665,341.4028,347.1985,-1
192.1231,2.400198,217.2345,11.04995,344.8783,348.3926,-1
192.1235,2.40188,217.2342,7.777307,346.6474,351.5909,-1
192.1235,2.404406,217.2354,6.579807,345.413,356.1912,-1
192.1231,2.40505,217.2369,8.427203,342.5056,357.3434,-1
192.123,2.405071,217.237,8.237113,342.3195,357.3835,-1
192.1229,2.405104,217.2375,13.78868,341.2742,357.3943,-1
192.1227,2.405831,217.2383,14.8403,339.9411,358.7293,-1
192.1227,2.406335,217.2383,13.61777,340.2794,359.6653,-1
192.1225,2.405505,217.2388,14.65301,338.8271,358.126,-1
192.1229,2.406125,217.2375,10.87604,341.6996,359.2856,-1
192.1229,2.406114,217.2375,11.96087,341.7389,359.2615,-1
192.123,2.40599,217.2371,14.2683,342.312,359.0258,-1
192.123,2.405505,217.2374,14.94833,341.5993,358.1241,-1
192.1231,2.405504,217.2371,15.68747,342.1591,358.1163,-1
192.1231,2.405355,217.237,12.21929,342.3658,357.8715,-1
192.1225,2.405615,217.2386,11.23349,339.4211,358.3535,-1
192.1221,2.404636,217.2397,10.80336,337.0482,356.57,-1
192.1224,2.404826,217.2389,9.146691,338.7305,356.9318,-1
192.1225,2.404679,217.2386,8.379027,339.1712,356.6722,-1
192.1225,2.404668,217.2385,7.036435,339.4898,356.6619,-1
192.1228,2.404424,217.2377,11.17093,340.6756,356.1764,-1
192.123,2.404829,217.237,11.81956,342.0737,356.9097,-1
192.1233,2.403088,217.2355,12.54134,344.099,353.6979,-1
192.1231,2.404007,217.2365,11.49971,342.7116,355.4091,-1
192.1233,2.40476,217.236,14.0218,343.8644,356.7555,-1
192.1233,2.404998,217.2362,13.51814,343.5249,357.2016,-1
192.1233,2.40499,217.2363,13.67598,343.4643,357.1851,-1
192.1223,2.404999,217.2393,13.82825,337.7432,357.1996,-1
192.1224,2.40531,217.2391,17.97944,338.1512,357.7279,-1
192.1227,2.406649,217.2382,21.45267,340.5776,0.254066,-1
192.1233,2.405205,217.2362,23.37459,343.2551,357.4409,-1
192.1236,2.404154,217.2349,22.22539,344.8965,355.4256,-1
192.1234,2.405414,217.2358,18.56574,344.2596,357.9157,-1
192.1237,2.405562,217.2347,15.52138,346.547,358.2256,-1
192.1235,2.405891,217.2357,14.56961,344.9514,358.8424,-1
192.123,2.405215,217.2372,14.91869,341.7113,357.5863,-1
192.1227,2.404796,217.2379,15.7572,340.1251,356.7961,-1
192.1227,2.406244,217.2381,11.00421,340.5484,359.5011,-1
192.1225,2.405534,217.2387,12.01779,339.2125,358.1999,-1
192.1224,2.405768,217.239,12.87997,338.713,358.6246,-1
192.1224,2.405406,217.239,15.23365,338.3699,357.9378,-1
192.1224,2.405738,217.2389,13.96874,338.8259,358.5621,-1
192.1225,2.406215,217.2388,15.44149,339.3025,359.4388,-1
192.1228,2.406614,217.2379,15.55653,341.2296,0.1809446,-1
192.1227,2.406077,217.2381,13.38533,340.5376,359.19,-1
192.1226,2.406123,217.2384,12.63789,339.9919,359.2765,-1
192.1228,2.405866,217.238,12.59583,340.5967,358.805,-1
192.1229,2.406073,217.2376,12.51073,341.5214,359.1859,-1
192.1229,2.405861,217.2377,11.77223,341.2891,358.8001,-1
192.1227,2.404813,217.238,12.72845,340.1849,356.8706,-1
192.1227,2.405186,217.2381,12.57265,340.1905,357.558,-1
192.123,2.405842,217.2373,12.48195,341.8974,358.7627,-1
192.1226,2.405614,217.2384,13.72178,339.8172,358.3352,-1
192.1227,2.405147,217.2382,13.9708,339.9013,357.4708,-1
192.1227,2.405263,217.238,14.40584,340.217,357.6819,-1
192.1227,2.405263,217.238,14.40584,340.217,357.6819,-1
192.1223,2.40469,217.2391,14.82835,337.8291,356.6142,-1
192.1224,2.40464,217.2389,15.23615,338.1677,356.5143,-1
192.1227,2.40515,217.2381,13.68159,340.0824,357.4797,-1
192.1224,2.405055,217.2388,8.708212,338.919,357.3505,-1
192.1222,2.40498,217.2393,6.519824,337.9891,357.2285,-1
192.1222,2.405575,217.2395,7.634899,337.7986,358.2977,-1
192.1222,2.405623,217.2395,8.87708,337.7999,358.3794,-1
192.1221,2.405754,217.2397,9.122557,337.4691,358.6162,-1
192.1219,2.405653,217.2401,5.989554,336.6524,358.4447,-1
192.122,2.406117,217.2401,7.050346,336.8919,359.2794,-1
192.1219,2.406098,217.2403,8.598522,336.3538,359.2407,-1
192.1215,2.406063,217.2411,8.230145,334.8261,359.1783,-1
192.1216,2.406143,217.2408,8.345396,335.3015,359.3232,-1
192.1217,2.405972,217.2407,7.335196,335.6705,359.0162,-1
192.1219,2.406183,217.2402,7.831169,336.5958,359.3966,-1
192.1226,2.406066,217.2385,8.514491,339.7939,359.1828,-1
192.1223,2.405844,217.2391,9.575221,338.5403,358.7784,-1
192.1224,2.406013,217.239,9.674563,338.9434,359.0851,-1
192.1225,2.406112,217.2389,10.02574,339.0968,359.2633,-1
192.1226,2.406197,217.2386,9.980741,339.6967,359.4176,-1
192.1227,2.40664,217.2383,9.705787,340.3485,0.2226068,-1
192.1226,2.406267,217.2384,9.87183,339.9861,359.5461,-1
192.1227,2.406178,217.2381,9.306143,340.6531,359.3852,-1
192.1225,2.406303,217.2386,8.986148,339.6674,359.6119,-1
192.1225,2.406525,217.2387,8.713946,339.5994,0.01421291,-1
192.1226,2.406496,217.2384,8.92289,340.1121,359.9614,-1
192.1227,2.406349,217.2381,9.175909,340.7133,359.6961,-1
192.1228,2.406309,217.2379,9.017656,340.9948,359.623,-1
192.1228,2.406252,217.2379,9.242218,341.0184,359.519,-1
192.1228,2.406212,217.2378,8.693971,341.1524,359.4469,-1
192.1228,2.406226,217.2378,8.074847,341.1898,359.4735,-1
192.1229,2.406195,217.2376,8.195842,341.6247,359.4174,-1
192.1229,2.40652,217.2376,9.781126,341.6859,0.004799458,-1
192.1225,2.406728,217.2387,8.691,339.6485,0.3816125,-1
192.1218,2.406823,217.2404,9.510779,336.45,0.5560507,-1
192.1224,2.407271,217.239,9.46092,339.1842,1.369348,-1
192.1225,2.4071,217.2388,9.272942,339.4844,1.057723,-1
192.1224,2.406903,217.239,9.728635,339.042,0.7005832,-1
192.1219,2.40682,217.2401,11.61556,336.9696,0.5538252,-1
192.1208,2.406384,217.2424,12.60365,332.2271,359.756,-1
192.1211,2.406191,217.2419,12.67851,333.1742,359.4018,-1
192.1214,2.406084,217.2414,11.18322,334.2157,359.2085,-1
192.1182,2.405532,217.2466,0.8474898,323.4777,358.2353,-1
192.1137,2.406758,217.2515,343.5956,311.3841,0.4489044,-1
192.1208,2.406155,217.2426,330.8802,332.2792,359.2589,-1
192.1224,2.405741,217.239,334.7467,339.5687,358.4639,-1
192.1243,2.405734,217.2316,9.748435,352.4745,358.578,-1
192.1241,2.406174,217.2328,8.904707,350.4454,359.3778,-1
282.5241,2.406048,348.5721,8.126027,350.0233,359.1512,-1
282.524,2.406408,348.5729,8.108082,348.596,359.8021,-1
282.5235,2.406447,348.5749,8.338712,344.9495,359.8743,-1
282.509,2.40747,348.5941,6.021811,301.0516,1.715729,-1
282.499,2.407069,348.5979,8.502954,281.6268,0.9998515,-1
282.4815,2.407292,348.5966,8.627967,249.9336,1.404123,-1
282.4669,2.407889,348.5856,7.928055,216.8309,2.481732,-1
282.4606,2.407309,348.568,8.544558,182.8095,1.434393,-1
282.4656,2.406628,348.5494,7.54378,147.5051,0.1997887,-1
282.4779,2.406965,348.5382,7.203261,117.4449,0.8092129,-1
282.486,2.406407,348.5353,6.531587,101.9264,359.8022,-1
282.4615,2.406559,348.5587,6.566948,165.8107,0.07465115,-1
282.4926,1.031517,348.5666,0,0,0,exit0
282.4609,2.406145,348.5713,6.933305,188.2839,359.3283,-1
282.4606,2.406534,348.5658,12.4145,178.6421,0.0306345,-1
282.4607,2.405932,348.5639,12.6482,174.9091,358.9267,-1
282.4749,2.405777,348.4831,9.798223,151.4957,358.6555,-1
282.668,2.405714,347.9044,10.40238,177.9776,358.5377,-1
282.65,2.404845,346.9648,10.96121,184.4824,356.9496,-1
282.5021,2.404326,345.072,9.819603,184.3696,357.1513,-1
282.2615,2.400507,342.0332,10.38512,184.2705,357.2271,-1
282.1067,2.405138,339.3978,10.9022,181.3338,357.4843,-1
282.04,2.405072,336.6792,11.29847,181.5645,357.3599,-1
281.9572,2.405063,333.9919,11.31423,182.5529,357.4042,-1
281.8522,2.405119,331.5922,11.46198,182.5859,357.4462,-1
281.7258,2.404997,328.862,11.41457,182.8147,357.2226,-1
281.5846,2.404683,326.332,11.3122,184.1117,356.6492,-1
281.3817,2.404673,323.6938,11.46661,184.98,356.6282,-1
281.1054,2.404895,320.8939,11.39211,187.1696,357.0369,-1
280.8291,2.405155,318.5226,11.22821,185.9352,357.5127,-1
280.552,2.397153,315.8723,11.19049,185.5289,358.2084,-1
280.3073,2.401283,313.2684,11.11323,184.8434,358.3601,-1
280.0974,2.405812,310.7711,11.22638,184.9282,358.7122,-1
279.8808,2.406361,308.1807,9.811441,184.0052,359.716,-1
279.6853,2.406803,305.3628,9.430203,183.8803,0.5194349,-1
279.5222,2.407212,302.8716,9.440823,183.2523,1.26171,-1
279.3575,2.398436,300.1864,9.791226,184.5256,0.997499,-1
279.1442,2.406837,297.4612,9.747531,184.5991,0.581343,-1
278.9249,2.406757,294.7275,9.637697,184.6331,0.4357743,-1
278.6996,2.406579,291.9967,9.79878,185.0533,0.1190193,-1
278.4942,2.406512,289.6508,9.66417,185.0325,359.9909,-1
278.2518,2.40651,286.8673,9.878808,184.8371,359.9865,-1
278.0339,2.406492,284.2826,9.842099,184.9706,359.9538,-1
277.7945,2.406545,281.5469,9.703444,185.1588,0.0513794,-1
277.5451,2.406509,278.8126,9.732521,185.2234,359.9856,-1
277.2878,2.40645,276.0163,9.642479,185.3659,359.8773,-1
277.0275,2.398408,273.2814,9.699554,185.5949,359.6228,-1
276.7508,2.406211,270.4698,9.68134,185.8152,359.4442,-1
276.4734,2.406145,267.7338,9.590613,185.6117,359.5133,-1
276.1816,2.406299,264.7568,9.948306,185.475,359.6039,-1
275.9575,2.402925,262.4039,10.22101,185.3684,359.8247,-1
275.8384,2.406785,261.0898,9.20964,184.348,0.4870015,-1
275.8023,2.407259,260.5602,7.617168,180.1059,1.340237,-1
275.9416,2.405149,259.4303,7.206288,152.1119,2.927315,-1
276.2668,2.409061,259.0003,6.411807,118.0121,4.588073,-1
276.3561,1.031517,258.986,0,0,0,enter1
276.4158,2.402394,258.9168,7.646284,114.3647,359.477,-1
276.4274,2.403726,258.9138,10.7099,93.74178,1.969927,-1
276.4556,2.404758,258.9276,7.063615,34.98615,3.814731,-1
276.4604,2.403817,258.9383,8.699277,13.73709,2.122302,-1
276.4608,2.402973,258.9402,7.294261,10.02019,0.5911966,-1
276.4606,2.403202,258.9394,8.372607,11.60539,1.007523,-1
276.4589,2.402632,258.9337,7.649547,22.06921,359.9753,-1
276.4561,2.402692,258.9282,7.216166,33.28158,0.0840672,-1
276.4541,2.401859,258.9255,7.193227,38.94932,358.581,-1
276.4417,2.403025,258.9162,9.455184,67.35342,0.6887476,-1
276.4253,2.401888,258.914,7.494038,97.06351,358.6315,-1
276.4251,2.401868,258.914,9.784191,97.23872,358.5883,-1
276.4293,1.027645,258.9457,0,0,0,exit1
276.892,2.396004,258.8539,9.254792,96.45055,358.002,-1
278.2452,2.405316,258.7063,9.336585,95.52721,358.2165,-1
280.5824,2.40583,258.4968,9.54701,94.69972,358.7523,-1
282.7414,2.405628,258.3305,10.16541,93.7528,359.3719,-1
285.0369,2.406359,258.1897,10.40274,92.99628,359.7132,-1
287.5737,2.406769,258.0674,10.37644,92.13659,0.458183,-1
290.142,2.403368,257.9677,10.23179,92.28136,0.5547974,-1
292.9332,2.400271,257.8517,10.10598,92.64638,0.03646871,-1
295.7346,2.401093,257.7209,9.951176,92.82856,359.776,-1
298.5339,2.401531,257.587,10.16675,92.71552,359.9109,-1
301.5126,2.406284,257.4456,9.792243,92.65416,359.5758,-1
304.3981,2.406098,257.3052,9.848685,93.27881,359.2395,-1
307.3779,2.406009,257.1204,9.881456,94.18021,359.0766,-1
310.2534,2.397098,256.8971,9.884734,94.89541,358.7447,-1
313.2077,2.399811,256.6468,9.934438,94.88309,358.6266,-1
316.1973,2.405858,256.3936,9.99176,94.75972,358.8022,-1
319.0557,2.405895,256.1531,10.06206,94.84163,358.8686,-1
322.0505,2.400581,255.8991,10.42629,94.8287,358.5738,-1
324.5934,2.405684,255.6896,11.21375,94.46407,358.4794,-1
326.3627,2.405676,255.5541,10.76612,93.50054,358.4676,-1
327.5115,2.406092,255.5001,10.15651,88.6846,359.2258,-1
328.4203,2.40625,255.5354,9.959656,84.81205,359.5137,-1
328.5012,2.406564,255.542,9.67654,80.53857,0.08475187,-1
328.4959,1.031517,255.5736,0,0,0,enter2
328.5265,2.408603,255.5645,6.58183,16.93525,3.763086,-1
328.5272,2.409238,255.5798,8.8894,349.5614,4.937479,-1
328.5245,2.407997,255.5877,8.668282,334.101,2.681907,-1
328.5184,2.408272,255.5962,8.776387,315.341,3.181858,-1
328.5089,2.407105,255.6028,5.455658,294.075,1.058592,-1
328.5009,2.406134,255.6052,7.247691,278.8734,359.3081,-1
328.5,2.407212,255.6053,6.297185,277.5091,1.252104,-1
328.5229,2.406079,255.5907,3.732163,327.5515,359.2136,-1
328.5278,2.407611,255.576,5.93423,355.8036,1.970386,-1
328.5273,2.407058,255.5798,6.900879,348.876,0.9748077,-1
328.5273,2.406661,255.5794,7.294645,349.4538,0.2598632,-1
328.5274,2.406097,255.5791,7.449581,349.8933,359.2424,-1
328.4959,1.031517,255.5736,0,0,0,exit2
328.5273,2.406721,255.5797,8.112514,349.1129,0.3692424,-1
328.5273,2.405921,255.5793,8.095682,349.5346,358.9214,-1
328.5502,2.405022,256.2594,8.558438,349.9999,357.293,-1
328.5289,2.405117,257.233,8.073156,348.1122,357.7625,-1
328.4637,2.405879,258.3123,7.51502,348.2506,358.8464,-1
328.2253,2.401311,259.5983,7.194044,348.627,359.2312,-1
327.8787,2.406192,261.2314,7.451861,347.9926,359.4131,-1
327.509,2.405658,262.9629,7.492328,348.0663,358.4492,-1
327.1483,2.40234,264.7036,6.614951,348.0753,358.5531,-1
326.7514,2.406892,266.502,6.430816,345.1137,0.6761741,-1
326.1382,2.40228,268.5941,7.082942,342.6568,0.3718993,-1
325.5784,2.407391,270.3854,6.669985,341.5531,1.576493,-1
324.7886,2.406577,272.7194,7.824128,341.4494,0.1084005,-1
324.2142,2.406459,274.4086,8.041595,340.3989,0.2060782,-1
323.5891,2.406762,276.0419,8.058597,339.2983,0.4430609,-1
322.8211,2.406658,277.7082,8.200331,337.0351,0.2552641,-1
321.798,2.406811,279.7308,7.813881,337.5005,0.5305251,-1
320.6426,2.406314,282.4565,7.973159,339.0108,359.6323,-1
319.506,2.40574,285.5414,7.743056,341.6725,358.5956,-1
318.5426,2.40583,288.4816,7.753115,341.7996,358.7582,-1
317.5728,2.40631,291.3955,7.900354,340.4221,359.6263,-1
316.4157,2.406398,294.4619,8.114439,336.2502,359.7847,-1
315.0602,2.40626,297.4233,7.925142,334.208,359.5362,-1
313.722,2.405678,300.2059,7.910435,334.6098,358.4834,-1
312.4897,2.396257,302.8337,7.911016,335.256,357.8225,-1
311.2352,2.405511,305.5382,7.847459,334.944,358.1811,-1
309.9532,2.405512,308.2764,7.974798,334.8523,358.1826,-1
308.6224,2.405274,311.1407,8.186522,335.1897,357.7519,-1
307.5107,2.401603,313.5469,8.34896,335.1895,357.0316,-1
306.3876,2.40463,315.992,8.489532,336.181,356.5823,-1
305.3074,2.395355,318.4668,8.711273,336.7209,356.3085,-1
304.244,2.404387,320.9801,8.847343,339.8435,356.138,-1
303.6622,2.405809,323.6303,9.148072,2.141753,358.7161,-1
303.7294,2.406192,326.2897,9.227956,345.6134,359.4103,-1
302.8162,2.403765,328.9019,8.27443,332.9042,0.1895735,-1
301.4577,2.406291,331.4763,7.448884,330.773,359.5924,-1
300.1125,2.406291,333.8839,7.448884,330.773,359.5924,-1
298.7292,2.406291,336.3565,7.448884,330.773,359.5924,-1
297.3959,2.406128,338.8454,7.740201,334.9128,359.2977,-1
296.3934,2.406174,340.9836,7.633092,334.6524,359.3798,-1
295.3023,2.398726,343.2657,8.061197,334.4524,0.57424,-1
294.4238,2.406819,345.0137,8.194304,329.3221,0.5469334,-1
293.0777,2.399605,347.2116,8.526618,326.3595,359.8437,-1
291.816,2.399465,348.7442,7.146836,310.7723,1.069298,-1
290.11,2.404079,350.199,7.342928,308.8833,0.2939044,-1
288.9943,2.406458,351.0937,8.333876,304.1952,359.8936,-1
288.6921,2.407726,351.2426,6.606563,262.5851,2.37024,-1
288.3298,2.408337,351.1598,5.953317,232.4044,3.278499,-1
288.1306,2.401315,350.9356,5.526994,200.4448,0.7310721,-1
288.1233,2.401309,350.9171,6.894576,178.0332,359.3201,-1
288.1362,2.399126,350.7149,6.437127,172.0522,358.8533,-1
288.1381,2.399261,350.678,4.784943,190.7286,359.6063,-1
288.1387,2.400099,350.6626,6.33341,164.7553,1.114471,-1
288.3308,2.405866,349.8996,6.711164,162.4659,359.3658,-1
288.3821,2.405623,349.726,9.753882,168.7134,358.3758,-1
288.3818,2.406406,349.7271,10.43086,171.563,359.7988,-1
288.3812,2.407242,349.7333,10.05949,174.2909,1.318186,-1
288.2617,2.39925,350.6684,10.90689,170.3487,0.9451917,-1
288.1595,2.406849,351.2781,9.050477,170.79,0.6022629,-1
288.0604,2.407253,352.0239,4.969246,175.553,1.394142,-1
288.0469,1.028258,352.5806,0,0,0,enter0
