*Subject
20
*Layout
5
*Condition
False,False,False
*Marks
136.9697,0,240.8079
194.1051,0,327.6145
244.223,0,294.6292
*Path
x,y,z,flag
314.6624,2.405163,335.6479,358.3788,356.6135,357.5746,-1
314.6619,2.405018,335.6517,3.402313,349.5358,357.3107,-1
314.6621,2.404823,335.6421,9.378203,6.505532,356.9243,-1
314.66,2.404597,335.6341,7.102138,21.47757,356.5334,-1
314.6593,2.405015,335.6323,7.079024,25.10797,357.2891,-1
314.6604,2.405568,335.6349,7.504753,20.0641,358.285,-1
314.662,2.406226,335.6412,8.514048,8.605614,359.4724,-1
314.6622,2.403738,335.6436,14.54493,3.137445,354.8526,-1
314.6617,2.400818,335.6429,15.28599,2.938021,349.3606,-1
314.6624,2.405896,335.6454,11.69412,0.9414529,358.8642,-1
314.6614,2.41401,335.649,17.99756,358.9607,14.25244,-1
314.6612,2.414769,335.6492,20.5526,359.7881,15.98538,-1
314.6602,2.417455,335.6506,23.42113,0.3528055,21.87042,-1
314.66,2.41771,335.6509,22.90808,359.7334,22.31618,-1
314.6602,2.417297,335.6509,22.95264,359.456,21.45872,-1
314.6606,2.416426,335.6498,21.39293,0.1234279,19.42507,-1
314.6624,2.408899,335.6457,13.46155,1.590692,4.388785,-1
314.6624,2.406988,335.6445,10.95357,2.836241,0.8596185,-1
314.6624,2.405948,335.6445,10.95703,2.455617,358.963,-1
314.6624,2.405875,335.646,3.697726,359.9689,358.8489,-1
314.6623,2.406318,335.6487,3.213123,355.1079,359.6425,-1
314.6622,2.405966,335.6496,4.355688,353.5897,359.0107,-1
314.6624,2.40553,335.6469,5.610077,358.324,358.224,-1
137.0016,2.405463,240.8064,6.013345,2.546802,358.1016,-1
137.0014,2.405634,240.8037,7.263176,7.225029,358.4062,-1
136.9982,2.404765,240.7935,5.048778,26.54391,356.8494,-1
136.9949,2.404751,240.7883,3.121656,37.68158,356.8316,-1
136.989,2.404204,240.7825,2.87251,52.46234,355.8497,-1
136.9903,2.404919,240.7834,1.813636,49.76655,357.1355,-1
136.9919,2.405283,240.7849,2.368233,45.79295,357.788,-1
136.9941,2.404806,240.7872,1.728454,40.15432,356.9344,-1
136.9962,2.406912,240.7899,0.7664188,34.15895,0.707979,-1
136.997,2.407281,240.7913,2.856961,31.36279,1.370115,-1
136.997,2.406819,240.7913,3.152583,31.25147,0.5415395,-1
136.9973,2.406897,240.7917,3.263132,30.34952,0.6808197,-1
136.9697,1.031517,240.8079,0,0,0,exit0
136.9978,2.407688,240.7927,6.076745,28.49833,2.10981,-1
138.2889,2.407755,243.1724,6.27464,28.22764,3.207008,-1
139.9182,2.408235,246.2,5.47743,28.31019,3.0911,-1
141.7785,2.408768,249.7426,3.602511,27.26063,4.042115,-1
143.4556,2.404037,252.979,3.214589,27.58724,2.939265,-1
145.2807,2.407713,256.4518,2.178377,27.79547,2.143293,-1
147.0337,2.407405,259.7464,358.606,28.60228,1.59043,-1
148.7878,2.407357,263.0031,354.6775,28.2833,1.511557,-1
150.7338,2.407545,266.4081,352.6847,38.54998,1.855607,-1
153.125,2.407314,269.2253,350.8534,42.02464,1.444997,-1
155.5186,2.407954,271.9573,353.423,38.08317,2.591368,-1
157.667,2.406256,274.8769,357.5448,32.86073,3.52028,-1
159.644,2.408031,277.9841,359.4637,31.18644,2.712184,-1
161.5826,2.407384,281.1603,1.14825,32.88832,1.552902,-1
163.6098,2.401662,284.2364,3.72968,34.19711,1.333962,-1
165.9269,2.40749,287.6443,5.748518,34.47988,1.751761,-1
168.218,2.407356,290.964,5.932945,34.57893,1.510437,-1
170.4047,2.406776,294.1613,6.402544,34.72115,0.4666788,-1
172.6932,2.406468,297.4673,6.127157,34.59213,359.9124,-1
175.01,2.403475,300.8173,5.274238,34.4208,359.8098,-1
177.0746,2.406477,303.8344,4.870497,34.21173,359.9282,-1
179.161,2.406633,306.9284,4.805835,33.78115,0.2081107,-1
181.1622,2.406591,309.9144,4.557645,33.92678,0.1326611,-1
183.2346,2.40657,313.0095,4.428664,33.81334,0.09503196,-1
185.2488,2.406384,316.0033,3.922524,34.29368,359.7619,-1
187.3088,2.406114,318.9652,3.864609,35.94272,359.2768,-1
189.4164,2.405786,321.838,4.637582,37.36512,358.6865,-1
191.7597,2.405739,324.8834,7.718082,37.53541,358.5935,-1
192.8806,2.405977,326.3356,8.349908,40.44168,359.0218,-1
192.8801,2.404677,326.3384,4.997691,58.21236,356.6908,-1
192.8631,2.404116,326.3337,4.329392,90.08916,355.6841,-1
192.853,2.404295,326.3354,5.86831,108.4863,355.9981,-1
192.8484,2.403806,326.3375,6.055874,117.3957,355.1133,-1
192.8634,1.031517,326.3656,0,0,0,enter1
192.8467,2.402822,326.3386,6.749113,120.9118,353.3237,-1
192.8462,2.403879,326.3387,6.923107,122.0042,355.2374,-1
192.8442,2.407144,326.34,11.21091,127.071,1.143633,-1
192.8452,2.408242,326.3393,13.08125,125.3075,3.172287,-1
192.8463,2.408291,326.3386,11.79558,122.9432,3.246058,-1
192.8472,2.408772,326.3381,9.782334,121.1207,4.099407,-1
192.8474,2.407684,326.338,7.992652,120.3449,2.111241,-1
192.8474,2.40715,326.3379,7.492707,120.1301,1.142808,-1
192.8487,2.407047,326.3372,8.52267,117.403,0.959915,-1
192.8487,2.407276,326.3372,9.08181,117.5983,1.376528,-1
192.8487,2.407743,326.3372,10.21774,117.7538,2.231173,-1
192.8485,2.407886,326.3373,11.06251,118.2555,2.498878,-1
192.8464,2.407342,326.3385,10.52533,122.3723,1.502228,-1
192.8634,1.031517,326.3656,0,0,0,exit1
194.864,2.407254,325.08,10.46148,121.4143,1.342492,-1
197.7406,2.407279,323.0846,9.016969,131.4447,1.382438,-1
200.8073,2.406785,320.621,10.042,121.8077,0.4883228,-1
203.6712,2.406814,318.8979,9.765411,120.3553,0.5527109,-1
206.4409,2.406771,317.174,9.122786,129.3217,0.4603644,-1
209.4173,2.404916,314.9371,8.865078,124.0607,0.3340222,-1
212.4321,2.406418,313.0233,7.626223,119.779,0.08643907,-1
215.6589,2.406582,311.1859,6.25857,119.4602,0.1169656,-1
218.9401,2.406503,309.2785,5.938659,120.6968,359.9743,-1
222.1095,2.406435,307.4054,5.844974,119.9878,359.8525,-1
225.6775,2.406498,305.3671,5.855525,119.4494,359.9662,-1
228.8266,2.406379,303.5881,6.126148,121.6905,359.7507,-1
232.0802,2.39836,301.5324,5.965354,122.1718,359.7897,-1
235.3067,2.406328,299.5352,6.364204,120.839,359.6601,-1
238.4038,2.406318,297.7301,6.745363,118.0662,359.6408,-1
239.7212,2.405429,297.0257,4.941862,117.6994,358.0446,-1
240.603,2.405119,296.5628,3.073711,117.6121,357.4925,-1
242.1599,2.405339,295.7369,5.299893,120.1326,357.881,-1
243.0849,1.031517,295.2327,0,0,0,enter2
243.3582,2.406119,295.0269,8.707461,122.4244,359.2795,-1
243.3642,2.405511,295.0242,7.799395,134.377,358.1816,-1
243.3589,2.403735,295.0314,4.789481,150.2845,354.9949,-1
243.3549,2.403215,295.0481,4.65016,181.5157,354.057,-1
243.3576,2.402705,295.0597,6.794735,202.7961,353.1097,-1
243.3592,2.401772,295.0626,6.097206,208.6943,351.425,-1
243.3596,2.400688,295.063,6.26383,209.3656,349.4406,-1
243.3615,2.402181,295.0663,7.000167,216.4866,352.1543,-1
243.3657,2.40379,295.071,5.86301,228.3748,355.0851,-1
243.3726,2.404629,295.0757,4.224146,243.5394,356.6074,-1
243.3759,2.404126,295.077,6.052253,249.8467,355.6909,-1
243.3775,2.404053,295.0775,6.505794,252.7451,355.555,-1
243.3867,1.031517,295.047,0,0,0,exit2
243.3745,2.404525,295.0765,7.555953,247.1508,356.3996,-1
243.3609,2.404678,295.0659,8.123866,215.7023,356.672,-1
243.3602,2.40514,295.0649,7.458975,213.7938,357.512,-1
243.3594,2.406274,295.0637,6.665152,211.4906,359.5626,-1
243.3592,2.40578,295.0634,6.412589,210.6375,358.6719,-1
242.1812,2.405426,293.1093,6.37887,213.0807,358.7874,-1
240.2022,2.406174,290.2737,4.382516,219.8822,359.385,-1
238.9777,2.406107,288.7637,3.114535,214.3491,359.2646,-1
237.6308,2.407937,286.7625,3.199463,213.2527,2.546451,-1
236.0654,2.408497,284.4366,355.9838,214.6559,3.555733,-1
234.2295,2.408015,281.7659,355.0281,214.2055,2.693738,-1
232.5392,2.407402,279.3093,359.3485,214.3139,1.584438,-1
231.0605,2.404753,277.0691,3.851075,212.8735,0.741674,-1
229.4242,2.407168,274.5391,4.518066,212.6767,1.168547,-1
227.8796,2.407591,272.14,6.434259,213.0222,1.936101,-1
226.2081,2.407918,269.5017,6.572114,211.9895,2.526167,-1
224.3554,2.406891,266.5964,6.672769,212.5609,0.6739892,-1
222.5583,2.406514,263.7929,5.757249,212.8509,-0.005319053,-1
220.7004,2.405788,260.9419,5.421429,214.324,359.6965,-1
218.7473,2.406388,258.3786,5.16535,222.0047,0.5720264,-1
216.6287,2.406138,255.8981,3.468219,214.9412,0.06978979,-1
214.8399,2.405733,253.303,3.703253,213.2079,359.5376,-1
213.107,2.40594,250.7905,4.677563,216.4805,358.9637,-1
211.6506,2.405689,248.7848,5.169699,214.6264,358.5108,-1
210.4748,2.405789,247.0485,6.601577,212.6241,358.6879,-1
209.8152,2.405528,246.0121,6.217835,212.3382,358.5763,-1
209.0649,2.405484,244.8787,5.551152,217.1264,358.1416,-1
208.1059,2.40594,243.6439,5.763918,221.6867,358.9615,-1
207.4995,2.406922,242.9605,6.47313,211.5108,0.7299276,-1
207.4509,2.407218,242.8735,4.923051,195.672,1.260746,-1
207.4254,2.406776,242.7861,4.608537,196.9606,0.4658143,-1
206.8443,2.40613,240.7741,6.77446,195.8267,359.3015,-1
205.8082,2.405657,237.5359,8.364089,207.136,358.4439,-1
204.8149,2.405402,235.7176,8.769324,216.5251,357.9796,-1
204.7744,1.031517,235.6033,0,0,0,enter0
