*Subject
15
*Layout
0
*Condition
False,False,False
*Marks
228.5574,0,331.0236
262.1351,0,247.5219
213.9268,0,228.1363
*Path
x,y,z,flag
312.0267,2.404415,214.3834,14.81194,113.3449,356.8869,-1
312.0359,2.404548,214.3796,13.27595,113.9297,356.6015,-1
312.0359,2.404572,214.3796,9.075529,114.0876,356.6936,-1
312.0358,2.404331,214.3797,7.144311,114.4194,356.2743,-1
312.0354,2.403744,214.3799,6.481444,115.1602,355.2186,-1
312.0361,2.403784,214.3796,6.884833,113.657,355.2869,-1
312.0352,2.403337,214.38,7.974585,115.3092,354.4631,-1
312.0338,2.402637,214.3809,7.861226,118.1508,353.1934,-1
312.033,2.402016,214.3814,7.598892,119.7159,352.0651,-1
312.0338,2.40265,214.3809,7.698831,118.289,353.2191,-1
312.0334,2.402667,214.3811,8.061448,119.0276,353.2432,-1
312.0337,2.402707,214.3809,8.093008,118.359,353.3157,-1
312.0337,2.402793,214.3809,8.158346,118.3336,353.472,-1
312.0337,2.402647,214.381,7.884364,118.4163,353.2101,-1
312.0336,2.402789,214.381,8.493473,118.5519,353.4596,-1
312.0295,2.39831,214.3848,12.72558,126.1959,344.9906,-1
312.0289,2.398109,214.3853,12.8462,127.5571,344.5998,-1
312.0285,2.397285,214.3861,12.76458,128.7468,343.03,-1
312.0283,2.398577,214.3857,10.23551,129.7099,345.6263,-1
312.0295,2.399312,214.3844,7.422719,127.3787,347.1046,-1
312.0299,2.401668,214.3836,5.211114,126.9226,351.4716,-1
312.0333,2.404717,214.381,6.756756,119.5836,356.9744,-1
312.0346,2.406027,214.3802,7.15633,117.1908,359.3365,-1
312.0334,2.406786,214.3808,4.056543,119.5952,0.7036541,-1
312.0342,2.407295,214.3804,4.214504,118.2409,1.617877,-1
312.0342,2.406776,214.3804,4.798098,117.9736,0.6854308,-1
312.0339,2.406079,214.3806,6.208088,118.5475,359.4315,-1
312.0338,2.405759,214.3806,7.937562,118.6403,358.8512,-1
312.0337,2.405545,214.3807,8.817807,118.8236,358.4614,-1
312.0336,2.405313,214.3808,8.766132,119.0295,358.041,-1
312.0334,2.404903,214.3809,9.562125,119.2496,357.2917,-1
312.0337,2.404839,214.3807,9.990882,118.567,357.1716,-1
312.0336,2.40497,214.3808,10.22946,118.8074,357.4073,-1
312.0336,2.40509,214.3808,9.916952,118.8683,357.6278,-1
312.0336,2.405084,214.3808,9.651979,118.9928,357.6189,-1
312.0336,2.405119,214.3808,9.826486,118.9167,357.6815,-1
312.0336,2.405102,214.3808,9.454707,118.9163,357.6534,-1
312.0336,2.404959,214.3807,9.381632,118.7918,357.3941,-1
312.0336,2.404812,214.3808,8.409395,118.8972,357.1352,-1
228.5418,2.403306,330.9956,8.543756,118.6384,357.3438,-1
228.5422,2.403288,330.9954,8.462631,117.9369,357.3118,-1
228.5387,2.403575,330.9976,7.945617,125.3278,357.8344,-1
228.531,2.40493,331.0054,6.731471,145.3895,0.2832695,-1
228.5283,2.405201,331.0101,8.78389,155.2172,0.7776126,-1
228.5274,2.404323,331.0123,8.480215,159.3249,359.1857,-1
228.5276,2.404159,331.0117,8.855928,158.1163,358.889,-1
228.528,2.403866,331.0108,7.230106,156.2067,358.364,-1
228.5283,2.402734,331.0102,6.821662,154.8893,356.3218,-1
228.5278,2.402408,331.0114,7.580131,157.098,355.725,-1
228.5282,2.403214,331.0104,9.046802,155.2874,357.1723,-1
228.5285,2.403005,331.0097,9.093161,153.8688,356.7939,-1
228.5574,1.029772,331.0236,0,15.00002,0,exit0
228.5297,2.402868,331.0075,10.07919,153.8854,356.7099,-1
228.6593,2.40419,330.7401,11.18507,154.2706,355.7479,-1
229.2031,2.403828,329.6281,12.74024,153.7844,355.0581,-1
230.2229,2.403759,327.4989,14.82406,155.9523,354.8855,-1
231.4891,2.398252,324.5922,14.93164,157.2501,354.735,-1
232.8165,2.40372,321.4569,15.20006,156.934,354.8041,-1
234.231,2.404066,318.0886,15.79883,157.2051,355.4348,-1
235.7578,2.401967,314.4882,15.91101,156.8239,355.6502,-1
237.3709,2.394926,310.7114,16.02851,156.8969,355.675,-1
239.1187,2.397779,306.6305,15.19178,156.1105,355.4644,-1
240.9648,2.403951,302.4309,13.07069,156.4016,355.2782,-1
242.8131,2.404212,298.2893,12.3857,155.6113,355.7707,-1
244.6452,2.404308,294.1795,11.58797,156.3767,355.9597,-1
246.4621,2.403894,289.9569,8.808876,157.8009,355.2426,-1
248.2099,2.404001,285.7225,9.889744,157.3298,355.4231,-1
249.9485,2.40394,281.5571,9.883194,156.8121,355.311,-1
251.7076,2.398929,277.4031,10.34271,157.1998,355.4973,-1
253.4343,2.403945,273.2682,11.20128,157.5821,355.3009,-1
255.2018,2.402838,268.9391,11.6825,158.4578,355.2761,-1
256.863,2.400822,264.6416,12.47583,160.3803,355.6174,-1
258.3683,2.40406,260.3306,12.81278,161.0497,355.4836,-1
259.7778,2.402203,256.1566,12.84554,161.7868,355.4269,-1
261.0248,2.403867,252.4864,13.13767,160.1795,355.1219,-1
262.4207,2.403484,248.7006,12.677,157.6287,354.4254,-1
262.8338,2.401985,247.6668,10.77729,161.1389,351.7108,-1
262.8356,2.402912,247.6627,10.7304,166.1792,353.4164,-1
262.8351,2.401712,247.6669,10.28147,173.5914,351.2216,-1
262.835,2.401931,247.6705,9.093785,180.318,351.654,-1
262.8349,2.40327,247.6715,8.093549,182.6427,354.1172,-1
262.836,2.403805,247.6782,8.897946,194.8824,355.0798,-1
262.8354,2.403961,247.6766,9.099993,207.4974,355.3593,-1
262.8391,2.403991,247.6815,7.954093,219.7055,355.4288,-1
262.8438,2.403956,247.686,7.725261,231.5258,355.3685,-1
262.8456,2.404659,247.6873,7.565894,235.652,356.6421,-1
262.8634,1.031517,247.6608,0,15.00002,0,enter1
262.8494,2.405528,247.6896,7.462137,243.9585,358.2135,-1
262.8499,2.405818,247.6898,6.520215,244.9644,358.7404,-1
262.8514,2.403432,247.6903,8.354225,247.0523,354.4082,-1
262.8505,2.403701,247.69,8.069539,245.4678,354.9009,-1
262.8518,2.402745,247.6904,7.944424,247.6735,353.1644,-1
262.8504,2.403358,247.6899,9.435303,244.9779,354.2571,-1
262.8493,2.403727,247.6894,9.262169,242.9257,354.9322,-1
262.8494,2.404246,247.6895,9.197121,243.4602,355.8774,-1
262.8488,2.404648,247.6892,10.30135,242.1272,356.5967,-1
262.848,2.404489,247.6888,10.82328,240.4627,356.2998,-1
262.8484,2.404734,247.689,11.48944,241.3844,356.7414,-1
262.8474,2.405027,247.6885,12.0617,239.3791,357.2701,-1
262.8634,1.031517,247.6608,0,15.00002,0,exit1
262.5665,2.405025,247.5271,12.00644,240.1821,357.267,-1
261.6143,2.406229,246.9714,11.92259,238.4185,359.4724,-1
260.509,2.406607,246.2961,12.11358,238.7968,0.1647776,-1
259.207,2.406646,245.5073,12.68734,238.7167,0.2357635,-1
257.7074,2.406801,244.6122,13.34197,239.3543,0.5232019,-1
255.98,2.406361,243.6083,13.46005,240.7356,359.7126,-1
253.7852,2.406363,242.3788,14.28006,240.4774,359.715,-1
251.4111,2.406187,241.0294,14.44077,241.1699,359.3896,-1
248.7274,2.406138,239.5596,14.99229,241.5203,359.2971,-1
246.0854,2.406065,238.1236,15.45795,241.6349,359.2436,-1
243.3165,2.400202,236.634,15.49396,242.1301,359.6111,-1
240.2287,2.407177,235.0753,15.83789,244.2924,1.359233,-1
237.1799,2.406983,233.651,15.72782,246.5517,0.8661288,-1
234.0523,2.406488,232.3483,15.15499,249.617,359.9465,-1
230.9421,2.405602,231.2525,15.23436,253.0657,358.3013,-1
227.8824,2.405041,230.3253,15.13231,253.8131,357.2609,-1
225.5692,2.404415,229.6587,14.68118,255.1219,356.1058,-1
223.525,2.404407,229.1396,15.9564,256.838,356.0671,-1
220.7542,2.400733,228.5186,16.6457,257.4196,355.3352,-1
218.0428,2.402022,227.9002,16.74125,256.2404,354.3144,-1
216.2447,2.403015,227.4554,15.85382,256.3106,353.4678,-1
216.0819,1.031517,227.3826,0,15.00002,0,enter2
216.0739,2.40197,227.4131,13.48082,257.8605,351.5974,-1
216.0785,2.400805,227.4134,11.23196,266.7322,349.5149,-1
216.0851,2.401439,227.4129,11.43148,279.0425,350.6833,-1
216.0908,2.403278,227.4115,11.34503,290.3644,354.0749,-1
216.0957,2.403659,227.4092,10.96415,300.2544,354.781,-1
216.0981,2.403883,227.4076,11.09641,305.5237,355.1887,-1
216.1016,2.404457,227.4046,10.87627,314.1271,356.2405,-1
216.1036,2.404298,227.4024,10.06929,319.4512,355.9613,-1
216.1056,2.404467,227.3997,10.43464,325.4325,356.2656,-1
216.1069,2.405597,227.3978,10.28916,329.9839,358.3261,-1
216.1075,2.405853,227.3968,10.15991,332.1637,358.7927,-1
216.1082,2.404772,227.3952,9.058812,334.9249,356.8349,-1
216.0791,1.031517,227.3819,0,15.00002,0,exit2
216.1081,2.40507,227.3954,10.23667,334.5689,357.3656,-1
216.1086,2.404199,227.3942,10.5467,336.5415,355.7746,-1
216.1081,2.403883,227.3952,10.93669,334.4651,355.1902,-1
215.9129,2.399669,227.8009,12.20664,333.8896,354.9023,-1
215.2318,2.403822,229.1985,14.15171,334.2381,355.0182,-1
213.7995,2.403882,232.1773,14.40584,335.2553,355.1224,-1
212.3766,2.403962,235.2768,14.06127,335.6089,355.2787,-1
210.995,2.401522,238.3316,14.15235,336.0928,354.9117,-1
209.5686,2.403589,241.5668,14.47517,336.5033,354.5773,-1
208.0536,2.403033,245.1277,15.07824,337.7485,354.0076,-1
206.4771,2.403289,249.0211,15.43952,338.5175,353.9932,-1
204.9867,2.403163,252.8401,15.55256,339.3362,354.1903,-1
203.5204,2.403481,256.7268,15.6027,339.3951,354.3458,-1
201.9503,2.403512,260.9071,15.77319,339.4182,354.4011,-1
200.3694,2.403445,265.1338,15.97616,339.773,354.2698,-1
198.752,2.403422,269.517,16.0713,339.589,354.2227,-1
197.1904,2.403489,273.7303,16.06608,339.6276,354.3486,-1
195.6665,2.403518,277.8228,16.21332,339.3076,354.3983,-1
194.0432,2.403542,282.1412,16.50395,339.5898,354.4347,-1
192.4836,2.398503,286.3053,16.5068,339.3122,354.4053,-1
190.9065,2.402767,290.5352,16.73405,340.0184,354.438,-1
189.3638,2.403625,294.7835,17.20363,340.4467,354.5706,-1
187.8458,2.403484,299.1208,17.31611,341.8394,354.3029,-1
186.4434,2.403066,303.506,17.8291,344.1894,353.4944,-1
185.2381,2.403237,307.7775,17.74969,344.0268,353.821,-1
183.9949,2.403231,312.1171,17.93909,344.1516,353.8031,-1
182.7402,2.394704,316.477,17.79046,343.4192,353.9116,-1
181.4842,2.403073,320.7378,17.85853,343.6552,353.5078,-1
180.1948,2.403066,325.0775,18.53097,342.8674,353.4686,-1
178.8867,2.393999,329.385,17.1377,344.1601,352.7648,-1
178.2506,1.031517,331.5492,0,15.00002,0,enter0
