*Subject
3
*Layout
2
*Condition
True,True,False
*Marks
197.2242,0,322.2012
299.7383,0,339.2511
263.2444,0,241.9473
*Path
x,y,z,flag
199.1072,2.404315,159.3571,3.556479,237.8449,356.0452,-1
199.0998,2.404561,159.3524,4.023516,238.1571,356.4869,-1
199.0995,2.404773,159.3522,4.805889,237.4184,356.8643,-1
199.101,2.405404,159.3531,2.896072,240.6344,358.0039,-1
199.1019,2.405122,159.3535,3.827127,242.3909,357.4955,-1
199.1048,2.405811,159.3549,4.318581,248.2487,358.7323,-1
199.108,2.40615,159.356,3.047832,254.3681,359.3419,-1
199.113,2.406209,159.357,3.510384,263.4822,359.4479,-1
199.1152,2.406095,159.3571,2.818271,267.5217,359.243,-1
199.1124,2.405852,159.3569,1.904989,262.5008,358.8079,-1
199.1065,2.406237,159.3555,2.862913,251.6226,359.4977,-1
199.098,2.403435,159.351,350.822,235.179,354.4004,-1
199.0924,2.40424,159.346,353.481,221.2722,355.8923,-1
199.0918,2.403836,159.3452,353.2284,219.4063,355.1594,-1
199.0937,2.404749,159.3474,356.3213,224.431,356.8265,-1
199.0936,2.405236,159.3474,356.0859,224.1174,357.7008,-1
199.0933,2.404967,159.347,354.8553,223.4066,357.2128,-1
199.0935,2.405969,159.3473,353.4331,223.7986,359.0124,-1
199.0935,2.406454,159.3473,357.7033,223.8022,359.8866,-1
199.0935,2.406374,159.3473,359.3189,223.8684,359.7443,-1
199.0935,2.405904,159.3473,0.06146374,223.8004,358.903,-1
199.0928,2.405627,159.3466,2.854293,221.9215,358.4038,-1
199.0931,2.405831,159.3469,5.665369,222.7408,358.7656,-1
199.0943,2.406222,159.3481,1.897695,225.7183,359.4721,-1
199.0938,2.405518,159.3476,1.770656,224.4875,358.2097,-1
199.094,2.405625,159.3478,3.40798,224.9384,358.3993,-1
199.0943,2.405664,159.3481,4.673489,225.5627,358.4675,-1
199.0938,2.405878,159.3476,3.932382,224.4013,358.8533,-1
199.0939,2.40569,159.3478,4.393624,224.8277,358.5153,-1
199.0938,2.405589,159.3477,4.443029,224.5351,358.3321,-1
197.2014,2.405527,322.2237,4.258972,224.6489,358.2223,-1
197.2016,2.405633,322.2238,4.691748,224.9058,358.412,-1
197.2011,2.405508,322.2233,3.554821,223.7642,358.1903,-1
197.1955,2.4061,322.2155,4.011432,206.4555,359.2513,-1
197.2123,2.40598,322.2309,4.555821,248.2493,359.0346,-1
197.2298,2.404792,322.2326,6.243083,279.8223,356.8922,-1
197.2416,2.403836,322.2278,6.050634,302.7412,355.1673,-1
197.2482,2.40522,322.2222,5.28701,318.6736,357.6674,-1
197.2513,2.404735,322.2181,6.193808,327.7013,356.7888,-1
197.2545,2.404753,322.2112,6.3756,341.3198,356.8203,-1
197.2554,2.403672,322.1949,7.22206,10.75883,354.8589,-1
197.2519,2.404422,322.1853,8.05446,29.24475,356.2081,-1
197.2242,1.031517,322.2012,0,330,0,exit0
197.2019,2.402928,322.2151,6.818624,42.73631,356.5978,-1
197.1786,2.399367,322.2306,7.750945,49.45375,355.6124,-1
197.164,2.394814,322.2449,8.37534,53.01328,353.1154,-1
197.1503,2.404635,322.2599,7.297808,56.47658,357.4019,-1
197.1429,2.405291,322.2563,1.652409,71.53152,358.5979,-1
197.1429,2.405291,322.2563,1.652409,71.53152,358.5979,-1
197.1429,2.405291,322.2563,1.652409,71.53152,358.5979,-1
197.1532,2.404451,322.2621,359.0704,50.31961,357.0937,-1
197.1445,2.405484,322.2569,359.761,68.52734,358.9447,-1
197.14,2.406515,322.2555,0.5635609,76.85152,0.7900259,-1
197.1369,2.405702,322.2549,357.6745,82.55125,359.3345,-1
197.1368,2.405715,322.2549,359.7473,82.70782,359.3591,-1
197.1368,2.405169,322.2549,0.6267157,82.79258,358.3796,-1
199.2794,2.40246,322.5308,1.994958,82.24023,358.4384,-1
202.2607,2.405784,322.94,1.591942,81.65667,358.6863,-1
204.3898,2.404081,323.2527,0.7817507,81.44106,358.8338,-1
206.8085,2.405791,323.613,359.9713,81.72352,358.7003,-1
210.9167,2.403969,324.2215,0.3731467,81.52595,358.734,-1
215.1501,2.405567,324.8478,3.303791,81.42587,358.2957,-1
219.5339,2.405352,325.5139,3.822045,80.2031,357.9089,-1
223.2528,2.405803,326.15,4.626712,80.05975,358.8849,-1
226.9767,2.405747,326.7218,4.916085,79.77979,358.6158,-1
231.062,2.40573,327.4397,6.331784,79.86247,358.5822,-1
236.1139,2.406044,328.4892,7.891692,77.42808,359.1455,-1
241.1864,2.405706,329.5805,8.625408,78.57301,358.5321,-1
246.1322,2.403802,330.4939,8.24437,81.17775,357.153,-1
250.6018,2.405155,331.1524,9.047811,83.11111,357.5293,-1
255.2422,2.406241,331.7603,11.45018,80.36307,359.4956,-1
260.0291,2.406058,332.5664,10.23866,80.88815,359.1654,-1
264.6089,2.40611,333.3029,6.553375,80.47634,359.2661,-1
269.0164,2.398724,334.0371,5.6057,80.57224,358.8544,-1
273.4515,2.405906,334.7865,5.042437,80.10504,359.0327,-1
277.6224,2.405539,335.5011,6.296092,80.76835,358.2372,-1
281.8307,2.405588,336.1848,6.15916,80.80199,358.3272,-1
285.8401,2.405101,336.826,7.041003,79.71194,357.4444,-1
289.2943,2.404729,337.3808,7.030309,81.81889,356.7737,-1
293.5605,2.404887,337.9872,8.440881,82.16508,357.0482,-1
295.8918,2.40547,338.2945,8.758551,83.04896,358.103,-1
297.8163,2.405045,338.5199,6.816049,85.52364,357.3451,-1
299.6605,2.404684,338.5719,5.270284,98.51945,356.7019,-1
300.7242,2.403233,338.3393,1.546422,137.4784,354.1079,-1
301.8141,2.396216,336.5583,5.323005,160.2702,355.0031,-1
302.5493,2.406302,334.4908,2.020526,136.7963,359.6156,-1
303.7862,2.397115,333.4391,358.1849,133.3932,0.2667834,-1
304.3494,2.405683,332.9177,351.4814,134.5605,358.4894,-1
304.9132,2.39608,332.3927,352.6895,132.6865,358.4443,-1
304.9177,2.396973,332.3869,356.7231,130.8932,357.8948,-1
304.9139,2.397554,332.3904,1.642715,133.145,0.2275369,-1
304.2113,2.400013,333.0639,0.4235487,133.5508,359.6815,-1
303.8102,2.40571,333.4482,358.4224,133.0042,358.5539,-1
303.2413,2.405611,333.9556,355.8206,132.3553,358.3729,-1
303.1506,2.401281,334.0412,9.060005,132.8495,2.300172,-1
302.3545,2.408244,334.7325,16.27914,125.6409,3.223214,-1
302.0702,2.407565,334.9326,21.02877,124.3511,2.011045,-1
301.1509,2.407657,335.5616,20.09945,124.0711,2.17415,-1
300.4081,2.408028,336.064,21.21572,123.9574,2.9031,-1
299.6607,2.407702,336.5686,18.12317,124.4062,2.233777,-1
299.0091,2.408216,337.0469,3.723032,133.4786,3.049015,-1
298.9729,2.406412,337.0807,0.7983292,154.8154,359.8495,-1
298.9698,2.405778,337.0938,1.069357,179.2086,358.7134,-1
298.9708,2.404996,337.1018,1.889868,193.4824,357.3119,-1
298.9733,2.405003,337.1086,2.913739,206.4709,357.3217,-1
298.9759,2.405024,337.113,3.163803,215.7252,357.3596,-1
298.975,2.407996,337.1117,1.845709,213.1285,2.687795,-1
298.9924,2.40556,337.1248,2.163787,252.7143,358.322,-1
299.0007,2.404933,337.1262,3.581652,267.7395,357.1954,-1
299.0007,2.405171,337.1262,2.638774,267.7749,357.6252,-1
299.0048,2.405032,337.1261,4.168604,275.2034,357.3703,-1
299.0143,2.404682,337.1237,7.520112,292.5851,356.7221,-1
299.0115,2.404902,337.1247,4.214344,287.4375,357.1374,-1
299.0079,2.405142,337.1257,1.960953,280.7873,357.5735,-1
299.0007,2.403936,337.1262,356.3464,268.2689,355.4021,-1
298.9792,2.406775,337.1169,358.6852,224.9514,0.4988064,-1
299.0018,1.031496,337.0943,0,330,0,enter1
298.9756,2.406622,337.1126,359.0125,214.9876,0.2255129,-1
298.9742,2.406955,337.1104,357.6991,210.2528,0.822926,-1
298.9728,2.407366,337.1078,357.7351,205.0184,1.559738,-1
298.9727,2.407193,337.1075,357.7838,204.3264,1.249226,-1
298.9727,2.408322,337.1073,358.1869,203.9306,3.273577,-1
298.9721,2.407358,337.106,358.7907,201.6015,1.543324,-1
298.972,2.406134,337.1058,359.1832,201.0765,359.3523,-1
298.9738,2.405947,337.1097,358.56,208.8686,359.0165,-1
298.9897,2.405963,337.1238,5.121676,247.5359,359.0415,-1
298.98,2.408568,337.1176,0.5574949,226.8797,3.713397,-1
298.9757,2.407645,337.1127,359.6704,215.2345,2.057618,-1
298.9749,2.40778,337.1115,359.8954,212.6292,2.299066,-1
298.9736,2.407378,337.1094,359.2649,208.2331,1.580574,-1
299.0018,1.031496,337.0943,0,330,0,exit1
297.5267,2.406157,334.2597,358.687,205.7678,359.3555,-1
295.307,2.408986,329.4393,0.5002107,199.7987,4.424646,-1
293.7628,2.410208,324.6916,0.6441857,195.6046,6.624552,-1
292.2842,2.407716,319.5186,0.4184838,197.0611,2.147656,-1
290.8612,2.406195,314.9355,0.04056392,197.7818,359.4228,-1
289.4102,2.405478,310.4352,359.8214,198.4409,358.1388,-1
287.9874,2.405055,306.2074,359.8079,199.1904,357.3817,-1
286.4657,2.40458,301.9883,0.2631181,200.9993,356.5303,-1
284.9264,2.406399,297.83,359.7155,199.5456,359.7881,-1
283.4047,2.405858,293.6525,359.556,200.6824,358.8194,-1
281.8285,2.405681,289.4846,359.3613,200.763,358.5033,-1
280.1646,2.405689,285.0966,359.3254,200.6997,358.5734,-1
278.4654,2.405629,280.6235,358.9649,201.0101,358.4089,-1
276.8794,2.40535,276.5029,358.9796,201.5905,357.9099,-1
275.2162,2.400134,272.4268,358.9214,203.0896,357.2892,-1
273.4947,2.397433,268.4018,358.957,203.2965,357.2574,-1
271.7553,2.40511,264.353,358.6187,203.0747,357.4799,-1
269.9338,2.40506,260.0718,357.8086,203.0686,357.3876,-1
268.2392,2.405073,256.0893,357.5919,203.1533,357.4106,-1
266.6496,2.398823,252.2075,355.3991,200.7362,357.1666,-1
265.0105,2.405164,247.8975,355.4642,201.4093,357.5698,-1
263.6625,2.404593,244.2901,354.2154,199.8428,357.3111,-1
263.1291,2.40573,243.0259,354.8584,198.2031,358.5855,-1
262.9879,1.031517,243.018,0,330,0,enter2
262.9563,2.406268,243.0281,354.6015,198.4542,359.5517,-1
262.9572,2.405562,243.0319,356.141,205.9208,358.2853,-1
262.9613,2.407392,243.0383,1.310696,219.5861,1.566615,-1
262.9756,2.405576,243.0482,1.161441,250.9185,358.3152,-1
262.9883,2.405952,243.0499,359.8554,274.0826,358.9894,-1
262.9999,2.406156,243.0468,359.9834,295.8768,359.3529,-1
263.0065,2.406223,243.0425,358.7529,309.9727,359.4738,-1
263.0101,2.404847,243.0389,358.3374,319.111,357.0077,-1
263.0121,2.40448,243.0363,358.9283,324.9708,356.3506,-1
263.0129,2.406723,243.0352,359.7218,327.4118,0.3694914,-1
263.0156,2.406395,243.0302,1.158354,337.4726,359.7811,-1
263.0158,2.406237,243.0297,2.859351,338.5537,359.497,-1
263.0161,2.405125,243.0288,2.428337,340.034,357.5046,-1
262.986,1.031517,243.018,0,330,0,exit2
263.0167,2.405311,243.0268,2.666382,343.9541,357.8372,-1
262.946,2.398543,243.255,2.205596,342.1531,357.6154,-1
261.4409,2.405334,247.9066,3.650042,341.8984,357.8771,-1
260.2438,2.404242,251.596,4.481784,341.9822,355.9106,-1
259.1892,2.402035,254.9033,6.031649,343.0062,352.1493,-1
258.1345,2.400365,258.4108,6.980855,343.2069,348.8322,-1
257.1577,2.399225,261.8532,9.010712,345.9243,346.6608,-1
256.5362,2.399179,264.3431,10.45534,346.0026,346.8444,-1
255.5365,2.399993,268.2528,10.98027,344.2068,349.8204,-1
254.5322,2.401756,271.7972,10.01222,344.3075,351.3112,-1
253.7075,2.401865,274.6922,7.542583,343.67,351.5675,-1
252.724,2.401811,278.0872,8.477169,344.1337,351.4489,-1
251.8066,2.402634,281.0712,8.15417,341.7932,352.9589,-1
250.2607,2.40303,285.7914,10.56055,341.8971,353.6366,-1
248.7278,2.402946,290.2971,11.74993,340.7387,353.4542,-1
247.2133,2.402877,294.696,12.10516,341.3459,353.3199,-1
245.8039,2.396421,298.9179,12.23344,342.0819,353.5141,-1
244.458,2.402585,303.0489,12.07997,342.313,353.106,-1
243.1284,2.402927,307.2113,11.94244,342.3135,353.4155,-1
241.8365,2.403097,311.3473,11.85551,343.0098,353.7314,-1
240.6434,2.403711,315.2402,13.58566,342.6494,354.8249,-1
239.1029,2.399794,320.2262,13.01667,342.8018,355.176,-1
237.452,2.403986,325.574,12.5238,342.6461,355.3521,-1
235.7025,2.403904,331.1808,12.51021,342.6658,355.2031,-1
234.0979,2.403713,336.2705,11.79974,342.3272,354.8632,-1
232.4541,2.403406,341.4247,10.31518,341.8541,354.334,-1
230.7962,2.404468,346.3717,8.585385,341.4477,356.287,-1
229.1223,2.404082,351.3698,5.380052,341.4485,355.6161,-1
227.4933,2.403707,356.222,4.599596,341.6015,354.9459,-1
226.1593,2.403667,360.1434,2.657142,340.7574,354.8846,-1
224.5844,2.403341,364.6769,0.135795,340.8552,354.3035,-1
223.5656,2.404215,367.5194,1.474838,338.7961,355.8733,-1
222.3425,2.40448,370.666,357.7455,337.8601,356.3484,-1
221.886,2.405091,371.7968,358.6932,338.1402,357.4448,-1
221.8539,1.031517,371.7909,0,330,0,enter0
