*Subject
15
*Layout
4
*Condition
False,True,True
*Marks
331.0418,0,339.634
250.818,0,298.8401
274.3698,0,252.5242
*Path
x,y,z,flag
174.5071,2.403354,336.3991,10.65678,328.7839,354.227,-1
174.5086,2.402009,336.3956,10.70007,335.1872,351.7578,-1
174.5098,2.404285,336.3933,10.17258,340.6725,355.9372,-1
174.5094,2.404507,336.3944,8.653583,338.7218,356.3568,-1
174.509,2.404406,336.3953,5.301669,337.1376,356.202,-1
174.5083,2.40448,336.397,3.233961,334.042,356.3448,-1
174.5074,2.403385,336.3984,5.753985,330.6901,354.3542,-1
174.507,2.403927,336.3994,6.583435,328.7695,355.3265,-1
174.5061,2.404876,336.4008,5.22286,325.9597,357.0487,-1
174.5061,2.404529,336.4008,4.647915,326.0095,356.426,-1
174.5065,2.404422,336.4002,4.874746,327.2173,356.232,-1
174.507,2.40443,336.3994,4.888821,328.8774,356.2463,-1
174.5064,2.407184,336.4005,7.273764,327.2714,1.204173,-1
174.5048,2.40753,336.4026,7.686174,322.5112,1.830434,-1
174.506,2.405997,336.4011,7.548072,325.6013,359.0609,-1
174.5063,2.405378,336.4005,6.872704,326.6567,357.9446,-1
174.5067,2.405456,336.4,6.580725,327.791,358.0879,-1
174.5067,2.403982,336.3998,8.112093,327.7854,355.4098,-1
174.5069,2.404605,336.3995,6.695323,328.5977,356.5519,-1
174.5076,2.405237,336.3984,7.673756,331.008,357.6869,-1
174.508,2.404476,336.3976,6.822039,332.6336,356.317,-1
174.5077,2.404854,336.3982,8.201211,331.4267,356.9908,-1
174.507,2.404557,336.3994,9.142171,328.6188,356.4424,-1
174.5063,2.404809,336.4006,9.047059,326.2763,356.9027,-1
174.5061,2.405318,336.4008,8.676396,325.9888,357.8274,-1
174.5065,2.404565,336.4002,8.558197,327.0141,356.4633,-1
174.5066,2.404378,336.4,8.732449,327.485,356.1215,-1
174.5066,2.404254,336.4,8.505743,327.3982,355.8993,-1
174.5068,2.403844,336.3995,7.009692,328.346,355.173,-1
174.5074,2.403434,336.3984,6.210871,330.6504,354.4386,-1
174.508,2.403697,336.3973,9.162971,332.6376,354.8781,-1
174.5082,2.403806,336.397,9.576318,333.2447,355.0708,-1
174.508,2.40389,336.3975,9.368416,332.2867,355.2264,-1
174.5079,2.403669,336.3976,8.965878,332.2021,354.8311,-1
174.5081,2.403476,336.3971,8.492682,333.0357,354.4856,-1
174.5084,2.403272,336.3965,8.579029,334.1983,354.1133,-1
174.5084,2.403322,336.3966,8.778777,334.0184,354.2022,-1
174.5084,2.403322,336.3966,8.778777,334.0184,354.2022,-1
174.5083,2.403459,336.3967,8.963194,333.9253,354.4474,-1
174.5085,2.403422,336.3964,9.233631,334.3394,354.3761,-1
174.5086,2.403426,336.396,9.58375,335.1227,354.3782,-1
174.5087,2.403418,336.3958,9.537952,335.5264,354.3633,-1
174.5089,2.403396,336.3955,9.689262,336.0769,354.3219,-1
174.5089,2.403373,336.3953,9.99217,336.5165,354.2755,-1
174.509,2.403423,336.3951,10.36582,336.9483,354.3597,-1
174.5091,2.403337,336.3949,10.4476,337.1753,354.1993,-1
174.5092,2.403145,336.3946,10.02594,337.6832,353.8575,-1
174.5089,2.403224,336.3954,10.81509,336.1833,353.9868,-1
174.5081,2.403478,336.3971,11.39022,332.8094,354.4407,-1
174.5082,2.403487,336.3969,11.90314,333.2484,354.4472,-1
174.5088,2.404186,336.3958,12.797,335.4832,355.7162,-1
174.5093,2.403906,336.3944,13.16767,338.085,355.1933,-1
174.5094,2.404072,336.3943,12.6771,338.3624,355.5078,-1
174.5094,2.404091,336.3943,13.00216,338.5286,355.5377,-1
174.5092,2.404104,336.3947,13.79051,337.6284,355.546,-1
174.5099,2.404977,336.3931,33.78598,339.9528,356.6796,-1
174.5105,2.404801,336.3908,37.05527,343.6844,356.1464,-1
174.5089,2.403447,336.3954,17.83501,335.3734,354.215,-1
174.5088,2.40419,336.3957,9.353189,335.9625,355.773,-1
174.5104,2.405784,336.3915,6.932096,344.5738,358.677,-1
174.5105,2.40729,336.391,7.365531,345.9389,1.395874,-1
174.5107,2.406873,336.3901,11.79278,347.4934,0.651261,-1
174.5107,2.407409,336.3905,17.32946,347.1253,1.673328,-1
174.511,2.410008,336.3873,21.04924,354.8946,6.713418,-1
174.5107,2.409692,336.3895,23.80444,350.9671,6.226053,-1
174.511,2.409461,336.3883,21.4527,352.5728,5.673834,-1
174.5101,2.41197,336.3907,30.08654,351.871,11.35724,-1
174.5101,2.4127,336.3901,32.37819,354.2342,13.22506,-1
174.5105,2.411975,336.3892,30.19101,354.6801,11.3803,-1
174.5103,2.412712,336.3895,20.06719,352.391,11.89509,-1
174.51,2.413482,336.3897,16.83193,351.6806,13.14327,-1
174.5103,2.413106,336.3886,20.02152,354.2433,12.65892,-1
174.5103,2.41347,336.3886,27.7403,356.4788,14.21165,-1
174.5108,2.41086,336.388,61.18975,5.500417,16.35762,-1
174.5114,2.409368,336.3842,81.73811,139.944,141.6839,-1
174.5102,2.414727,336.3871,71.50447,119.9557,126.0215,-1
174.508,2.420175,336.3883,64.50623,87.79185,97.4213,-1
174.5092,2.413414,336.3927,48.74058,356.6672,19.07748,-1
174.508,2.404953,336.3975,31.80328,331.4314,356.7021,-1
174.4998,2.409326,336.4076,12.18328,310.7251,5.151516,-1
174.4749,2.410329,336.4145,26.42144,265.0225,7.644725,-1
174.5069,2.414442,336.3976,22.63265,338.1837,15.56424,-1
174.5089,2.407342,336.3705,33.51062,24.06003,1.771767,-1
174.5103,2.405684,336.3743,38.50801,14.78135,358.0931,-1
174.5057,2.405797,336.3647,57.24916,32.95365,357.6182,-1
174.506,2.406488,336.3651,66.73367,33.99125,359.8687,-1
174.5074,2.406397,336.3675,66.40736,28.71494,359.464,-1
174.5072,2.406367,336.367,67.04056,29.57697,359.3131,-1
174.5072,2.406606,336.3671,67.99442,30.42239,0.4261563,-1
174.5073,2.406618,336.3672,68.23855,30.19428,0.4861446,-1
174.5072,2.406563,336.3671,68.78499,30.26122,0.2263916,-1
174.5072,2.406638,336.367,69.02783,30.70019,0.6031651,-1
174.5072,2.406663,336.3671,69.13925,30.75785,0.7351473,-1
174.5072,2.406738,336.3671,69.6176,31.08306,1.13352,-1
174.5073,2.40676,336.3671,70.06945,31.13844,1.27686,-1
174.5073,2.406776,336.3672,70.5018,31.04332,1.390223,-1
174.5073,2.406815,336.3672,70.66235,31.40307,1.609883,-1
174.5072,2.406826,336.367,70.70052,31.76415,1.671685,-1
174.5071,2.406846,336.3669,70.69865,32.15557,1.778815,-1
174.507,2.406857,336.3667,70.70744,32.50162,1.841381,-1
174.5069,2.406851,336.3665,70.61169,32.87837,1.802886,-1
174.5068,2.406849,336.3663,70.47015,33.28962,1.78006,-1
174.5067,2.406852,336.3661,70.34074,33.71602,1.784686,-1
174.5065,2.406856,336.3659,70.23937,34.13966,1.795975,-1
174.5064,2.406851,336.3658,70.15881,34.4793,1.76359,-1
174.5063,2.40685,336.3655,70.1442,34.87586,1.755852,-1
174.5062,2.406846,336.3654,70.08885,35.21108,1.729432,-1
174.5061,2.406852,336.3652,70.07368,35.61472,1.758259,-1
174.506,2.406871,336.3651,70.08875,36.04801,1.861803,-1
174.5059,2.406866,336.3649,70.12154,36.33314,1.835465,-1
174.5058,2.406871,336.3648,70.18055,36.61977,1.868913,-1
174.5057,2.406871,336.3647,70.26395,36.88391,1.876456,-1
174.5056,2.40687,336.3646,70.33842,37.14473,1.880777,-1
174.5055,2.406873,336.3644,70.41264,37.41988,1.903057,-1
174.5055,2.406881,336.3643,70.47588,37.69976,1.950688,-1
174.5054,2.406886,336.3642,70.56715,37.99194,1.984718,-1
174.5053,2.406887,336.3641,70.62183,38.23299,1.996,-1
174.5052,2.406904,336.364,70.7094,38.58521,2.097448,-1
174.5051,2.406915,336.3639,70.76051,38.87784,2.163168,-1
174.5052,2.406928,336.364,71.20723,38.7712,2.285209,-1
174.5057,2.407052,336.3647,72.50119,38.15524,3.185639,-1
174.5079,2.407441,336.3683,76.68427,34.4458,7.200894,-1
174.5115,2.407861,336.3835,87.02856,125.0824,125.8904,-1
174.5083,2.409649,336.3968,80.83085,116.956,142.1058,-1
174.508,2.407687,336.3976,84.65962,130.0485,156.862,-1
174.5078,2.406543,336.3981,90,331.9827,0,-1
174.5113,2.405183,336.387,77.86958,341.7397,348.5537,-1
174.5112,2.403606,336.3866,73.29587,335.9244,341.5508,-1
174.4928,2.404157,336.4121,81.66351,264.195,329.4245,-1
174.4858,2.40553,336.4145,82.92171,266.974,345.4995,-1
174.4844,2.405672,336.4147,83.93269,264.3702,345.5264,-1
174.4836,2.405859,336.4148,83.82216,266.2863,348.9866,-1
174.4833,2.40598,336.4149,83.69389,268.0466,351.2146,-1
174.4831,2.405974,336.4149,83.78461,267.5013,350.9826,-1
174.4831,2.406048,336.4149,83.71341,268.7068,352.3127,-1
174.4832,2.406057,336.4149,83.75481,268.9748,352.4059,-1
174.4833,2.406067,336.4149,83.76684,269.3471,352.5648,-1
174.4834,2.406067,336.4149,83.77489,269.6157,352.5533,-1
174.4836,2.406054,336.4148,83.81652,269.6333,352.2848,-1
174.4837,2.406069,336.4148,83.79108,270.1954,352.5656,-1
174.4839,2.406057,336.4148,83.83833,270.2101,352.3079,-1
174.4841,2.406058,336.4148,83.84668,270.4976,352.308,-1
174.4842,2.406044,336.4147,83.73133,270.7351,352.2254,-1
174.4844,2.406025,336.4147,83.64803,270.8288,352.0096,-1
174.4846,2.40601,336.4147,83.55171,271.0029,351.8807,-1
174.4847,2.406,336.4146,83.45372,271.2953,351.8567,-1
174.4849,2.405988,336.4146,83.3812,271.4939,351.7492,-1
174.4851,2.40598,336.4146,83.30344,271.7756,351.7305,-1
174.4852,2.405975,336.4146,83.2268,272.1023,351.7487,-1
174.4854,2.405969,336.4146,83.165,272.3677,351.719,-1
174.4855,2.405974,336.4145,83.09155,272.8069,351.8878,-1
174.4857,2.405968,336.4145,83.05112,273.0438,351.847,-1
174.4859,2.405967,336.4145,82.99699,273.3654,351.892,-1
174.486,2.405965,336.4144,82.95634,273.6389,351.9067,-1
174.4861,2.405961,336.4144,82.92582,273.8912,351.8863,-1
174.4863,2.405962,336.4144,82.88219,274.2285,351.9589,-1
174.4864,2.405964,336.4143,82.84689,274.557,352.0274,-1
174.4866,2.40597,336.4143,82.80685,274.9449,352.1485,-1
174.4867,2.405965,336.4143,82.80107,275.1436,352.0861,-1
174.4869,2.405967,336.4142,82.7799,275.4568,352.1391,-1
174.487,2.405969,336.4142,82.75533,275.7719,352.1967,-1
174.4872,2.40597,336.4142,82.73151,276.0773,352.2365,-1
174.4873,2.405973,336.4141,82.71854,276.386,352.2889,-1
174.4874,2.405966,336.4141,82.70771,276.5513,352.1974,-1
174.4875,2.40596,336.4141,82.7086,276.7278,352.1164,-1
174.4877,2.405971,336.414,82.67817,277.1624,352.2985,-1
174.4878,2.405967,336.414,82.66436,277.3741,352.2597,-1
174.488,2.405965,336.4139,82.64294,277.6333,352.2627,-1
174.4881,2.405963,336.4139,82.62494,277.8623,352.2522,-1
174.4882,2.40596,336.4139,82.61679,278.0712,352.2189,-1
174.4884,2.405959,336.4138,82.60225,278.3079,352.218,-1
174.4885,2.405956,336.4138,82.59816,278.5086,352.1813,-1
174.4886,2.405961,336.4138,82.57852,278.8479,352.2737,-1
174.4887,2.405962,336.4137,82.5689,279.1001,352.2936,-1
174.4889,2.405965,336.4137,82.54973,279.3882,352.3517,-1
174.489,2.405951,336.4136,82.57112,279.4114,352.1334,-1
174.4891,2.405934,336.4136,82.60126,279.3768,351.869,-1
174.4892,2.405938,336.4136,82.59096,279.6755,351.9405,-1
174.4893,2.405955,336.4135,82.54507,280.1941,352.2235,-1
174.4895,2.405958,336.4135,82.54409,280.4698,352.2567,-1
174.4896,2.405959,336.4135,82.54018,280.7269,352.2825,-1
174.4897,2.405962,336.4134,82.5375,280.9897,352.3181,-1
174.4899,2.405962,336.4134,82.54478,281.2176,352.3143,-1
174.49,2.405957,336.4133,82.55442,281.3561,352.2323,-1
174.4901,2.405954,336.4133,82.55808,281.5466,352.191,-1
174.4902,2.405955,336.4132,82.55281,281.7906,352.2059,-1
174.4903,2.405962,336.4132,82.52792,282.1417,352.3356,-1
174.4904,2.405963,336.4131,82.52525,282.3774,352.3492,-1
174.4906,2.405963,336.4131,82.52882,282.6036,352.3525,-1
174.4907,2.405963,336.4131,82.5272,282.8224,352.3556,-1
174.4908,2.405968,336.413,82.52966,283.092,352.4176,-1
174.4909,2.405964,336.413,82.53366,283.2396,352.3583,-1
174.491,2.405962,336.413,82.53235,283.4214,352.329,-1
174.4911,2.405962,336.4129,82.52746,283.6382,352.3334,-1
174.4912,2.405956,336.4129,82.53639,283.758,352.2408,-1
174.4913,2.405957,336.4128,82.53671,283.9817,352.2586,-1
174.4914,2.405956,336.4128,82.53658,284.1689,352.2472,-1
174.4915,2.405972,336.4128,82.50957,284.6001,352.4828,-1
174.4916,2.405974,336.4127,82.50606,284.8312,352.5188,-1
174.4917,2.405971,336.4127,82.51659,284.9732,352.4626,-1
174.4918,2.405974,336.4126,82.51591,285.2198,352.5176,-1
174.4919,2.405974,336.4126,82.51723,285.4082,352.5153,-1
174.492,2.405969,336.4125,82.53731,285.5047,352.4156,-1
174.4921,2.40596,336.4125,82.55993,285.54,352.2671,-1
174.4922,2.405965,336.4124,82.54044,285.8232,352.3593,-1
174.4923,2.405971,336.4124,82.52922,286.1018,352.4612,-1
174.4924,2.405973,336.4124,82.52126,286.3248,352.4998,-1
174.4925,2.405972,336.4123,82.52231,286.4762,352.4752,-1
174.4926,2.405962,336.4123,82.53203,286.5269,352.3383,-1
174.4927,2.405963,336.4123,82.52525,286.7182,352.3568,-1
174.4928,2.405965,336.4122,82.52221,286.9321,352.3889,-1
174.4929,2.405962,336.4122,82.52615,287.06,352.3421,-1
174.493,2.405965,336.4121,82.52746,287.2649,352.375,-1
174.493,2.405967,336.4121,82.5246,287.4684,352.4034,-1
174.4931,2.405967,336.412,82.52309,287.6502,352.4156,-1
174.4932,2.405968,336.412,82.52409,287.8127,352.4176,-1
174.4933,2.405967,336.412,82.52097,287.9674,352.4057,-1
174.4934,2.405968,336.4119,82.50988,288.153,352.4332,-1
174.4935,2.405966,336.4119,82.52053,288.278,352.4024,-1
174.4935,2.405965,336.4119,82.52441,288.408,352.3808,-1
174.4936,2.405967,336.4118,82.52126,288.5975,352.4102,-1
174.4937,2.405968,336.4118,82.52113,288.757,352.4199,-1
174.4938,2.405967,336.4117,82.51874,288.8955,352.4092,-1
174.4938,2.405965,336.4117,82.5126,289.0247,352.3914,-1
174.4939,2.405963,336.4117,82.52145,289.1345,352.3578,-1
174.494,2.405962,336.4116,82.51501,289.2667,352.3443,-1
174.494,2.405963,336.4116,82.51891,289.4243,352.3593,-1
174.4941,2.405967,336.4116,82.5158,289.6204,352.4132,-1
174.4942,2.405965,336.4115,82.51514,289.7301,352.3873,-1
174.4943,2.405962,336.4115,82.51403,289.8399,352.3559,-1
174.4943,2.405963,336.4114,82.50904,289.9984,352.3749,-1
174.4944,2.405963,336.4114,82.50862,290.1183,352.3639,-1
174.4944,2.405966,336.4114,82.50449,290.3048,352.4176,-1
174.4945,2.405968,336.4113,82.51221,290.4485,352.4341,-1
174.4946,2.405973,336.4113,82.49907,290.6655,352.5237,-1
174.4946,2.405976,336.4113,82.49894,290.8161,352.5549,-1
174.4947,2.405969,336.4113,82.50768,290.8332,352.4521,-1
174.4948,2.405971,336.4112,82.50349,290.984,352.4807,-1
174.4948,2.405976,336.4112,82.49387,291.1814,352.5614,-1
174.4949,2.40597,336.4112,82.50213,291.2051,352.4672,-1
174.4949,2.405972,336.4111,82.50318,291.3429,352.4923,-1
174.495,2.405976,336.4111,82.50046,291.5102,352.5524,-1
174.495,2.405974,336.4111,82.50231,291.6041,352.5336,-1
174.4951,2.405975,336.411,82.5013,291.7184,352.5427,-1
174.4951,2.405981,336.411,82.48885,291.9179,352.6431,-1
174.4952,2.405975,336.411,82.49884,291.9265,352.5517,-1
174.4952,2.405977,336.4109,82.49188,292.0547,352.5823,-1
174.4953,2.405979,336.4109,82.49062,292.1747,352.6036,-1
174.4953,2.405973,336.4109,82.5013,292.1853,352.5134,-1
174.4954,2.405973,336.4109,82.49915,292.2871,352.5257,-1
174.4954,2.405975,336.4109,82.49653,292.4032,352.5508,-1
174.4955,2.405975,336.4108,82.50132,292.4783,352.5405,-1
174.4955,2.405975,336.4108,82.50726,292.5601,352.533,-1
174.4955,2.405973,336.4108,82.50873,292.6082,352.5062,-1
174.4956,2.405975,336.4108,82.5048,292.7118,352.5333,-1
174.4956,2.405978,336.4107,82.50875,292.8406,352.578,-1
174.4957,2.405978,336.4107,82.51046,292.9278,352.5804,-1
174.4957,2.405979,336.4107,82.50459,293.0125,352.5919,-1
174.4957,2.405972,336.4107,82.51837,292.9785,352.482,-1
174.4958,2.405969,336.4106,82.51501,293.0022,352.4392,-1
174.4958,2.405975,336.4106,82.49309,293.1912,352.5526,-1
174.4958,2.405988,336.4106,82.45317,293.4677,352.7674,-1
174.4959,2.405974,336.4106,82.49016,293.315,352.5408,-1
174.4959,2.405942,336.4106,82.5795,292.8524,352.0093,-1
174.4959,2.405923,336.4106,82.63876,292.5721,351.6671,-1
174.496,2.405907,336.4106,82.65038,292.3958,351.4255,-1
174.4958,2.405924,336.4106,82.48488,292.446,351.8614,-1
174.4956,2.405987,336.4108,82.43066,292.9727,352.7829,-1
174.4956,2.405991,336.4108,82.44218,293.0363,352.8221,-1
174.4956,2.405997,336.4107,82.42609,293.1899,352.923,-1
174.4956,2.405994,336.4107,82.43592,293.1735,352.8625,-1
174.4957,2.405984,336.4107,82.46839,293.0434,352.6939,-1
174.4957,2.405967,336.4107,82.51206,292.8166,352.4261,-1
174.4957,2.405978,336.4107,82.4986,293.0094,352.5851,-1
174.4958,2.406044,336.4107,82.34953,294.1543,353.6219,-1
174.4958,2.406051,336.4106,82.32883,294.4051,353.7415,-1
174.4959,2.406026,336.4106,82.37048,294.1676,353.3611,-1
174.4959,2.406013,336.4106,82.39063,294.112,353.1729,-1
174.496,2.406012,336.4105,82.38619,294.2346,353.1516,-1
174.4961,2.406004,336.4105,82.39079,294.2663,353.0493,-1
174.4961,2.406001,336.4104,82.39246,294.3394,352.9969,-1
174.4962,2.405956,336.4104,82.47186,293.7832,352.3133,-1
174.4962,2.405953,336.4104,82.48822,293.7573,352.2474,-1
174.4962,2.405952,336.4104,82.49081,293.7777,352.2377,-1
174.4962,2.406011,336.4104,82.39099,294.694,353.1375,-1
174.4957,2.406065,336.4107,82.31804,294.3832,353.936,-1
174.4956,2.406132,336.4108,82.28688,294.9814,354.8525,-1
174.4953,2.406183,336.4109,82.24736,295.1942,355.5559,-1
174.495,2.406225,336.4111,82.17091,295.1761,356.1566,-1
174.4948,2.406252,336.4112,82.16376,295.1014,356.5233,-1
174.4948,2.406271,336.4112,82.16231,295.2912,356.7604,-1
174.4947,2.406282,336.4113,82.16476,295.1929,356.919,-1
174.4947,2.406283,336.4113,82.15367,295.1919,356.9298,-1
174.4948,2.406261,336.4112,82.17612,295.0887,356.6345,-1
174.4949,2.406231,336.4112,82.19958,294.9377,356.2287,-1
174.495,2.406208,336.4111,82.21525,294.8517,355.913,-1
174.4951,2.406194,336.411,82.22463,294.871,355.7237,-1
174.4952,2.406182,336.411,82.2355,294.8847,355.5596,-1
174.4953,2.406171,336.4109,82.24592,294.9026,355.4083,-1
174.4953,2.406165,336.4109,82.25073,294.9572,355.3231,-1
174.4954,2.406157,336.4109,82.25321,294.9761,355.2156,-1
174.4954,2.406155,336.4109,82.25276,295.0551,355.188,-1
174.4955,2.406155,336.4108,82.24331,295.127,355.1876,-1
174.4955,2.40616,336.4108,82.23754,295.2288,355.2568,-1
174.4955,2.406169,336.4108,82.22251,295.3587,355.394,-1
174.4955,2.406183,336.4108,82.20437,295.5318,355.582,-1
174.4955,2.406191,336.4108,82.18872,295.6171,355.6967,-1
174.4955,2.406202,336.4109,82.17334,295.7347,355.8567,-1
174.4954,2.406215,336.4109,82.16163,295.8663,356.0325,-1
174.4954,2.406224,336.4109,82.14877,295.9452,356.1575,-1
174.4954,2.406228,336.4109,82.13873,295.9611,356.2143,-1
174.4954,2.406238,336.4109,82.12827,296.0457,356.3472,-1
174.4953,2.406242,336.4109,82.12767,296.0611,356.4041,-1
174.4953,2.40625,336.4109,82.11578,296.1237,356.5114,-1
174.4953,2.406257,336.4109,82.10743,296.1756,356.6095,-1
174.4953,2.406262,336.4109,82.09881,296.1957,356.6744,-1
174.4952,2.406267,336.4109,82.0923,296.2076,356.7433,-1
174.4952,2.406274,336.411,82.08262,296.2537,356.8454,-1
174.4952,2.406275,336.411,82.0824,296.2011,356.853,-1
174.4952,2.406278,336.411,82.0823,296.1696,356.8867,-1
174.4951,2.406281,336.411,82.08054,296.1495,356.9255,-1
174.4951,2.406278,336.411,82.08803,296.0405,356.8879,-1
174.4951,2.406276,336.4111,82.09143,295.9464,356.8556,-1
174.495,2.406278,336.4111,82.08939,295.9132,356.8916,-1
174.495,2.406278,336.4111,82.0863,295.8444,356.893,-1
174.495,2.406277,336.4111,82.08502,295.7568,356.8785,-1
174.4949,2.406279,336.4111,82.08818,295.7114,356.9055,-1
174.4949,2.406284,336.4112,82.07848,295.7095,356.9765,-1
174.4948,2.406286,336.4112,82.07769,295.6523,357.0002,-1
174.4948,2.406291,336.4112,82.08061,295.6429,357.0596,-1
174.4948,2.406294,336.4112,82.0827,295.6097,357.0992,-1
174.4948,2.406301,336.4112,82.08071,295.6208,357.1883,-1
174.4947,2.406302,336.4113,82.07963,295.5495,357.2016,-1
174.4947,2.406307,336.4113,82.08046,295.5302,357.265,-1
174.4946,2.406307,336.4113,82.07343,295.4535,357.2718,-1
174.4946,2.406308,336.4113,82.06892,295.3732,357.2804,-1
174.4945,2.40631,336.4113,82.06496,295.3177,357.3162,-1
174.4945,2.406312,336.4114,82.05533,295.262,357.3481,-1
174.4944,2.406309,336.4114,82.055,295.1193,357.2979,-1
174.4944,2.406312,336.4114,82.05423,295.0792,357.3521,-1
174.4944,2.40631,336.4114,82.05725,294.9419,357.3159,-1
174.4943,2.406305,336.4115,82.06066,294.7856,357.2526,-1
174.4943,2.406305,336.4115,82.06358,294.6819,357.2503,-1
174.4942,2.40631,336.4115,82.06387,294.6412,357.3121,-1
174.4942,2.406305,336.4116,82.07303,294.4801,357.2483,-1
174.4941,2.406309,336.4116,82.07004,294.4278,357.2941,-1
174.494,2.406309,336.4116,82.07038,294.3298,357.2998,-1
174.494,2.406312,336.4116,82.06748,294.2713,357.347,-1
174.494,2.406316,336.4117,82.06662,294.2186,357.3918,-1
174.4939,2.406319,336.4117,82.06927,294.142,357.4241,-1
174.4938,2.40632,336.4117,82.06135,294.0504,357.4382,-1
174.4938,2.406311,336.4117,82.07246,293.8181,357.3185,-1
174.4937,2.406314,336.4117,82.06615,293.755,357.3663,-1
174.4937,2.406314,336.4118,82.06422,293.6382,357.371,-1
174.4936,2.406313,336.4118,82.06561,293.5107,357.3509,-1
174.4936,2.406313,336.4118,82.059,293.4046,357.3552,-1
174.4935,2.40631,336.4119,82.0571,293.2502,357.3191,-1
174.4934,2.406309,336.4119,82.0531,293.1109,357.3001,-1
174.4934,2.406306,336.4119,82.04431,292.9496,357.2626,-1
174.4933,2.406302,336.412,82.04392,292.7861,357.2211,-1
174.4933,2.406302,336.412,82.03826,292.6613,357.2246,-1
174.4932,2.4063,336.412,82.03957,292.5019,357.1879,-1
174.4931,2.4063,336.412,82.04441,292.3809,357.1899,-1
174.4931,2.406301,336.4121,82.0453,292.2689,357.1982,-1
174.493,2.406299,336.4121,82.04861,292.1272,357.1768,-1
174.493,2.406298,336.4121,82.04781,291.9888,357.167,-1
174.4929,2.4063,336.4122,82.045,291.8826,357.1825,-1
174.4928,2.406301,336.4122,82.05203,291.7726,357.1953,-1
174.4928,2.406301,336.4122,82.05164,291.6403,357.1974,-1
174.4927,2.406303,336.4123,82.05191,291.5467,357.232,-1
174.4926,2.406308,336.4123,82.05181,291.4677,357.286,-1
174.4926,2.406304,336.4123,82.05923,291.2894,357.2397,-1
174.4925,2.406304,336.4124,82.06091,291.1492,357.2378,-1
174.4924,2.406304,336.4124,82.06138,291.0135,357.2348,-1
174.4923,2.406305,336.4124,82.06271,290.8856,357.2466,-1
174.4923,2.406305,336.4124,82.061,290.7543,357.2516,-1
174.4922,2.406304,336.4125,82.06323,290.593,357.2351,-1
174.4921,2.406308,336.4125,82.05856,290.5075,357.2914,-1
174.4921,2.40631,336.4125,82.06565,290.3893,357.3091,-1
174.492,2.406309,336.4126,82.06026,290.2421,357.3014,-1
174.4919,2.406299,336.4126,82.07791,289.9654,357.1676,-1
174.4918,2.406282,336.4126,82.11108,289.5719,356.9375,-1
174.4917,2.406263,336.4127,82.14233,289.0587,356.6676,-1
174.4915,2.40629,336.4128,82.08922,289.0135,357.048,-1
174.4913,2.406299,336.4128,82.09356,288.7748,357.1587,-1
174.4911,2.406348,336.4129,82.02096,288.9464,357.816,-1
174.4911,2.406348,336.4129,82.02096,288.9464,357.816,-1
174.4911,2.406348,336.4129,82.02096,288.9464,357.816,-1
174.4908,2.406375,336.413,82.02543,288.8181,358.1642,-1
174.4907,2.406353,336.4131,82.10609,288.3008,357.8635,-1
174.4906,2.406379,336.4131,82.04717,288.4281,358.2153,-1
174.4905,2.406409,336.4131,81.98766,288.6497,358.6175,-1
174.4904,2.406387,336.4132,82.04404,288.2018,358.3129,-1
174.4903,2.406384,336.4132,82.03686,288.0216,358.2806,-1
174.4902,2.406426,336.4132,81.94884,288.3903,358.8353,-1
174.4901,2.406398,336.4133,82.03233,287.8763,358.4639,-1
174.4901,2.406419,336.4133,81.98452,287.9682,358.7406,-1
174.49,2.406387,336.4133,82.04858,287.4127,358.3154,-1
174.4899,2.406398,336.4134,82.01801,287.4216,358.4637,-1
174.4898,2.40638,336.4134,82.05226,287.0489,358.2301,-1
174.4898,2.406379,336.4134,82.05132,286.8848,358.2114,-1
174.4897,2.406376,336.4134,82.05936,286.6917,358.168,-1
174.4896,2.406383,336.4135,82.04154,286.6274,358.2624,-1
174.4895,2.40638,336.4135,82.03612,286.4469,358.2294,-1
174.4894,2.406382,336.4135,82.04169,286.3099,358.2541,-1
174.4893,2.406376,336.4135,82.05767,286.0605,358.1675,-1
174.4893,2.406379,336.4136,82.04784,285.9449,358.2112,-1
174.4892,2.406384,336.4136,82.03871,285.8383,358.2746,-1
174.4891,2.406377,336.4136,82.04346,285.5844,358.1847,-1
174.489,2.406379,336.4137,82.04357,285.4468,358.2139,-1
174.4889,2.406385,336.4137,82.04485,285.3599,358.2995,-1
174.4888,2.406387,336.4137,82.04353,285.213,358.3203,-1
174.4887,2.406385,336.4137,82.04752,285.0155,358.2875,-1
174.4886,2.406385,336.4138,82.04493,284.844,358.2881,-1
174.4885,2.406388,336.4138,82.0451,284.7074,358.3285,-1
174.4884,2.406389,336.4138,82.04979,284.5477,358.3463,-1
174.4883,2.406396,336.4138,82.0341,284.4718,358.4378,-1
174.4883,2.406399,336.4139,82.03038,284.3357,358.4729,-1
174.4882,2.406398,336.4139,82.03085,284.1571,358.468,-1
174.4881,2.4064,336.4139,82.02085,284.0026,358.4894,-1
174.488,2.406401,336.4139,82.01955,283.8486,358.503,-1
174.4879,2.406404,336.414,82.01176,283.7074,358.5356,-1
174.4878,2.406405,336.414,82.00562,283.5457,358.5546,-1
174.4877,2.40641,336.414,81.99168,283.4381,358.6214,-1
174.4876,2.406409,336.4141,81.99217,283.2424,358.605,-1
174.4875,2.406407,336.4141,81.99899,283.0535,358.5881,-1
174.4874,2.406408,336.4141,81.99467,282.8816,358.5972,-1
174.4873,2.406408,336.4141,81.99357,282.7033,358.5987,-1
174.4872,2.406408,336.4142,81.9915,282.5269,358.6035,-1
174.4871,2.406407,336.4142,81.98619,282.3287,358.5841,-1
174.487,2.406404,336.4142,81.98585,282.1238,358.5506,-1
174.4869,2.406401,336.4142,81.98671,281.912,358.5142,-1
174.4868,2.406402,336.4142,81.98517,281.7366,358.517,-1
174.4867,2.406405,336.4143,81.98785,281.6126,358.5651,-1
174.4866,2.40641,336.4143,81.98746,281.4881,358.6203,-1
174.4865,2.406406,336.4143,81.98721,281.2687,358.5784,-1
174.4865,2.406405,336.4143,81.99171,281.0828,358.5672,-1
174.4864,2.406404,336.4143,81.99249,280.8917,358.55,-1
174.4863,2.406405,336.4144,81.99406,280.726,358.5655,-1
174.4861,2.406408,336.4144,81.99477,280.5709,358.5937,-1
174.4861,2.406411,336.4144,81.99551,280.4291,358.631,-1
174.486,2.40641,336.4144,81.99678,280.2427,358.6193,-1
174.4859,2.406411,336.4145,81.99305,280.0751,358.6318,-1
174.4858,2.406406,336.4145,82.00817,279.853,358.5736,-1
174.4857,2.406408,336.4145,82.00316,279.693,358.5959,-1
174.4856,2.406404,336.4145,82.01004,279.4567,358.5431,-1
174.4855,2.406407,336.4145,82.00076,279.3223,358.589,-1
174.4854,2.406407,336.4146,81.99039,279.1479,358.5901,-1
174.4853,2.406404,336.4146,81.99511,278.9127,358.5403,-1
174.4852,2.406399,336.4146,81.99364,278.6715,358.4778,-1
174.4851,2.406394,336.4146,81.98888,278.4387,358.4203,-1
174.485,2.406398,336.4146,81.98825,278.3182,358.4697,-1
174.4849,2.406399,336.4146,81.98764,278.1458,358.478,-1
174.4848,2.406398,336.4146,81.98061,277.968,358.4782,-1
174.4847,2.406402,336.4147,81.98208,277.8304,358.5154,-1
174.4846,2.406405,336.4147,81.97941,277.7136,358.5679,-1
174.4845,2.406406,336.4147,81.98389,277.5469,358.5703,-1
174.4844,2.406404,336.4147,81.98756,277.3584,358.5553,-1
174.4843,2.406405,336.4147,81.97569,277.1972,358.565,-1
174.4842,2.406408,336.4147,81.97041,277.063,358.6075,-1
174.4841,2.406405,336.4148,81.97537,276.847,358.5655,-1
174.484,2.406406,336.4148,81.97344,276.6793,358.5718,-1
174.4839,2.406406,336.4148,81.97615,276.5078,358.5728,-1
174.4838,2.406408,336.4148,81.97615,276.3588,358.6001,-1
174.4837,2.40641,336.4148,81.97698,276.2071,358.6219,-1
174.4836,2.406411,336.4148,81.98071,276.0443,358.632,-1
174.4836,2.406412,336.4148,81.98502,275.8816,358.6497,-1
174.4835,2.406411,336.4149,81.98785,275.6976,358.6372,-1
174.4834,2.406411,336.4149,81.98538,275.5252,358.632,-1
174.4833,2.40641,336.4149,81.98761,275.347,358.629,-1
174.4832,2.406411,336.4149,81.99502,275.1863,358.6406,-1
174.4831,2.406412,336.4149,81.99252,275.0239,358.6505,-1
174.483,2.406409,336.4149,81.99224,274.8163,358.6163,-1
174.4829,2.406406,336.4149,81.99653,274.6005,358.5726,-1
174.4828,2.40641,336.4149,81.9904,274.4813,358.6211,-1
174.4827,2.406409,336.4149,81.99393,274.3079,358.6112,-1
174.4826,2.406409,336.4149,81.99511,274.1427,358.6075,-1
174.4825,2.406409,336.4149,81.9909,273.971,358.6061,-1
174.4824,2.406413,336.4149,81.98271,273.8635,358.6659,-1
174.4823,2.406415,336.415,81.98144,273.7172,358.6853,-1
174.4822,2.406413,336.415,81.98389,273.5228,358.6609,-1
174.4821,2.406411,336.415,81.97392,273.3368,358.6437,-1
174.482,2.406411,336.415,81.97259,273.159,358.6362,-1
174.4819,2.40641,336.415,81.97085,272.9789,358.6311,-1
174.4818,2.406408,336.415,81.9739,272.7816,358.6073,-1
174.4818,2.406408,336.415,81.96955,272.6067,358.6038,-1
174.4817,2.406404,336.415,81.97178,272.3948,358.5583,-1
174.4816,2.406407,336.415,81.96767,272.2575,358.5861,-1
174.4815,2.406404,336.415,81.97586,272.0616,358.5516,-1
174.4814,2.406405,336.415,81.9774,271.9144,358.5628,-1
174.4813,2.406406,336.415,81.97752,271.7654,358.5775,-1
174.4812,2.406404,336.415,81.97894,271.5751,358.5447,-1
174.4811,2.406411,336.415,81.96999,271.5072,358.6357,-1
174.481,2.406409,336.415,81.97339,271.3236,358.6108,-1
174.4809,2.406407,336.4151,81.9754,271.1526,358.595,-1
174.4809,2.406403,336.4151,81.97748,270.934,358.5378,-1
174.4808,2.406404,336.4151,81.9742,270.7897,358.5574,-1
174.4807,2.406403,336.4151,81.97209,270.6156,358.5395,-1
174.4806,2.406403,336.4151,81.9775,270.4545,358.5376,-1
174.4805,2.406405,336.4151,81.97351,270.3116,358.5588,-1
174.4804,2.406397,336.4151,81.97992,270.0609,358.4619,-1
174.4803,2.406396,336.4151,81.9719,269.9001,358.4523,-1
174.4802,2.406397,336.4151,81.9718,269.7627,358.463,-1
174.4802,2.406394,336.4151,81.97298,269.5764,358.4302,-1
174.4801,2.406397,336.4151,81.96723,269.4614,358.4623,-1
174.48,2.406396,336.4151,81.97463,269.2995,358.4546,-1
174.4799,2.406398,336.4151,81.97581,269.166,358.4693,-1
174.4798,2.406398,336.4151,81.97627,269.0125,358.4677,-1
174.4797,2.406396,336.4151,81.98364,268.8327,358.4406,-1
174.4796,2.406395,336.4151,81.98413,268.6774,358.4403,-1
174.4796,2.406398,336.4151,81.97983,268.5618,358.4755,-1
174.4795,2.406397,336.4151,81.9822,268.3965,358.4604,-1
174.4794,2.406398,336.4151,81.98271,268.2578,358.475,-1
174.4793,2.4064,336.4151,81.98115,268.1295,358.4991,-1
174.4792,2.406403,336.4151,81.97939,268.0137,358.5329,-1
174.4791,2.406402,336.4151,81.9874,267.8512,358.518,-1
174.4791,2.406406,336.4151,81.98804,267.7668,358.5746,-1
174.479,2.406405,336.4151,81.98771,267.6029,358.5582,-1
174.4789,2.406406,336.4151,81.9884,267.478,358.5781,-1
174.4788,2.406409,336.4151,81.98267,267.3734,358.6119,-1
174.4787,2.406408,336.4151,81.9819,267.2272,358.6056,-1
174.4787,2.406409,336.4151,81.97807,267.1055,358.6163,-1
174.4786,2.406407,336.4151,81.97909,266.9474,358.5937,-1
174.4785,2.406407,336.4151,81.97572,266.8102,358.5862,-1
174.4784,2.406407,336.4151,81.96745,266.669,358.5893,-1
174.4784,2.406403,336.4151,81.97292,266.4744,358.5363,-1
174.4783,2.406404,336.4151,81.96588,266.3416,358.5439,-1
174.4782,2.406403,336.4151,81.96833,266.2045,358.5377,-1
174.4781,2.406404,336.4151,81.96393,266.0756,358.5443,-1
174.4781,2.406395,336.415,81.96855,265.8411,358.4432,-1
174.478,2.406398,336.415,81.9676,265.7369,358.4741,-1
174.4779,2.406398,336.415,81.97363,265.6015,358.4737,-1
174.4778,2.406404,336.415,81.96671,265.5622,358.5598,-1
174.4778,2.406404,336.415,81.96751,265.4254,358.5484,-1
174.4777,2.406408,336.415,81.96667,265.3465,358.6022,-1
174.4776,2.40641,336.415,81.96783,265.245,358.6234,-1
174.4776,2.406412,336.415,81.9674,265.1609,358.6547,-1
174.4775,2.406407,336.415,81.97134,264.9738,358.5908,-1
174.4774,2.406402,336.415,81.97627,264.7878,358.5218,-1
174.4774,2.406402,336.415,81.97298,264.6609,358.5209,-1
174.4773,2.4064,336.415,81.97237,264.5178,358.4959,-1
174.4772,2.4064,336.415,81.97087,264.4036,358.504,-1
174.4772,2.406402,336.415,81.96302,264.3092,358.527,-1
174.4771,2.406402,336.415,81.97259,264.1884,358.526,-1
174.477,2.406401,336.415,81.96862,264.0532,358.5103,-1
174.477,2.406399,336.415,81.97079,263.9226,358.4914,-1
174.4769,2.406402,336.415,81.97527,263.8297,358.5171,-1
174.4768,2.406399,336.415,81.9741,263.691,358.4857,-1
174.4768,2.406397,336.415,81.97444,263.5559,358.4645,-1
174.4767,2.406401,336.415,81.97169,263.4908,358.5123,-1
174.4767,2.406399,336.4149,81.97475,263.3444,358.4798,-1
174.4766,2.406401,336.4149,81.96789,263.2647,358.5107,-1
174.4765,2.406403,336.4149,81.96647,263.1953,358.5438,-1
174.4765,2.406404,336.4149,81.97639,263.0954,358.5489,-1
174.4764,2.406404,336.4149,81.98056,262.9831,358.5421,-1
174.4763,2.406407,336.4149,81.98619,262.9214,358.5856,-1
174.4763,2.406408,336.4149,81.98894,262.8206,358.5929,-1
174.4762,2.406406,336.4149,81.98945,262.6996,358.5701,-1
174.4762,2.406404,336.4149,81.98544,262.564,358.54,-1
174.4761,2.406405,336.4149,81.97963,262.4864,358.563,-1
174.4761,2.406401,336.4149,81.98341,262.3318,358.5029,-1
174.476,2.406401,336.4149,81.97826,262.2412,358.5122,-1
174.476,2.406401,336.4149,81.97836,262.1359,358.5097,-1
174.4759,2.406404,336.4149,81.9763,262.0721,358.5408,-1
174.4759,2.406401,336.4149,81.98134,261.9467,358.5118,-1
174.4758,2.406402,336.4149,81.98083,261.8642,358.5188,-1
174.4758,2.406401,336.4149,81.97874,261.7611,358.5128,-1
174.4757,2.406402,336.4149,81.97488,261.6771,358.5196,-1
174.4756,2.4064,336.4149,81.9737,261.568,358.5008,-1
174.4756,2.406399,336.4149,81.97083,261.4678,358.4921,-1
174.4756,2.406399,336.4148,81.96485,261.3769,358.4917,-1
174.4755,2.406394,336.4148,81.97028,261.2236,358.4263,-1
174.4754,2.406398,336.4148,81.96649,261.1845,358.4781,-1
174.4754,2.406408,336.4148,81.95465,261.2164,358.6042,-1
174.4753,2.40642,336.4148,81.93472,261.2828,358.7601,-1
174.4753,2.406382,336.4148,82.03486,260.695,358.2509,-1
174.4753,2.406316,336.4148,82.2089,259.7246,357.3434,-1
174.4752,2.406336,336.4148,82.14752,259.9263,357.6231,-1
174.4752,2.406426,336.4148,81.89247,261.0486,358.8456,-1
174.4751,2.406425,336.4148,81.89819,260.9489,358.8228,-1
174.475,2.406298,336.4148,82.14592,259.0301,357.1285,-1
174.4748,2.406317,336.4147,82.12009,258.8784,357.3867,-1
174.4747,2.406308,336.4147,82.17577,258.6258,357.2438,-1
174.4747,2.406343,336.4147,82.10415,259.0063,357.7381,-1
174.4746,2.406349,336.4147,82.1116,258.9839,357.8071,-1
174.4745,2.406343,336.4147,82.11643,258.8277,357.7354,-1
174.4744,2.406363,336.4147,82.06293,258.8,358.0031,-1
174.4742,2.40635,336.4146,82.11758,258.3421,357.8214,-1
174.4742,2.406471,336.4146,81.85281,259.7438,359.4187,-1
174.474,2.40646,336.4146,81.93466,259.308,359.2676,-1
174.4739,2.406443,336.4146,81.94821,258.8962,359.0556,-1
174.4738,2.406391,336.4146,82.0952,258.1257,358.354,-1
174.4738,2.406401,336.4146,82.0807,258.1886,358.4898,-1
174.4738,2.406416,336.4146,82.03706,258.3306,358.7,-1
174.4737,2.406405,336.4146,82.06309,258.1285,358.5472,-1
174.4737,2.406403,336.4146,82.06748,258.0374,358.5183,-1
174.4737,2.406399,336.4146,82.07308,257.935,358.4707,-1
174.4736,2.406405,336.4146,82.0528,257.9681,358.5473,-1
174.4736,2.406404,336.4146,82.06492,257.9109,358.5296,-1
174.4736,2.406419,336.4145,82.03829,258.0742,358.734,-1
174.4736,2.406417,336.4145,82.04539,258.0193,358.7121,-1
174.4736,2.406426,336.4145,82.01928,258.093,358.827,-1
174.4735,2.406424,336.4145,82.01562,258.0165,358.794,-1
174.4735,2.406423,336.4145,82.00989,257.9636,358.7893,-1
174.4735,2.406455,336.4145,81.93768,258.3253,359.2006,-1
174.4734,2.406468,336.4145,81.90623,258.4515,359.3742,-1
174.4734,2.406464,336.4145,81.91801,258.3553,359.3242,-1
174.4734,2.406458,336.4145,81.93218,258.2269,359.2454,-1
174.4734,2.406437,336.4145,81.98482,257.9185,358.9795,-1
174.4734,2.40643,336.4145,82.01469,257.7723,358.8765,-1
174.4733,2.406425,336.4145,82.02716,257.6764,358.8186,-1
174.4733,2.406428,336.4145,82.02324,257.6599,358.8472,-1
174.4733,2.40642,336.4145,82.0483,257.5161,358.745,-1
174.4733,2.406406,336.4145,82.08186,257.2911,358.5535,-1
174.4732,2.4064,336.4145,82.10151,257.173,358.474,-1
174.4732,2.406398,336.4145,82.1132,257.1066,358.4462,-1
174.4732,2.406396,336.4145,82.11663,257.0432,358.4149,-1
174.4732,2.406396,336.4145,82.10957,257.0131,358.4167,-1
174.4732,2.406396,336.4145,82.10976,256.9722,358.4184,-1
174.4731,2.406392,336.4145,82.10976,256.8746,358.3632,-1
174.4731,2.406391,336.4144,82.10715,256.8248,358.3497,-1
174.4731,2.406389,336.4144,82.10822,256.7699,358.3274,-1
174.4731,2.406388,336.4144,82.10548,256.7292,358.3196,-1
174.4731,2.406391,336.4144,82.09262,256.7328,358.3561,-1
174.4731,2.40636,336.4144,82.16676,256.2983,357.9387,-1
174.473,2.406452,336.4144,81.95004,257.4956,359.1729,-1
174.473,2.406515,336.4144,81.83317,258.1172,359.9696,-1
174.4727,2.406519,336.4144,81.85657,257.7786,0.03057031,-1
174.4725,2.406443,336.4143,82.05038,256.3844,359.0356,-1
174.4724,2.406395,336.4143,82.17582,255.5852,358.3966,-1
174.4724,2.406384,336.4143,82.18772,255.3569,358.2481,-1
174.4723,2.40637,336.4143,82.21999,255.0901,358.0559,-1
174.4723,2.406433,336.4143,82.08426,255.875,358.9088,-1
174.4723,2.406536,336.4142,81.84727,257.1233,0.2432616,-1
174.4722,2.406554,336.4142,81.81371,257.273,0.4639687,-1
174.4722,2.406548,336.4142,81.83182,257.1149,0.3845619,-1
174.4721,2.406434,336.4142,82.11096,255.5909,358.9129,-1
174.4721,2.406387,336.4142,82.22323,254.9045,358.2846,-1
174.4721,2.406403,336.4142,82.17763,255.0366,358.4933,-1
174.472,2.406406,336.4142,82.18174,255.0318,358.5363,-1
174.472,2.406477,336.4142,82.00881,255.916,359.4831,-1
174.4716,2.406682,336.4141,81.59656,257.6406,2.017539,-1
174.4715,2.406567,336.4141,81.98585,256.1035,0.6340154,-1
174.4714,2.40661,336.4141,81.83817,256.5151,1.168411,-1
174.4714,2.406634,336.414,81.76096,256.7325,1.467636,-1
174.4713,2.406637,336.414,81.74417,256.6923,1.501274,-1
174.4713,2.406646,336.414,81.72502,256.7195,1.598588,-1
174.4713,2.406616,336.414,81.77801,256.2977,1.241537,-1
174.4713,2.406609,336.414,81.7837,256.1441,1.14959,-1
174.4712,2.406636,336.414,81.73463,256.4111,1.483163,-1
174.4712,2.406624,336.414,81.77281,256.2241,1.342355,-1
174.4712,2.406632,336.414,81.75145,256.2634,1.43975,-1
174.4711,2.406642,336.414,81.6973,256.2654,1.551558,-1
174.471,2.406653,336.4139,81.7149,256.2875,1.692596,-1
174.471,2.406654,336.4139,81.72971,256.248,1.708576,-1
174.471,2.406663,336.4139,81.71922,256.3016,1.814637,-1
174.4709,2.406665,336.4139,81.72863,256.2771,1.847178,-1
174.4709,2.406664,336.4139,81.73125,256.2036,1.827994,-1
174.4709,2.406677,336.4139,81.6993,256.3032,1.980067,-1
174.4709,2.40668,336.4139,81.60268,256.259,2.000232,-1
174.4707,2.406673,336.4138,81.74847,256.0058,1.9466,-1
174.4707,2.406678,336.4138,81.74673,256.0128,2.004984,-1
174.4707,2.406679,336.4138,81.72842,255.9805,2.020367,-1
174.4707,2.406679,336.4138,81.72726,255.9255,2.015241,-1
174.4706,2.406673,336.4138,81.74305,255.8101,1.948678,-1
174.4706,2.406662,336.4138,81.76546,255.6419,1.817436,-1
174.4706,2.406667,336.4138,81.75607,255.6481,1.870516,-1
174.4706,2.406663,336.4138,81.75597,255.5633,1.829878,-1
174.4706,2.406667,336.4138,81.74911,255.5559,1.868759,-1
174.4705,2.406672,336.4138,81.73633,255.5759,1.937104,-1
174.4705,2.406682,336.4138,81.72359,255.641,2.049227,-1
174.4705,2.406695,336.4138,81.70526,255.752,2.208514,-1
174.4705,2.406696,336.4138,81.70587,255.7204,2.217257,-1
174.4704,2.4067,336.4138,81.70152,255.7285,2.267826,-1
174.4704,2.406704,336.4138,81.69366,255.7311,2.313906,-1
174.4704,2.406704,336.4138,81.68072,255.692,2.320241,-1
174.4704,2.406708,336.4138,81.67937,255.6877,2.365035,-1
174.4703,2.406708,336.4137,81.67211,255.6238,2.35606,-1
174.4703,2.40671,336.4137,81.66933,255.6001,2.386131,-1
174.4703,2.406712,336.4137,81.6604,255.5596,2.400035,-1
174.4702,2.406718,336.4137,81.66926,255.4631,2.481126,-1
174.47,2.406732,336.4136,81.50523,255.3143,2.600742,-1
174.4697,2.406649,336.4135,81.75247,253.8088,1.649009,-1
174.4686,2.40656,336.4131,79.97314,250.4082,0.4450115,-1
174.468,2.406446,336.413,79.2835,248.3313,359.3156,-1
174.4802,2.404638,336.415,76.99425,256.3822,344.8782,-1
174.4823,2.40496,336.4149,82.35491,253.7667,338.543,-1
174.4789,2.40536,336.4151,82.50606,252.9921,343.9046,-1
174.4786,2.405368,336.415,82.45231,252.6454,344.1408,-1
174.4786,2.405378,336.415,82.44368,252.7821,344.3019,-1
174.4786,2.405371,336.415,82.35122,252.8453,344.3844,-1
174.4786,2.405364,336.415,82.25037,252.9083,344.4977,-1
174.4785,2.405365,336.415,82.12478,253.1469,344.7726,-1
174.4785,2.405373,336.415,82.01815,253.4291,345.0788,-1
174.4785,2.405364,336.415,81.95861,253.3993,345.0788,-1
174.4785,2.405354,336.415,81.90461,253.3566,345.0514,-1
174.4785,2.405364,336.415,81.8236,253.5978,345.3157,-1
174.4785,2.405367,336.415,81.76985,253.7179,345.4571,-1
174.4785,2.405368,336.415,81.85184,253.5785,345.3273,-1
174.4785,2.405383,336.415,81.97194,253.5526,345.3008,-1
174.4785,2.405391,336.415,82.10519,253.4141,345.1562,-1
174.4785,2.405396,336.415,82.22711,253.2448,344.9859,-1
174.4785,2.40541,336.415,82.3234,253.2394,344.9836,-1
174.4785,2.405411,336.415,82.42278,253.0591,344.7995,-1
174.4785,2.405419,336.415,82.50816,252.997,344.7388,-1
174.4785,2.40543,336.415,82.57524,253.0165,344.7591,-1
174.4785,2.40543,336.415,82.66591,252.8377,344.5656,-1
174.4785,2.405437,336.415,82.72684,252.7957,344.528,-1
174.4785,2.405442,336.415,82.78719,252.7592,344.4859,-1
174.4785,2.405448,336.415,82.83286,252.7459,344.4734,-1
174.4785,2.405457,336.415,82.87118,252.7955,344.5203,-1
174.4785,2.405445,336.415,82.93443,252.4757,344.1923,-1
174.4785,2.405462,336.415,82.93503,252.7385,344.4461,-1
174.4785,2.405428,336.415,83.06308,251.9131,343.6308,-1
174.4785,2.405477,336.415,82.95177,252.9008,344.6455,-1
174.4785,2.405456,336.415,83.04461,252.3683,344.1073,-1
174.4785,2.405459,336.415,83.07502,252.3446,344.0873,-1
174.4785,2.405482,336.415,83.04356,252.7696,344.5096,-1
174.4785,2.405467,336.415,83.09726,252.4232,344.1508,-1
174.4785,2.40547,336.415,83.10989,252.4567,344.1751,-1
174.4785,2.405471,336.415,83.12882,252.4354,344.1476,-1
174.4785,2.405471,336.415,83.14236,252.4112,344.1151,-1
174.4785,2.405472,336.415,83.15112,252.4104,344.1068,-1
174.4785,2.405474,336.4151,83.15517,252.4346,344.1214,-1
174.4785,2.405472,336.4151,83.17091,252.3804,344.0588,-1
174.4785,2.405467,336.4151,83.19842,252.25,343.9179,-1
174.4785,2.405481,336.4151,83.17584,252.5275,344.1856,-1
174.4785,2.405482,336.4151,83.18292,252.549,344.1939,-1
174.4785,2.405491,336.4151,83.17878,252.6974,344.3342,-1
174.4785,2.405506,336.4151,83.15289,253.002,344.6385,-1
174.4785,2.405499,336.4151,83.17435,252.848,344.4758,-1
174.4786,2.405483,336.4151,83.23114,252.4672,344.0805,-1
174.4786,2.405467,336.4151,83.24483,252.1898,343.803,-1
174.479,2.406578,336.4151,68.87379,269.27,0.3008538,-1
174.4993,2.40161,336.4077,51.68872,297.4949,345.6781,-1
174.4974,2.407975,336.4096,51.23569,307.2187,4.173303,-1
174.4774,2.404133,336.4149,59.99197,258.6859,351.4347,-1
174.5009,2.401642,336.4064,53.14088,300.6896,345.288,-1
174.5029,2.407779,336.4049,47.82909,319.5677,3.367438,-1
174.5045,2.405206,336.4031,48.12709,318.7059,356.4821,-1
174.4917,2.403837,336.4126,51.2821,286.3602,352.3058,-1
174.4936,2.412,336.4113,57.60618,312.5078,18.65168,-1
174.4911,2.404165,336.4128,63.38627,282.8707,350.5547,-1
174.493,2.406806,336.4121,56.60242,295.6287,0.9384578,-1
174.494,2.406043,336.4116,74.24251,293.8426,356.8697,-1
174.4997,2.407213,336.4079,69.69424,312.512,3.594261,-1
174.4911,2.408295,336.4129,73.31816,301.8674,11.15978,-1
174.4872,2.41007,336.4139,78.04663,315.9023,32.42179,-1
174.4946,2.407721,336.4113,77.59924,307.9226,10.08645,-1
174.4964,2.406101,336.4102,84.83715,293.6006,351.7008,-1
174.4962,2.405727,336.4104,87.10592,272.3049,330.7492,-1
174.4975,2.402486,336.4093,79.70485,168.7466,224.8179,-1
174.5058,2.402733,336.401,82.40418,262.4469,296.5321,-1
174.5089,2.403987,336.3955,84.99829,222.0875,245.084,-1
174.5111,2.402356,336.3857,78.10817,316.7541,320.8701,-1
174.5079,2.406165,336.3979,86.98792,320.3918,347.9216,-1
174.5089,2.405789,336.3957,77.03945,331.0514,354.1772,-1
174.5092,2.406237,336.3951,83.9262,333.2954,355.2581,-1
174.5092,2.406037,336.395,84.67962,328.8234,350.6826,-1
174.5103,2.407482,336.392,76.97679,351.3838,7.69232,-1
174.5103,2.404947,336.3919,68.87985,336.7076,352.1743,-1
174.5083,2.40313,336.3967,82.09009,284.6315,309.7266,-1
174.51,2.407525,336.3927,64.93684,346.3603,4.263827,-1
174.5102,2.407471,336.3923,68.86414,347.7242,4.74105,-1
174.5102,2.404742,336.3919,66.22791,336.6709,352.0894,-1
174.509,2.407069,336.3955,85.62328,350.1902,13.05181,-1
174.5051,2.408044,336.4023,84.8167,354.9207,31.89033,-1
174.4995,2.408569,336.408,76.49725,324.2753,15.938,-1
174.4925,2.409467,336.4122,63.73014,304.8324,12.02339,-1
174.4998,2.40202,336.4074,29.93991,305.1176,350.6667,-1
174.5033,2.40105,336.4038,19.61754,315.4018,349.551,-1
174.5099,2.399908,336.3908,18.70334,341.5933,347.4057,-1
174.5103,2.400147,336.3893,18.66276,344.6355,347.8717,-1
174.5098,2.398642,336.3899,6.674397,345.6632,345.6534,-1
174.511,2.402538,336.3875,339.6133,354.7183,352.3765,-1
174.5114,2.40659,336.3856,336.6383,355.421,0.1414639,-1
174.5111,2.408456,336.388,343.815,350.2206,3.617299,-1
174.5108,2.411028,336.3884,356.4058,349.8749,8.1197,-1
174.5103,2.412426,336.3893,3.092056,349.2065,10.65643,-1
174.5104,2.410036,336.3908,5.749489,346.5363,6.345713,-1
174.5105,2.407475,336.3909,5.495731,346.0005,1.722199,-1
174.5104,2.406727,336.3913,7.068435,345.1156,0.3786458,-1
174.5096,2.407511,336.3939,14.52017,340.6783,1.838293,-1
174.51,2.408047,336.3926,14.15636,343.3888,2.826007,-1
174.5103,2.406839,336.3918,13.99763,344.3457,0.5936502,-1
174.5103,2.406959,336.392,12.68129,344.0001,0.8118325,-1
174.5098,2.409559,336.3929,6.768117,342.6413,5.492996,-1
174.5099,2.408828,336.3929,10.43296,342.8536,4.210763,-1
174.5099,2.407726,336.3931,10.40393,342.1277,2.201749,-1
174.51,2.40546,336.3927,13.65528,341.9754,358.0521,-1
174.5105,2.40576,336.3911,14.34782,345.059,358.6005,-1
174.5105,2.406248,336.391,10.33806,345.6183,359.51,-1
174.5115,2.407772,336.3843,14.8014,358.3432,2.323741,-1
174.5115,2.407903,336.384,11.69876,358.8867,2.53465,-1
174.5115,2.407889,336.3837,10.34427,359.2856,2.497904,-1
174.5112,2.407006,336.3874,15.7332,352.5765,0.9095857,-1
174.5108,2.405931,336.3899,11.04962,347.4525,358.9302,-1
174.5108,2.406161,336.3899,8.411823,347.5574,359.3561,-1
174.511,2.405611,336.3889,4.76376,349.3711,358.3719,-1
174.5108,2.405884,336.3896,3.274959,348.2255,358.8649,-1
174.5107,2.406084,336.3903,3.364126,346.8755,359.2232,-1
174.5108,2.406153,336.39,4.227619,347.5255,359.3461,-1
174.5104,2.40554,336.3914,6.463198,344.7231,358.2387,-1
174.5103,2.405695,336.3917,5.327389,344.1821,358.5221,-1
174.5108,2.407998,336.3899,8.96131,348.1514,2.684436,-1
174.5112,2.411005,336.3844,10.68279,359.0947,8.206044,-1
174.5106,2.412959,336.3792,6.97945,8.560984,11.7019,-1
174.5111,2.411234,336.3818,7.722992,3.418809,8.555017,-1
174.5109,2.411875,336.3797,7.17121,7.31714,9.71468,-1
174.511,2.410856,336.387,4.193178,353.54,7.81433,-1
174.5106,2.410181,336.3898,5.54083,348.4844,6.605866,-1
174.5105,2.407347,336.3911,1.581242,345.5164,1.487558,-1
174.5111,2.405923,336.3885,359.1332,350.3526,358.937,-1
174.5113,2.405923,336.3867,1.179939,353.5234,358.9368,-1
174.5113,2.406188,336.3866,7.612202,353.6907,359.4065,-1
174.5114,2.405712,336.3851,14.50632,356.0514,358.5103,-1
174.5107,2.407136,336.3903,5.050931,347.0236,1.112006,-1
174.5103,2.406878,336.3918,358.4503,344.0943,0.6471476,-1
174.5099,2.405303,336.3929,355.0851,342.2072,357.8172,-1
174.5097,2.406038,336.3938,355.6631,340.5753,359.1391,-1
174.51,2.405018,336.3927,353.9216,342.7123,357.3006,-1
174.5102,2.404354,336.3921,358.7629,343.7179,356.1223,-1
174.5097,2.406094,336.3937,2.482912,340.6359,359.2418,-1
174.5098,2.406511,336.3935,8.950592,341.0622,359.989,-1
174.5099,2.40756,336.3929,12.6077,342.4422,1.913723,-1
174.5098,2.407574,336.3935,14.33641,341.4211,1.95428,-1
174.5094,2.408483,336.3944,10.57747,339.8751,3.582955,-1
174.5099,2.408556,336.3928,10.00515,342.9824,3.70905,-1
174.5097,2.408912,336.3934,9.229358,341.7741,4.349169,-1
174.5096,2.408356,336.3937,9.009323,341.0685,3.33473,-1
174.5102,2.407073,336.3922,12.21992,343.7281,1.019479,-1
174.5096,2.40576,336.3939,6.734499,340.0861,358.6344,-1
174.5096,2.407338,336.394,0.2287755,340.1575,1.470369,-1
174.5091,2.407523,336.3954,359.9087,337.4192,1.802363,-1
174.5093,2.404704,336.3946,355.9757,339.1623,356.7437,-1
174.5091,2.405082,336.3951,354.7651,338.0651,357.4193,-1
174.5091,2.405186,336.3953,356.1538,337.6521,357.6108,-1
174.5092,2.404869,336.3951,354.8735,338.2923,357.0361,-1
174.5094,2.406017,336.3946,355.2558,339.0291,359.1008,-1
174.5093,2.405658,336.3947,354.1674,338.7803,358.4544,-1
174.5096,2.406396,336.394,356.1428,340.106,359.7829,-1
174.5099,2.406092,336.3933,356.9696,341.4828,359.2374,-1
174.5098,2.405777,336.3936,357.1263,340.9496,358.6734,-1
174.5096,2.404647,336.3937,356.5153,340.77,356.6431,-1
174.5093,2.404655,336.3946,355.7809,339.1696,356.6562,-1
174.5093,2.404218,336.3945,354.4732,339.3921,355.8602,-1
174.5093,2.403745,336.3945,353.5212,339.6547,354.9975,-1
174.5093,2.40396,336.3944,353.7031,339.6786,355.3895,-1
174.5094,2.404476,336.3944,354.9615,339.55,356.3289,-1
174.5095,2.404392,336.3942,355.886,339.9964,356.1831,-1
174.5094,2.405053,336.3946,355.2256,339.1514,357.3683,-1
174.5093,2.404809,336.3946,355.4008,339.1019,356.9308,-1
174.5091,2.404472,336.3951,354.3447,338.3349,356.3179,-1
174.5092,2.404488,336.3949,355.0705,338.5406,356.3509,-1
174.5093,2.405131,336.3948,356.2265,338.7197,357.5115,-1
174.5094,2.405555,336.3946,357.387,339.0527,358.2761,-1
174.5095,2.405869,336.3944,358.1042,339.4004,358.8389,-1
174.5108,2.404395,336.3769,358.9701,11.2718,356.1967,-1
174.5021,2.404748,336.3605,2.463904,44.83242,356.8288,-1
174.5082,2.406506,336.3688,3.154871,26.49897,359.9793,-1
174.5105,2.406069,336.3911,4.997297,345.4109,359.1948,-1
174.5043,2.404711,336.4033,5.951333,320.5364,356.7472,-1
174.508,2.407206,336.3976,6.820647,333.0967,1.24262,-1
174.5092,2.407248,336.3949,5.346475,338.3741,1.314304,-1
174.5094,2.406407,336.3944,4.44047,339.2227,359.8033,-1
174.5094,2.406348,336.3944,3.200319,339.2093,359.6966,-1
174.5095,2.406087,336.3942,3.818218,339.6097,359.228,-1
174.5095,2.406134,336.3944,3.139762,339.3104,359.3129,-1
174.5096,2.405943,336.394,3.271916,339.9671,358.9698,-1
174.5095,2.405921,336.3942,3.101338,339.6796,358.9303,-1
174.5096,2.405849,336.3941,2.943139,339.804,358.8011,-1
174.5095,2.405768,336.3942,2.944085,339.691,358.6564,-1
174.5096,2.40558,336.394,2.964993,339.8863,358.3188,-1
174.5096,2.405538,336.394,3.020646,339.9035,358.2437,-1
174.5096,2.40556,336.394,3.965431,339.9518,358.2818,-1
174.5096,2.40554,336.394,3.49594,339.8435,358.2466,-1
174.5096,2.405573,336.3941,3.553063,339.7117,358.3067,-1
174.5096,2.405528,336.3941,3.577481,339.7006,358.226,-1
174.5095,2.405554,336.3942,3.495676,339.5162,358.272,-1
174.5095,2.405504,336.3943,3.223152,339.4804,358.1827,-1
174.5095,2.405431,336.3942,2.934561,339.636,358.0523,-1
174.5095,2.405461,336.3943,2.930608,339.4245,358.1063,-1
174.5094,2.405563,336.3946,2.844878,338.9088,358.2892,-1
174.5093,2.405725,336.3949,2.496271,338.3374,358.581,-1
174.5092,2.405425,336.3951,2.1701,337.9233,358.0434,-1
174.5093,2.405426,336.3948,2.01181,338.4067,358.0451,-1
174.5093,2.405303,336.3947,2.082086,338.6421,357.8253,-1
174.5093,2.405368,336.3948,2.154374,338.4198,357.9408,-1
174.5093,2.405335,336.3948,2.145865,338.3464,357.8813,-1
174.5093,2.405259,336.3948,2.02761,338.3924,357.7462,-1
174.5093,2.405188,336.3948,2.13189,338.3595,357.6178,-1
174.5093,2.405149,336.3948,1.974193,338.4532,357.5493,-1
174.5092,2.405068,336.3949,1.903221,338.3098,357.4035,-1
174.5093,2.405008,336.3947,2.038567,338.5316,357.2947,-1
174.5093,2.404924,336.3947,2.087982,338.6538,357.145,-1
174.5093,2.404919,336.3947,2.155297,338.4887,357.1355,-1
174.5093,2.404777,336.3947,2.154823,338.6102,356.8804,-1
174.5094,2.404495,336.3944,2.074582,339.0493,356.3739,-1
174.5094,2.404269,336.3943,1.949682,339.2324,355.9688,-1
174.5094,2.404337,336.3943,1.680258,339.2976,356.0921,-1
174.5094,2.404487,336.3944,1.73634,339.0619,356.3612,-1
174.5094,2.404568,336.3945,1.785752,339.0271,356.5063,-1
174.5094,2.404473,336.3943,1.575096,339.26,356.3365,-1
174.5094,2.404401,336.3943,1.355469,339.3309,356.2079,-1
174.5094,2.404341,336.3943,1.375327,339.2267,356.1004,-1
174.5094,2.404203,336.3943,1.455538,339.3089,355.8513,-1
174.5094,2.404027,336.3942,1.446041,339.4741,355.5345,-1
174.5094,2.403923,336.3942,1.154222,339.5248,355.3495,-1
174.5094,2.403953,336.3942,1.015517,339.5008,355.4024,-1
174.5094,2.403985,336.3943,1.010723,339.4518,355.4601,-1
174.5094,2.403925,336.3943,1.025986,339.4073,355.3532,-1
174.5094,2.403849,336.3943,1.07171,339.4007,355.2167,-1
174.5094,2.403829,336.3943,1.184026,339.2707,355.1793,-1
174.5094,2.403805,336.3943,1.395199,339.2509,355.1377,-1
174.5094,2.404339,336.3943,359.9721,339.4538,356.097,-1
174.5094,2.403883,336.3943,1.240697,339.324,355.2762,-1
174.5091,2.403767,336.3951,1.647149,337.8065,355.0679,-1
174.5091,2.403273,336.3949,0.03100959,338.2681,354.1813,-1
174.5095,2.404188,336.3941,357.5696,340.0522,355.8216,-1
331.0717,2.40513,339.6453,358.0471,339.3405,357.5147,-1
331.0714,2.405575,339.646,359.5678,337.9536,358.3123,-1
331.0706,2.406336,339.6479,0.1668414,334.2348,359.676,-1
331.0555,2.407837,339.6629,2.180074,295.5445,2.365646,-1
331.0369,2.408517,339.6656,3.266591,261.4406,3.589124,-1
331.0303,2.410271,339.6636,5.152301,249.3433,6.765141,-1
331.0275,2.40864,339.6626,2.011404,243.6221,3.805969,-1
331.0253,2.405169,339.6614,359.9739,238.9185,357.5865,-1
331.0245,2.407521,339.6609,0.2845763,237.1991,1.798256,-1
331.025,2.407418,339.6612,359.9177,238.1967,1.613648,-1
331.0254,2.40719,339.6615,359.961,239.2072,1.204854,-1
331.0256,2.406289,339.6617,3.096623,239.707,359.5905,-1
331.0418,1.031517,339.634,0,15.00002,0,exit0
330.6454,2.406298,339.444,6.11045,239.7028,359.6054,-1
329.007,2.405703,338.4876,7.434252,240.4826,358.5302,-1
326.1841,2.404571,336.9214,7.591615,241.2586,357.8446,-1
323.6807,2.400158,335.5407,6.225291,241.8772,357.2461,-1
321.3284,2.402404,334.2617,7.854285,241.0173,357.9995,-1
318.3179,2.405311,332.6208,8.261752,241.6412,357.8168,-1
315.3288,2.404879,331.0016,8.510213,241.8692,357.0531,-1
312.192,2.404623,329.3358,9.919107,242.3614,356.5547,-1
308.8795,2.395768,327.6102,10.0088,242.4347,356.6948,-1
305.6442,2.404778,325.9227,10.65898,242.354,356.8299,-1
302.0782,2.404847,324.0611,11.13479,242.5925,356.9514,-1
298.5839,2.404857,322.2426,11.27647,242.4447,356.9675,-1
295.0591,2.401766,320.3966,10.80919,242.1502,357.0101,-1
291.2135,2.404808,318.3749,10.81483,242.4265,356.8825,-1
287.4937,2.404721,316.4349,11.08722,242.5478,356.7203,-1
283.619,2.404648,314.4256,11.24852,242.6919,356.5863,-1
279.8539,2.404553,312.4946,11.67007,243.2421,356.4068,-1
276.0134,2.404445,310.567,12.05193,243.6087,356.203,-1
272.0139,2.404457,308.5836,12.36746,243.7418,356.2208,-1
267.8718,2.404315,306.5594,11.73685,244.2629,355.9691,-1
263.5814,2.404298,304.4864,12.08132,244.3101,355.9342,-1
259.2643,2.404412,302.4247,11.18727,244.779,356.1547,-1
255.4928,2.404777,300.6477,10.95895,244.0786,356.8252,-1
252.145,2.404837,298.9825,10.53076,242.2916,356.9393,-1
251.2383,2.405524,298.5048,4.662362,238.3713,358.2159,-1
251.1312,2.407495,298.4371,3.197695,215.1082,1.753294,-1
251.1118,2.403389,298.3905,2.889707,186.4349,354.3819,-1
251.0837,2.403577,297.5902,2.779555,168.1969,354.7229,-1
251.0846,2.404768,297.5806,2.012688,160.7244,356.8645,-1
251.1148,1.031517,297.5911,0,15.00002,0,enter1
251.0858,2.403993,297.5779,1.784376,155.384,355.473,-1
251.0853,2.403708,297.5789,0.2671985,157.556,354.9635,-1
251.0858,2.404362,297.5777,0.9253055,155.2748,356.1385,-1
251.086,2.403567,297.5775,0.7391792,154.8459,354.7094,-1
251.0858,2.403999,297.5779,1.565496,155.4406,355.4857,-1
251.0859,2.404138,297.5776,2.477238,154.8167,355.7325,-1
251.0858,2.403669,297.5778,2.767551,155.0852,354.8872,-1
251.0858,2.40352,297.5779,4.194834,155.2893,354.6104,-1
251.0854,2.403304,297.5788,5.577265,156.743,354.2093,-1
251.0854,2.403509,297.5787,6.307226,156.6781,354.5731,-1
251.0854,2.403501,297.5787,6.781709,156.6033,354.553,-1
251.0859,2.403213,297.5778,6.673564,154.6464,354.0337,-1
251.1148,1.031517,297.5911,0,15.00002,0,exit1
251.4436,2.403204,296.8088,7.890596,155.1898,354.0013,-1
252.3987,2.402919,294.729,9.472498,155.9679,353.4541,-1
253.6374,2.397858,291.8396,11.04759,158.89,352.8347,-1
254.791,2.402519,288.7164,11.23529,160.6923,352.6818,-1
255.8837,2.39965,285.6148,11.28259,159.1527,352.8346,-1
257.2143,2.40474,282.4244,10.1347,152.325,356.7656,-1
258.7646,2.405876,279.7018,10.88221,146.8846,358.843,-1
260.7541,2.40394,276.5939,10.91448,149.2548,358.1531,-1
262.7128,2.402977,273.314,10.90263,149.3785,357.2608,-1
264.7761,2.399081,269.7799,10.81443,150.8861,357.1866,-1
266.5933,2.404817,266.4996,10.76651,151.3582,357.6244,-1
268.3984,2.405338,263.2044,10.56935,151.1998,357.8527,-1
270.2153,2.405324,259.8898,10.66241,151.4281,357.8265,-1
272.0549,2.402698,256.5152,10.3373,151.666,357.7807,-1
273.7762,2.403993,253.3224,8.782624,150.7815,356.9811,-1
274.8179,2.405614,251.5363,7.638703,146.5365,358.3684,-1
275.0639,2.407142,251.1609,7.246249,139.2872,1.127685,-1
275.1114,1.031517,251.157,0,15.00002,0,enter2
275.1027,2.405874,251.1197,8.189141,135.3519,358.8366,-1
275.131,2.404747,251.0909,6.459142,126.6459,356.8096,-1
275.1403,2.40429,251.0861,4.113845,107.9244,355.9995,-1
275.1532,2.408472,251.0846,3.436863,84.89407,3.508425,-1
275.166,2.407419,251.0886,2.523453,60.57978,1.617126,-1
275.1707,2.406546,251.0918,3.12109,50.25633,0.05275641,-1
275.1736,2.408119,251.0946,4.486866,43.29051,2.878491,-1
275.1742,2.404892,251.0953,2.991014,41.28147,357.0854,-1
275.1738,2.404363,251.0948,3.173327,42.25145,356.1337,-1
275.1733,2.404732,251.0943,3.796989,43.57342,356.7951,-1
275.1737,2.405421,251.0947,3.144419,42.70692,358.0343,-1
275.1739,2.40522,251.0949,5.001095,42.09342,357.6681,-1
275.1742,2.406093,251.0952,6.574618,41.48435,359.2358,-1
275.1503,1.031517,251.1164,0,15.00002,0,exit2
275.7802,2.40553,251.7904,8.868827,41.93045,358.211,-1
276.8729,2.397972,252.9915,9.787362,43.14379,357.3613,-1
278.3759,2.403389,254.5704,11.45219,43.24165,356.2318,-1
280.3941,2.394928,256.7247,11.68842,43.13691,356.415,-1
282.7711,2.404771,259.2411,11.56141,43.27977,356.8073,-1
285.2672,2.39694,261.903,12.19824,43.08487,356.7057,-1
287.8599,2.402946,264.6651,12.37532,44.1492,356.2794,-1
290.5336,2.404513,267.4148,12.50329,43.85006,356.3227,-1
293.2115,2.404608,270.2199,12.52532,43.47498,356.4955,-1
296.0034,2.397843,273.1776,12.80037,43.20433,356.4823,-1
298.8766,2.403898,276.2349,13.00018,43.18574,356.3846,-1
301.6426,2.403067,279.1907,13.11077,42.95483,356.3593,-1
304.4797,2.402981,282.2436,13.33652,42.74704,356.307,-1
307.4176,2.404461,285.4252,13.44604,42.59975,356.2124,-1
310.4583,2.404423,288.7174,13.61954,42.67744,356.1392,-1
313.5594,2.400625,292.0746,13.63955,42.81963,355.7691,-1
316.5687,2.404128,295.2983,13.74419,43.8108,355.5923,-1
319.833,2.404055,298.7261,14.2012,43.90598,355.4476,-1
323.0669,2.403929,302.0638,14.78941,45.32108,355.2015,-1
326.4598,2.403709,305.3644,15.22258,46.3019,354.7821,-1
329.9716,2.403431,308.7452,15.42943,45.66108,354.259,-1
333.2147,2.404016,311.9736,15.51611,44.0256,355.3477,-1
336.4266,2.404671,315.396,15.63472,40.94398,356.5647,-1
339.3522,2.404757,318.7971,14.85257,40.37874,356.7388,-1
341.9302,2.404866,321.825,14.16975,39.77415,356.9503,-1
342.3989,1.031517,322.4348,0,15.00002,0,enter0
