*Subject
13
*Layout
2
*Condition
True,True,True
*Marks
271.5086,0,220.018
172.6118,0,251.944
249.7107,0,321.6261
*Path
x,y,z,flag
194.527,2.40395,212.8148,10.11852,176.148,355.3259,-1
194.528,2.403449,212.7966,9.163057,172.2368,354.4278,-1
194.5289,2.402646,212.7921,8.908493,163.6909,352.9667,-1
194.5336,2.402374,212.7823,5.678556,144.1498,352.5236,-1
194.5523,2.403919,212.7695,4.966431,102.8045,355.3261,-1
194.5781,2.405809,212.7744,14.99019,54.28552,358.6877,-1
194.589,2.405996,212.7879,22.31756,22.83913,358.9914,-1
194.5909,2.405373,212.7942,22.09558,10.56051,357.7895,-1
194.5915,2.404632,212.7986,18.60332,2.365706,356.437,-1
194.5916,2.405375,212.7997,13.86065,0.9921842,357.894,-1
194.5915,2.408958,212.8011,12.90234,359.8743,4.488618,-1
194.5912,2.408711,212.8051,11.40932,352.6571,4.011598,-1
194.591,2.406014,212.8067,9.71022,348.6787,359.0865,-1
194.5908,2.404608,212.8073,10.56477,347.1345,356.5211,-1
194.5909,2.405057,212.807,8.105453,347.9722,357.3586,-1
194.5909,2.404976,212.807,6.375734,347.997,357.2223,-1
194.5909,2.404893,212.8071,6.452002,347.7256,357.0726,-1
194.5908,2.405167,212.8075,7.15048,347.1404,357.5638,-1
194.5911,2.4043,212.8058,5.99672,349.9845,356.006,-1
194.5912,2.403537,212.8045,4.666046,352.4662,354.6391,-1
194.5913,2.404672,212.8041,0.476934,353.6133,356.6938,-1
194.5914,2.404321,212.8025,1.622073,356.3114,356.063,-1
194.5915,2.404279,212.8016,2.730452,357.8918,355.9853,-1
194.5915,2.403908,212.801,2.918417,358.9211,355.3174,-1
194.5915,2.40394,212.8014,3.274598,358.1093,355.3727,-1
194.5915,2.4041,212.8018,4.251442,357.4138,355.6569,-1
194.5912,2.402582,212.8033,9.415108,353.8318,352.8395,-1
194.5908,2.399897,212.8035,19.87794,350.1922,347.2909,-1
194.5909,2.399845,212.7997,31.91898,353.9272,345.7796,-1
194.5909,2.399867,212.7991,30.91568,355.3209,345.9825,-1
194.5911,2.401145,212.7989,30.51607,357.1867,348.7628,-1
194.5911,2.401691,212.7977,37.21335,358.4218,349.0849,-1
194.5909,2.401327,212.7967,43.33329,358.035,347.1151,-1
194.5911,2.401949,212.7972,46.14846,357.4166,348.1079,-1
194.5915,2.406351,212.7979,41.9171,4.479101,359.6002,-1
194.5916,2.406572,212.7998,32.93393,1.340269,0.1182752,-1
194.5907,2.399384,212.7991,30.09513,354.9218,345.0699,-1
194.5904,2.397955,212.7988,25.27149,355.6082,342.7901,-1
194.5905,2.399415,212.7963,20.29626,3.005895,346.312,-1
194.5905,2.40082,212.7945,22.81161,6.703406,348.864,-1
194.5905,2.400681,212.7949,23.58731,5.709288,348.5202,-1
194.5902,2.398348,212.7961,22.42243,2.017278,343.9685,-1
194.5911,2.401118,212.7993,25.04103,357.7304,349.2679,-1
194.5909,2.401021,212.7969,12.53849,4.30707,349.867,-1
194.5909,2.401697,212.7962,7.171333,6.805377,351.2673,-1
194.5907,2.399908,212.7971,14.58244,3.142275,347.6772,-1
194.5888,2.394062,212.8047,21.47239,342.295,335.2747,-1
194.5866,2.390798,212.8073,21.58889,332.9646,328.1113,-1
194.5834,2.387727,212.8107,19.36612,322.1606,321.5085,-1
194.5814,2.386229,212.8122,22.1892,312.2981,316.7882,-1
194.5826,2.385287,212.807,35.59591,304.7989,305.3224,-1
194.5841,2.386489,212.8053,41.51839,303.7624,303.2924,-1
194.5839,2.386348,212.8055,42.59941,300.1011,301.1038,-1
194.5888,2.397269,212.8098,24.93319,334.3928,341.4156,-1
194.5808,2.422318,212.8185,13.89446,327.8888,30.57549,-1
194.59,2.410714,212.7914,18.31104,19.19608,7.941146,-1
194.5811,2.407594,212.7769,26.11467,48.63248,2.147918,-1
194.5807,2.405174,212.7766,31.03843,47.12758,357.1917,-1
194.5752,2.406299,212.7726,36.52481,60.43642,359.5143,-1
194.5735,2.406188,212.7717,37.57629,63.82728,359.256,-1
194.5701,2.406601,212.7703,44.7909,70.9239,0.2124999,-1
194.5693,2.406827,212.7701,52.94371,73.00106,0.921629,-1
194.5665,2.407576,212.7693,53.5597,80.14212,3.193085,-1
194.5667,2.407515,212.7693,53.76515,79.58194,3.024257,-1
194.5668,2.407475,212.7694,54.16946,79.36865,2.932665,-1
194.5667,2.40755,212.7693,53.75331,79.71136,3.12914,-1
194.5667,2.40754,212.7693,54.58503,79.68406,3.162191,-1
194.5667,2.407566,212.7693,54.58579,79.7106,3.242902,-1
194.5668,2.4076,212.7694,54.47157,79.74381,3.340408,-1
194.5668,2.407579,212.7694,54.72013,79.55904,3.295225,-1
194.5669,2.407598,212.7694,54.60624,79.56829,3.345353,-1
194.5669,2.407587,212.7694,54.68807,79.44786,3.316807,-1
194.567,2.407605,212.7694,54.64316,79.43575,3.367033,-1
194.567,2.407596,212.7694,54.73896,79.32198,3.348645,-1
194.567,2.407602,212.7694,54.69582,79.28395,3.362743,-1
194.5671,2.407601,212.7694,54.63608,79.17252,3.356217,-1
194.5672,2.407594,212.7695,54.65036,79.00436,3.33621,-1
194.5672,2.407609,212.7695,54.48943,78.93179,3.36614,-1
194.5673,2.407598,212.7695,54.54701,78.75399,3.337968,-1
194.5674,2.407603,212.7695,54.45628,78.63541,3.347801,-1
194.5674,2.407605,212.7695,54.41975,78.51206,3.351255,-1
194.5675,2.407602,212.7696,54.42827,78.35819,3.342216,-1
194.5676,2.407606,212.7696,54.3865,78.24327,3.350298,-1
194.5676,2.407607,212.7696,54.37674,78.12037,3.350627,-1
194.5677,2.407604,212.7696,54.35234,78.07674,3.342226,-1
194.5677,2.407604,212.7696,54.35234,78.07674,3.342226,-1
194.5677,2.407602,212.7696,54.32184,77.95638,3.332299,-1
194.5678,2.407603,212.7696,54.33674,77.83392,3.335672,-1
194.5679,2.407598,212.7697,54.33051,77.69053,3.322184,-1
194.5679,2.407598,212.7697,54.30294,77.56813,3.317734,-1
194.568,2.407594,212.7697,54.32941,77.42947,3.308778,-1
194.5681,2.407592,212.7697,54.29907,77.30161,3.300786,-1
194.5681,2.407584,212.7697,54.3053,77.15844,3.274505,-1
194.5682,2.407581,212.7697,54.30629,77.02724,3.265635,-1
194.5683,2.407592,212.7697,54.29237,76.9362,3.298806,-1
194.5683,2.407593,212.7698,54.27781,76.80758,3.302136,-1
194.5684,2.407599,212.7698,54.30168,76.68162,3.321777,-1
194.5685,2.407591,212.7698,54.29557,76.54153,3.296434,-1
194.5684,2.407608,212.7698,54.56203,76.71056,3.370379,-1
194.5684,2.407646,212.7698,54.48396,76.91148,3.481583,-1
194.5684,2.407625,212.7698,54.4357,76.70348,3.413883,-1
194.5685,2.407607,212.7698,54.55963,76.51646,3.368263,-1
194.5686,2.407598,212.7698,54.56166,76.38539,3.339658,-1
194.5686,2.407598,212.7699,54.5878,76.27796,3.340698,-1
194.5687,2.407605,212.7699,54.52951,76.21123,3.358538,-1
194.5688,2.407574,212.7699,54.65115,76.01193,3.271927,-1
194.5688,2.407573,212.7699,54.53788,75.92026,3.260483,-1
194.5689,2.407554,212.7699,54.69386,75.72841,3.213665,-1
194.5689,2.407573,212.7699,54.54766,75.70114,3.2612,-1
194.569,2.407568,212.77,54.5752,75.56841,3.245844,-1
194.569,2.407588,212.77,54.52105,75.54968,3.306567,-1
194.5691,2.407583,212.77,54.54647,75.41176,3.291361,-1
194.5691,2.407585,212.77,54.5339,75.31159,3.297248,-1
194.5692,2.407593,212.77,54.51693,75.23065,3.319876,-1
194.5692,2.407592,212.7701,54.5084,75.12386,3.316015,-1
194.5693,2.407595,212.7701,54.48891,75.03644,3.325781,-1
194.5694,2.407594,212.7701,54.5267,74.92841,3.324417,-1
194.5694,2.407594,212.7701,54.51278,74.83741,3.325313,-1
194.5695,2.407595,212.7701,54.5359,74.73955,3.327853,-1
194.5695,2.407595,212.7701,54.52875,74.62863,3.32782,-1
194.5696,2.40759,212.7701,54.54471,74.51839,3.314982,-1
194.5696,2.407584,212.7702,54.56312,74.408,3.297972,-1
194.5697,2.407581,212.7702,54.57252,74.29727,3.286955,-1
194.5697,2.407577,212.7702,54.58071,74.18989,3.275045,-1
194.5698,2.407571,212.7702,54.59403,74.08018,3.258921,-1
194.5698,2.407574,212.7702,54.59811,73.99408,3.267828,-1
194.5699,2.407576,212.7702,54.60549,73.90156,3.274433,-1
194.5699,2.407571,212.7703,54.61243,73.7899,3.260455,-1
194.57,2.407574,212.7703,54.60845,73.71104,3.268481,-1
194.57,2.407576,212.7703,54.61276,73.63062,3.276749,-1
194.5701,2.407574,212.7703,54.61848,73.5335,3.269542,-1
194.5701,2.407577,212.7703,54.62946,73.45939,3.278421,-1
194.5702,2.407575,212.7704,54.6387,73.36842,3.275501,-1
194.5702,2.407571,212.7704,54.63908,73.27816,3.262192,-1
194.5703,2.407568,212.7704,54.64164,73.18865,3.254835,-1
194.5703,2.407572,212.7704,54.65454,73.12588,3.266355,-1
194.5703,2.407566,212.7704,54.66318,73.02802,3.249708,-1
194.5704,2.407563,212.7704,54.65631,72.9467,3.23803,-1
194.5704,2.407563,212.7704,54.66947,72.87882,3.239873,-1
194.5704,2.407565,212.7704,54.67456,72.8064,3.245919,-1
194.5705,2.407565,212.7704,54.6769,72.73848,3.246816,-1
194.5705,2.407569,212.7705,54.68491,72.6757,3.260064,-1
194.5706,2.40757,212.7705,54.68752,72.60921,3.262432,-1
194.5706,2.407569,212.7705,54.69185,72.53214,3.259498,-1
194.5706,2.407564,212.7705,54.69911,72.4483,3.247225,-1
194.5707,2.407566,212.7705,54.6953,72.38538,3.251126,-1
194.5707,2.407565,212.7705,54.69513,72.31125,3.249962,-1
194.5707,2.407566,212.7706,54.69907,72.23974,3.252713,-1
194.5708,2.407569,212.7706,54.69341,72.18172,3.261554,-1
194.5708,2.407573,212.7706,54.70259,72.12428,3.272341,-1
194.5708,2.40757,212.7706,54.7053,72.04398,3.263626,-1
194.5709,2.407569,212.7706,54.71204,71.9776,3.261872,-1
194.5709,2.407568,212.7706,54.71159,71.91295,3.259482,-1
194.571,2.407564,212.7706,54.71165,71.84227,3.247538,-1
194.571,2.407562,212.7707,54.71992,71.77367,3.240846,-1
194.571,2.407561,212.7707,54.71958,71.71217,3.237126,-1
194.571,2.407561,212.7707,54.72907,71.64954,3.238006,-1
194.5711,2.407556,212.7707,54.72313,71.57526,3.222775,-1
194.5711,2.407555,212.7707,54.70901,71.5149,3.219503,-1
194.5711,2.407548,212.7707,54.71875,71.43425,3.197678,-1
194.5712,2.407548,212.7707,54.71835,71.38546,3.198464,-1
194.5712,2.407543,212.7707,54.71262,71.3207,3.182282,-1
194.5712,2.407541,212.7708,54.70961,71.26186,3.175578,-1
194.5712,2.40754,212.7708,54.71395,71.20589,3.173748,-1
194.5713,2.40754,212.7708,54.69711,71.15704,3.171616,-1
194.5713,2.407539,212.7708,54.70679,71.10303,3.168449,-1
194.5713,2.407543,212.7708,54.72687,71.06753,3.181175,-1
194.5714,2.407551,212.7708,54.71992,71.04073,3.20702,-1
194.5714,2.407549,212.7708,54.73074,70.98268,3.201575,-1
194.5714,2.407552,212.7708,54.70399,70.94806,3.20962,-1
194.5714,2.407551,212.7708,54.7201,70.89957,3.207894,-1
194.5714,2.407551,212.7708,54.72076,70.8493,3.20664,-1
194.5715,2.407555,212.7708,54.73377,70.82193,3.220698,-1
194.5715,2.407559,212.7708,54.73523,70.79047,3.232225,-1
194.5715,2.40756,212.7708,54.73647,70.75394,3.235893,-1
194.5715,2.40756,212.7709,54.73539,70.7119,3.237481,-1
194.5715,2.407562,212.7709,54.7379,70.68346,3.24219,-1
194.5716,2.407559,212.7709,54.74347,70.63465,3.234172,-1
194.5716,2.407557,212.7709,54.74361,70.59883,3.228091,-1
194.5716,2.407554,212.7709,54.75083,70.55786,3.218213,-1
194.5716,2.407554,212.7709,54.7566,70.5285,3.220391,-1
194.5716,2.407551,212.7709,54.74743,70.48667,3.208884,-1
194.5717,2.407549,212.7709,54.75516,70.4547,3.205182,-1
194.5717,2.407549,212.7709,54.76486,70.42274,3.203799,-1
194.5717,2.407545,212.7709,54.75763,70.38155,3.189709,-1
194.5717,2.40754,212.7709,54.76378,70.33805,3.177033,-1
194.5717,2.407539,212.7709,54.76004,70.30915,3.173087,-1
194.5717,2.407538,212.7709,54.76164,70.27448,3.170362,-1
194.5717,2.407537,212.7709,54.74876,70.2443,3.165486,-1
194.5718,2.407534,212.771,54.74197,70.20875,3.155531,-1
194.5718,2.407532,212.771,54.75152,70.1822,3.150622,-1
194.5718,2.407529,212.771,54.74779,70.14763,3.140201,-1
194.5718,2.407537,212.771,54.7399,70.15788,3.162994,-1
194.5718,2.407539,212.771,54.74161,70.14402,3.172652,-1
194.5718,2.40754,212.771,54.73389,70.12641,3.173872,-1
194.5718,2.40754,212.771,54.74409,70.10332,3.175253,-1
194.5718,2.407546,212.771,54.74712,70.10074,3.191956,-1
194.5718,2.407547,212.771,54.73704,70.09002,3.194534,-1
194.5718,2.407547,212.771,54.73064,70.07787,3.195727,-1
194.5719,2.407544,212.771,54.74092,70.04911,3.185408,-1
194.5719,2.407545,212.771,54.74422,70.04111,3.189322,-1
194.5719,2.407542,212.771,54.75485,70.02227,3.183633,-1
194.5719,2.407539,212.771,54.75308,70.00395,3.171336,-1
194.5719,2.407543,212.771,54.76247,70.02956,3.186347,-1
194.5718,2.407573,212.771,54.92934,70.22423,3.293759,-1
194.5718,2.407578,212.771,54.85023,70.24252,3.301541,-1
194.5718,2.407568,212.771,54.88292,70.21648,3.273826,-1
194.5718,2.407549,212.771,54.93354,70.17348,3.217192,-1
194.5718,2.407547,212.771,54.93123,70.16716,3.21217,-1
194.5718,2.40755,212.771,54.92863,70.16378,3.221576,-1
194.5718,2.407554,212.771,54.89392,70.17551,3.230745,-1
194.5718,2.407539,212.771,54.9092,70.14698,3.18634,-1
194.5718,2.407541,212.771,54.91498,70.15157,3.192011,-1
194.5718,2.407541,212.771,54.90473,70.149,3.191037,-1
194.5718,2.407539,212.771,54.86714,70.10518,3.182477,-1
194.5719,2.407542,212.771,54.85689,70.04951,3.190913,-1
194.5719,2.407542,212.771,54.84875,69.9877,3.188795,-1
194.5719,2.407537,212.771,54.85216,69.91261,3.171761,-1
194.5719,2.407535,212.771,54.84222,69.85484,3.165918,-1
194.572,2.407541,212.771,54.84375,69.8205,3.185367,-1
194.572,2.407546,212.7711,54.834,69.77859,3.200349,-1
194.572,2.407547,212.7711,54.84168,69.73199,3.20289,-1
194.5721,2.40755,212.7711,54.86581,69.69518,3.216122,-1
194.5721,2.407544,212.7711,54.84545,69.62778,3.194421,-1
194.5721,2.407546,212.7711,54.87378,69.58941,3.201876,-1
194.5721,2.407542,212.7711,54.88267,69.54166,3.193702,-1
194.5721,2.407543,212.7711,54.89198,69.49927,3.196953,-1
194.5722,2.407542,212.7711,54.904,69.44662,3.193639,-1
194.5722,2.407539,212.7711,54.89637,69.38972,3.183953,-1
194.5722,2.407539,212.7711,54.90834,69.34963,3.18559,-1
194.5722,2.407537,212.7711,54.91014,69.30439,3.178792,-1
194.5723,2.407538,212.7711,54.9067,69.26212,3.180157,-1
194.5723,2.40754,212.7712,54.91013,69.2187,3.187309,-1
194.5723,2.407546,212.7712,54.90748,69.19263,3.206986,-1
194.5723,2.407547,212.7712,54.91209,69.15231,3.209611,-1
194.5723,2.407548,212.7712,54.91882,69.11414,3.215241,-1
194.5724,2.407553,212.7712,54.91847,69.08771,3.22971,-1
194.5724,2.407556,212.7712,54.92191,69.05411,3.23856,-1
194.5724,2.407559,212.7712,54.92049,69.02056,3.246763,-1
194.5724,2.407562,212.7712,54.9277,68.98938,3.258431,-1
194.5724,2.40756,212.7712,54.94155,68.95033,3.253762,-1
194.5725,2.40756,212.7712,54.93827,68.91592,3.253741,-1
194.5725,2.40756,212.7713,54.94361,68.87467,3.253679,-1
194.5725,2.40756,212.7713,54.95081,68.83467,3.252222,-1
194.5725,2.407559,212.7713,54.94929,68.78574,3.250056,-1
194.5726,2.407558,212.7713,54.95477,68.74625,3.247513,-1
194.5726,2.40756,212.7713,54.95771,68.70692,3.252839,-1
194.5726,2.407558,212.7713,54.95796,68.65973,3.248579,-1
194.5726,2.407554,212.7713,54.95774,68.60651,3.236968,-1
194.5726,2.407558,212.7713,54.95234,68.58677,3.247885,-1
194.5726,2.407559,212.7713,54.96206,68.55415,3.251817,-1
194.5727,2.407557,212.7713,54.95708,68.51238,3.243309,-1
194.5727,2.407555,212.7714,54.95137,68.46289,3.23657,-1
194.5727,2.407555,212.7714,54.96201,68.42809,3.239689,-1
194.5727,2.407556,212.7714,54.96132,68.39291,3.243135,-1
194.5728,2.407558,212.7714,54.95504,68.35853,3.247803,-1
194.5728,2.407559,212.7714,54.94346,68.33051,3.251612,-1
194.5728,2.407559,212.7714,54.94074,68.29706,3.249681,-1
194.5728,2.407558,212.7714,54.94254,68.26111,3.246926,-1
194.5728,2.407557,212.7714,54.93458,68.22376,3.241981,-1
194.5728,2.407562,212.7714,54.92881,68.21365,3.258946,-1
194.5728,2.407563,212.7714,54.93872,68.18017,3.261346,-1
194.5729,2.407563,212.7714,54.93493,68.14616,3.261594,-1
194.5729,2.407567,212.7715,54.93824,68.12483,3.273582,-1
194.5729,2.407564,212.7715,54.94423,68.08612,3.265244,-1
194.5729,2.407563,212.7715,54.9355,68.05335,3.26274,-1
194.5729,2.407567,212.7715,54.94855,68.02825,3.272978,-1
194.5729,2.407569,212.7715,54.94449,67.99969,3.280083,-1
194.573,2.407571,212.7715,54.94153,67.97186,3.286787,-1
194.573,2.40757,212.7715,54.94495,67.94141,3.284795,-1
194.573,2.407572,212.7715,54.9579,67.91794,3.290035,-1
194.573,2.407569,212.7715,54.96049,67.88225,3.282431,-1
194.573,2.40757,212.7715,54.96177,67.85233,3.286625,-1
194.573,2.40757,212.7715,54.96124,67.81525,3.284261,-1
194.5731,2.407568,212.7715,54.97113,67.77608,3.281104,-1
194.5731,2.407561,212.7715,54.96906,67.71841,3.257575,-1
194.5731,2.407558,212.7715,54.96834,67.67657,3.250408,-1
194.5731,2.407562,212.7715,54.97274,67.65816,3.262216,-1
194.5731,2.407562,212.7715,54.97433,67.63195,3.263044,-1
194.5731,2.40756,212.7716,54.97294,67.58857,3.254547,-1
194.5732,2.407556,212.7716,54.97725,67.54424,3.243296,-1
194.5732,2.407554,212.7716,54.97585,67.51237,3.236933,-1
194.5732,2.407552,212.7716,54.97508,67.47885,3.230068,-1
194.5732,2.407551,212.7716,54.98323,67.44556,3.228768,-1
194.5732,2.407553,212.7716,54.98336,67.41726,3.233673,-1
194.5732,2.407556,212.7716,54.98753,67.39905,3.242255,-1
194.5732,2.407559,212.7716,54.97847,67.37878,3.254209,-1
194.5733,2.407566,212.7716,54.98254,67.3639,3.273716,-1
194.5733,2.407569,212.7716,54.99236,67.34669,3.284443,-1
194.5733,2.40757,212.7716,54.98901,67.32417,3.287186,-1
194.5733,2.407572,212.7716,54.97984,67.30204,3.29437,-1
194.5733,2.407576,212.7716,54.97299,67.29423,3.304357,-1
194.5733,2.407571,212.7716,54.96899,67.25008,3.289532,-1
194.5733,2.40757,212.7717,54.96626,67.22517,3.287127,-1
194.5733,2.407568,212.7717,54.96241,67.19682,3.278348,-1
194.5734,2.407571,212.7717,54.96083,67.187,3.288714,-1
194.5734,2.40757,212.7717,54.95419,67.17249,3.284333,-1
194.5734,2.40757,212.7717,54.95419,67.17249,3.284333,-1
194.5734,2.407571,212.7717,54.94435,67.15868,3.28823,-1
194.5734,2.407571,212.7717,54.94098,67.1346,3.287416,-1
194.5734,2.40757,212.7717,54.94409,67.10771,3.284097,-1
194.5734,2.407569,212.7717,54.94587,67.07928,3.281633,-1
194.5734,2.407568,212.7717,54.94757,67.06017,3.279074,-1
194.5734,2.407568,212.7717,54.94347,67.04029,3.278847,-1
194.5734,2.407566,212.7717,54.95232,67.01652,3.271656,-1
194.5734,2.407569,212.7717,54.95496,67.01147,3.283345,-1
194.5735,2.407565,212.7717,54.9633,66.97966,3.269393,-1
194.5735,2.407562,212.7717,54.97494,66.94929,3.262615,-1
194.5735,2.407561,212.7717,54.9703,66.9232,3.258046,-1
194.5735,2.407559,212.7717,54.98026,66.89802,3.252896,-1
194.5735,2.407562,212.7717,54.97969,66.88916,3.262376,-1
194.5735,2.407562,212.7717,54.98385,66.87381,3.26222,-1
194.5735,2.407561,212.7717,54.98513,66.85435,3.259164,-1
194.5735,2.407561,212.7717,54.98513,66.83325,3.258338,-1
194.5735,2.407562,212.7718,54.98951,66.82539,3.264302,-1
194.5735,2.407562,212.7718,54.99795,66.80507,3.263611,-1
194.5735,2.407561,212.7718,54.99566,66.7827,3.259394,-1
194.5736,2.407563,212.7718,54.99754,66.77296,3.266941,-1
194.5736,2.407561,212.7718,55.00995,66.74775,3.261878,-1
194.5736,2.40756,212.7718,54.99734,66.72909,3.256767,-1
194.5736,2.40756,212.7718,55.00215,66.71196,3.257819,-1
194.5736,2.407563,212.7718,54.99124,66.71072,3.266064,-1
194.5736,2.40756,212.7718,54.98917,66.68854,3.255894,-1
194.5736,2.407559,212.7718,54.98567,66.67663,3.254236,-1
194.5736,2.407561,212.7718,54.98496,66.66815,3.258602,-1
194.5736,2.407561,212.7718,54.97774,66.66017,3.257389,-1
194.5736,2.40756,212.7718,54.97886,66.64349,3.255209,-1
194.5736,2.407561,212.7718,54.98206,66.63832,3.258509,-1
194.5736,2.407561,212.7718,54.98386,66.62907,3.258283,-1
194.5736,2.407565,212.7718,54.978,66.63814,3.272144,-1
194.5736,2.407562,212.7718,54.98972,66.61996,3.263526,-1
194.5736,2.407561,212.7718,54.97954,66.60817,3.258588,-1
194.5736,2.40756,212.7718,54.98255,66.58932,3.255565,-1
194.5737,2.40756,212.7718,54.98854,66.57523,3.256872,-1
194.5737,2.407563,212.7718,54.99887,66.5731,3.265917,-1
194.5737,2.407561,212.7718,54.99223,66.56183,3.260262,-1
194.5737,2.407561,212.7718,54.9824,66.56129,3.25952,-1
194.5737,2.407554,212.7718,54.98427,66.53598,3.238388,-1
194.5737,2.407554,212.7718,54.98837,66.53771,3.238808,-1
194.5737,2.407555,212.7718,54.98333,66.53719,3.241751,-1
194.5737,2.407554,212.7718,54.97166,66.53069,3.236353,-1
194.5737,2.407553,212.7718,54.9792,66.51942,3.233862,-1
194.5737,2.407548,212.7718,54.98959,66.49919,3.219179,-1
194.5737,2.407549,212.7718,54.98394,66.49657,3.222433,-1
194.5737,2.407551,212.7718,54.97852,66.49551,3.22706,-1
194.5737,2.407552,212.7718,54.98885,66.49129,3.231991,-1
194.5737,2.407552,212.7718,54.98342,66.49202,3.231944,-1
194.5737,2.407552,212.7718,54.98443,66.47567,3.232311,-1
194.5737,2.407551,212.7718,54.99176,66.46659,3.229602,-1
194.5737,2.407552,212.7718,54.99684,66.46187,3.232425,-1
194.5737,2.407552,212.7718,54.98782,66.45796,3.232129,-1
194.5737,2.407553,212.7718,54.98593,66.45868,3.235389,-1
194.5737,2.407541,212.7718,54.99617,66.42191,3.197042,-1
194.5737,2.407545,212.7718,54.97094,66.43616,3.208278,-1
194.5737,2.407546,212.7718,54.99715,66.4259,3.212997,-1
194.5737,2.407552,212.7718,54.99288,66.43784,3.230808,-1
194.5737,2.40755,212.7719,54.98619,66.42804,3.225919,-1
194.5737,2.407551,212.7719,54.99757,66.43274,3.229142,-1
194.5737,2.407554,212.7719,54.97796,66.43732,3.236626,-1
194.5737,2.407552,212.7719,54.98503,66.4241,3.230517,-1
194.5737,2.407554,212.7719,54.97589,66.43295,3.23696,-1
194.5737,2.407555,212.7719,55.00145,66.42793,3.24178,-1
194.5737,2.407558,212.7719,54.9906,66.42791,3.252093,-1
194.5737,2.407562,212.7719,55.00384,66.43919,3.263432,-1
194.5737,2.407564,212.7719,55.00338,66.43993,3.270776,-1
194.5737,2.407567,212.7719,55.01851,66.43573,3.279771,-1
194.5737,2.40759,212.7719,54.92302,66.50436,3.345154,-1
194.5737,2.407577,212.7719,55.05175,66.4472,3.315659,-1
194.5737,2.407596,212.7719,55.02864,66.48251,3.371842,-1
194.5737,2.40765,212.7719,54.86209,66.60941,3.526928,-1
194.5738,2.40763,212.7719,55.02345,66.53288,3.479303,-1
194.5737,2.407629,212.7719,54.95816,66.55992,3.468322,-1
194.5737,2.407629,212.7719,54.95816,66.55993,3.468319,-1
194.5737,2.407629,212.7719,54.95816,66.55993,3.468319,-1
194.5737,2.407586,212.7719,54.95669,66.47803,3.333824,-1
194.5737,2.407574,212.7719,54.98618,66.45567,3.300397,-1
194.5737,2.407572,212.7719,54.95219,66.46629,3.291616,-1
194.5737,2.407571,212.7719,54.97155,66.47601,3.288336,-1
194.5737,2.407562,212.7719,54.99236,66.45452,3.263139,-1
194.5737,2.407555,212.7718,55.00089,66.44504,3.241936,-1
194.5737,2.407549,212.7718,55.01535,66.43859,3.224198,-1
194.5737,2.407553,212.7718,55.0313,66.46271,3.239234,-1
194.5737,2.40755,212.7718,55.0235,66.45798,3.227206,-1
194.5737,2.407549,212.7718,55.03197,66.46804,3.226987,-1
194.5737,2.407548,212.7718,55.03294,66.47236,3.22244,-1
194.5737,2.407549,212.7718,55.02385,66.48503,3.224534,-1
194.5737,2.407553,212.7718,55.02696,66.50166,3.237462,-1
194.5737,2.407562,212.7718,55.03089,66.53032,3.265001,-1
194.5737,2.407569,212.7718,55.03293,66.55806,3.287466,-1
194.5737,2.407572,212.7718,55.03188,66.57188,3.296703,-1
194.5737,2.407572,212.7718,55.01785,66.58461,3.297288,-1
194.5737,2.407576,212.7718,55.01481,66.60582,3.309614,-1
194.5737,2.407576,212.7718,55.02389,66.61237,3.309303,-1
194.5737,2.407575,212.7718,55.0149,66.62272,3.3043,-1
194.5736,2.407578,212.7718,55.01735,66.63965,3.314242,-1
194.5736,2.407578,212.7718,55.0204,66.65095,3.314814,-1
194.5736,2.407577,212.7718,55.01602,66.65908,3.311286,-1
194.5736,2.407577,212.7718,55.01087,66.66203,3.310115,-1
194.5736,2.40758,212.7718,55.01845,66.68462,3.321637,-1
194.5736,2.407581,212.7718,54.99914,66.70428,3.324002,-1
194.5736,2.407578,212.7718,55.01193,66.70491,3.315637,-1
194.5736,2.407582,212.7718,55.01257,66.72233,3.326942,-1
194.5736,2.407578,212.7718,55.00604,66.72416,3.315356,-1
194.5736,2.407575,212.7718,55.00977,66.72752,3.304506,-1
194.5736,2.407576,212.7718,55.01302,66.74915,3.309082,-1
194.5736,2.407573,212.7718,55.0023,66.75171,3.300246,-1
194.5736,2.407572,212.7718,55.02363,66.7653,3.296466,-1
194.5736,2.407578,212.7718,55.03792,66.78283,3.315495,-1
194.5736,2.407623,212.7718,54.94546,66.896,3.448807,-1
194.5736,2.407609,212.7718,55.05319,66.861,3.414302,-1
194.5735,2.407617,212.7718,54.96435,66.917,3.433556,-1
194.5735,2.407581,212.7718,55.04809,66.837,3.325972,-1
194.5735,2.407552,212.7718,55.08944,66.81767,3.239951,-1
194.5735,2.407558,212.7717,54.99372,66.86347,3.250745,-1
194.5735,2.407537,212.7717,55.09703,66.80035,3.192747,-1
194.5735,2.407542,212.7717,55.02515,66.84715,3.203422,-1
194.5735,2.407538,212.7717,55.0761,66.83636,3.193728,-1
194.5735,2.407548,212.7717,55.02413,66.89071,3.223136,-1
194.5735,2.40755,212.7717,55.03788,66.89685,3.228273,-1
194.5735,2.40755,212.7717,55.03147,66.90385,3.229681,-1
194.5735,2.407557,212.7717,55.01274,66.93244,3.249783,-1
194.5735,2.407562,212.7717,55.01038,66.95492,3.263014,-1
194.5735,2.407565,212.7717,55.0099,66.96908,3.272843,-1
194.5735,2.407571,212.7717,54.99696,66.99759,3.290903,-1
194.5735,2.407575,212.7717,55.01238,67.01163,3.304909,-1
194.5734,2.407577,212.7717,55.00554,67.02941,3.311992,-1
194.5734,2.407583,212.7717,55.00275,67.06253,3.32814,-1
194.5734,2.407586,212.7717,55.01902,67.08914,3.339492,-1
194.5734,2.407583,212.7717,55.01172,67.10544,3.330199,-1
194.5734,2.407583,212.7717,55.0303,67.12199,3.331573,-1
194.5734,2.407584,212.7717,55.02242,67.14513,3.333826,-1
194.5734,2.407584,212.7717,55.02366,67.1666,3.334115,-1
194.5734,2.407585,212.7717,55.01574,67.18951,3.337384,-1
194.5734,2.407581,212.7717,55.0413,67.19638,3.327052,-1
194.5734,2.407576,212.7717,55.02675,67.2038,3.308655,-1
194.5733,2.407576,212.7717,55.01542,67.22057,3.30925,-1
194.5733,2.407573,212.7717,55.00581,67.23148,3.299631,-1
194.5733,2.407578,212.7716,54.99958,67.27393,3.313297,-1
194.5733,2.407572,212.7716,55.00338,67.27411,3.295252,-1
194.5733,2.407572,212.7716,55.00267,67.31165,3.295251,-1
194.5733,2.407573,212.7716,55.01871,67.33219,3.298027,-1
194.5733,2.407572,212.7716,55.02722,67.35268,3.297785,-1
194.5733,2.407569,212.7716,55.00803,67.36006,3.287087,-1
194.5733,2.407574,212.7716,55.02272,67.40012,3.302741,-1
194.5732,2.407568,212.7716,55.00839,67.40668,3.282924,-1
194.5732,2.407565,212.7716,55.02304,67.41499,3.274263,-1
194.5732,2.407566,212.7716,55.04052,67.43823,3.279957,-1
194.5732,2.407565,212.7716,55.03949,67.4558,3.275145,-1
194.5732,2.407566,212.7716,55.02365,67.48883,3.278485,-1
194.5732,2.407558,212.7716,55.03668,67.48899,3.253902,-1
194.5732,2.407558,212.7716,55.03313,67.51943,3.254909,-1
194.5732,2.407559,212.7716,55.05795,67.53438,3.258419,-1
194.5732,2.407566,212.7716,55.04728,67.58009,3.280605,-1
194.5732,2.407563,212.7716,55.04929,67.5913,3.270936,-1
194.5731,2.407558,212.7715,55.05559,67.60733,3.256504,-1
194.5731,2.407558,212.7715,55.04434,67.63649,3.256627,-1
194.5731,2.407562,212.7715,55.08356,67.64852,3.269066,-1
194.5731,2.407571,212.7715,55.04099,67.70391,3.295265,-1
194.5731,2.407568,212.7715,55.06058,67.70934,3.287631,-1
194.5731,2.407576,212.7715,55.06653,67.75218,3.31356,-1
194.5731,2.407577,212.7715,55.05324,67.77934,3.313339,-1
194.5731,2.407577,212.7715,55.06742,67.80721,3.314159,-1
194.573,2.407577,212.7715,55.05448,67.82494,3.314559,-1
194.573,2.407563,212.7715,55.05867,67.80649,3.272809,-1
194.573,2.407565,212.7715,55.05535,67.83981,3.277953,-1
194.573,2.407553,212.7715,55.02595,67.81846,3.236199,-1
194.573,2.407552,212.7715,55.06847,67.84782,3.238245,-1
194.573,2.40756,212.7715,55.02953,67.90296,3.260865,-1
194.573,2.40755,212.7715,55.05431,67.88192,3.229927,-1
194.573,2.407553,212.7715,55.04158,67.92543,3.240236,-1
194.573,2.407552,212.7715,55.03721,67.9474,3.235732,-1
194.5729,2.407547,212.7715,55.04269,67.95698,3.222258,-1
194.5729,2.40755,212.7715,55.0304,67.98724,3.227335,-1
194.5729,2.407551,212.7715,55.03141,68.01581,3.230982,-1
194.5729,2.407556,212.7715,55.03561,68.06101,3.245861,-1
194.5729,2.407557,212.7715,55.0229,68.09249,3.249787,-1
194.5729,2.407554,212.7715,55.03248,68.1014,3.240618,-1
194.5729,2.407557,212.7714,55.04754,68.14973,3.253028,-1
194.5728,2.407547,212.7714,55.04652,68.13596,3.220878,-1
194.5728,2.407549,212.7714,55.03644,68.16776,3.227467,-1
194.5728,2.407551,212.7714,55.05125,68.19856,3.233642,-1
194.5728,2.40755,212.7714,55.05643,68.21721,3.231341,-1
194.5728,2.407555,212.7714,55.05643,68.25829,3.247232,-1
194.5728,2.407557,212.7714,55.06972,68.2924,3.25568,-1
194.5728,2.407559,212.7714,55.06251,68.32259,3.260788,-1
194.5728,2.40756,212.7714,55.04882,68.34544,3.260533,-1
194.5728,2.407557,212.7714,55.06745,68.36774,3.252524,-1
194.5727,2.407557,212.7714,55.04469,68.3931,3.252467,-1
194.5727,2.407556,212.7714,55.04856,68.41445,3.249245,-1
194.5727,2.407557,212.7714,55.04637,68.44091,3.250391,-1
194.5727,2.407559,212.7714,55.04613,68.47956,3.257856,-1
194.5727,2.407557,212.7714,55.05232,68.49416,3.253494,-1
194.5727,2.407562,212.7713,55.0452,68.53687,3.266835,-1
194.5726,2.40756,212.7713,55.05238,68.5558,3.260999,-1
194.5726,2.407561,212.7713,55.05212,68.59317,3.266223,-1
194.5726,2.40756,212.7713,55.04171,68.61313,3.261658,-1
194.5726,2.407559,212.7713,55.04645,68.64224,3.260053,-1
194.5726,2.407558,212.7713,55.03925,68.67123,3.253882,-1
194.5726,2.407553,212.7713,55.03861,68.6827,3.23862,-1
194.5726,2.407555,212.7713,55.03193,68.71833,3.244582,-1
194.5726,2.407558,212.7713,55.03167,68.75098,3.255551,-1
194.5725,2.407558,212.7713,55.02977,68.77826,3.255495,-1
194.5725,2.40756,212.7713,55.02534,68.81784,3.259089,-1
194.5725,2.40756,212.7713,55.03284,68.85078,3.261565,-1
194.5725,2.407565,212.7713,55.02762,68.89724,3.275083,-1
194.5725,2.407561,212.7713,55.03516,68.90923,3.264461,-1
194.5725,2.407562,212.7712,55.04427,68.94179,3.268529,-1
194.5724,2.407564,212.7712,55.04489,68.97747,3.273675,-1
194.5724,2.407559,212.7712,55.06091,68.99605,3.259755,-1
194.5724,2.407555,212.7712,55.05283,69.01461,3.244647,-1
194.5724,2.407555,212.7712,55.0618,69.04868,3.247439,-1
194.5724,2.407562,212.7712,55.05402,69.09888,3.270183,-1
194.5724,2.407564,212.7712,55.05343,69.12959,3.274515,-1
194.5724,2.407563,212.7712,55.04056,69.15142,3.271244,-1
194.5723,2.407565,212.7712,55.03288,69.18694,3.274779,-1
194.5723,2.40756,212.7712,55.04193,69.20964,3.261625,-1
194.5723,2.40756,212.7712,55.04584,69.23811,3.261462,-1
194.5723,2.407559,212.7712,55.05006,69.25856,3.259075,-1
194.5723,2.407561,212.7712,55.04741,69.29238,3.265719,-1
194.5723,2.407557,212.7712,55.03555,69.29761,3.249647,-1
194.5723,2.407557,212.7711,55.04817,69.32612,3.251771,-1
194.5723,2.407557,212.7711,55.04758,69.35043,3.250489,-1
194.5722,2.407555,212.7711,55.05906,69.37345,3.245711,-1
194.5722,2.407552,212.7711,55.05365,69.40179,3.23801,-1
194.5722,2.407553,212.7711,55.04994,69.43519,3.238011,-1
194.5722,2.407549,212.7711,55.04994,69.45372,3.226974,-1
194.5722,2.407548,212.7711,55.04146,69.47556,3.223679,-1
194.5722,2.40755,212.7711,55.04595,69.50489,3.230417,-1
194.5721,2.407552,212.7711,55.04961,69.53505,3.23485,-1
194.5721,2.407553,212.7711,55.04294,69.56165,3.239989,-1
194.5721,2.407554,212.7711,55.03267,69.58673,3.241718,-1
194.5721,2.40756,212.7711,55.04387,69.62584,3.26132,-1
194.5721,2.407566,212.7711,55.03826,69.67054,3.279878,-1
194.5721,2.407561,212.7711,55.04367,69.67846,3.263107,-1
194.5721,2.40756,212.7711,55.05131,69.69851,3.261145,-1
194.5721,2.407565,212.7711,55.04539,69.7369,3.27695,-1
194.572,2.407568,212.7711,55.05095,69.76989,3.288108,-1
194.572,2.407564,212.7711,55.04866,69.78474,3.274712,-1
194.572,2.407564,212.7711,55.05228,69.81231,3.273889,-1
194.572,2.407562,212.7711,55.05967,69.83276,3.269276,-1
194.572,2.407567,212.7711,55.04927,69.87313,3.282665,-1
194.572,2.407565,212.7711,55.04833,69.89493,3.278095,-1
194.572,2.407561,212.771,55.05159,69.91092,3.264267,-1
194.5719,2.407558,212.771,55.05079,69.93126,3.255627,-1
194.5719,2.407557,212.771,55.05119,69.95557,3.252912,-1
194.5719,2.407556,212.771,55.04415,69.97529,3.249187,-1
194.5719,2.407561,212.771,55.04053,70.01614,3.263343,-1
194.5719,2.407562,212.771,55.04779,70.04698,3.266882,-1
194.5719,2.40756,212.771,55.03771,70.07124,3.261155,-1
194.5719,2.407562,212.771,55.04165,70.1057,3.267223,-1
194.5719,2.407561,212.771,55.03718,70.12598,3.263563,-1
194.5718,2.407562,212.771,55.0351,70.15536,3.267654,-1
194.5718,2.407563,212.771,55.03824,70.18457,3.270714,-1
194.5718,2.407566,212.771,55.0352,70.21806,3.27887,-1
194.5718,2.407566,212.771,55.04665,70.24218,3.278298,-1
194.5718,2.407562,212.771,55.05087,70.25281,3.266909,-1
194.5718,2.407569,212.771,55.04757,70.30629,3.290263,-1
194.5717,2.40757,212.771,55.04226,70.33948,3.291955,-1
194.5717,2.407567,212.7709,55.04313,70.36072,3.28283,-1
194.5717,2.407567,212.7709,55.04919,70.3874,3.283895,-1
194.5717,2.407567,212.7709,55.05347,70.41362,3.282699,-1
194.5717,2.407561,212.7709,55.06006,70.41878,3.266507,-1
194.5717,2.407557,212.7709,55.05714,70.4342,3.254221,-1
194.5717,2.407554,212.7709,55.05342,70.44881,3.243084,-1
194.5717,2.407558,212.7709,55.05235,70.48161,3.255774,-1
194.5717,2.407558,212.7709,55.05781,70.50621,3.255957,-1
194.5716,2.407557,212.7709,55.04009,70.52919,3.251912,-1
194.5716,2.407556,212.7709,55.04499,70.55164,3.247268,-1
194.5716,2.407557,212.7709,55.04322,70.57592,3.250345,-1
194.5716,2.407553,212.7709,55.04343,70.59184,3.239791,-1
194.5716,2.407552,212.7709,55.05193,70.60692,3.237959,-1
194.5716,2.407557,212.7709,55.05777,70.64801,3.252507,-1
194.5716,2.40756,212.7709,55.06034,70.68314,3.261379,-1
194.5715,2.407558,212.7709,55.05327,70.70495,3.257214,-1
194.5715,2.40756,212.7709,55.0537,70.72593,3.26231,-1
194.5715,2.407563,212.7709,55.06392,70.75339,3.271832,-1
194.5715,2.407562,212.7708,55.07046,70.76713,3.268902,-1
194.5715,2.407567,212.7708,55.06395,70.80879,3.28246,-1
194.5715,2.407568,212.7708,55.06568,70.83669,3.286549,-1
194.5715,2.407569,212.7708,55.06556,70.86858,3.291518,-1
194.5715,2.407568,212.7708,55.05564,70.87777,3.287205,-1
194.5715,2.407571,212.7708,55.06401,70.91532,3.296298,-1
194.5714,2.40757,212.7708,55.06571,70.9322,3.293591,-1
194.5714,2.407563,212.7708,55.06136,70.9399,3.273169,-1
194.5714,2.407565,212.7708,55.05151,70.96754,3.275411,-1
194.5714,2.407567,212.7708,55.05216,70.99255,3.282427,-1
194.5714,2.407565,212.7708,55.06437,71.00951,3.276743,-1
194.5714,2.407561,212.7708,55.06063,71.01419,3.264921,-1
194.5714,2.407559,212.7708,55.05317,71.02266,3.257695,-1
194.5714,2.40756,212.7708,55.06456,71.04257,3.261744,-1
194.5714,2.407556,212.7708,55.05729,71.05299,3.249362,-1
194.5714,2.407554,212.7708,55.05072,71.06081,3.241457,-1
194.5714,2.407559,212.7708,55.04644,71.08641,3.257078,-1
194.5714,2.407557,212.7708,55.06212,71.09829,3.253109,-1
194.5713,2.407556,212.7708,55.04988,71.10593,3.247074,-1
194.5713,2.407556,212.7708,55.05877,71.12475,3.25076,-1
194.5713,2.407586,212.7708,54.96349,71.20856,3.337264,-1
194.5713,2.407558,212.7708,55.1082,71.12523,3.260324,-1
194.5712,2.407573,212.7708,54.97989,71.32437,3.295492,-1
194.5712,2.407578,212.7707,55.21584,71.4177,3.332627,-1
194.5712,2.407597,212.7707,55.05225,71.5202,3.376062,-1
194.5712,2.407584,212.7707,55.12575,71.50283,3.3422,-1
194.5711,2.40759,212.7707,55.05708,71.56873,3.356051,-1
194.5711,2.407583,212.7707,55.11823,71.56209,3.340594,-1
194.5711,2.407588,212.7707,55.0648,71.60493,3.352022,-1
194.5711,2.40759,212.7707,55.04795,71.6203,3.354546,-1
194.5711,2.407588,212.7707,55.06249,71.62019,3.349445,-1
194.5711,2.407584,212.7707,55.05383,71.61079,3.335958,-1
194.5711,2.407581,212.7707,55.0523,71.60052,3.326582,-1
194.5711,2.407579,212.7707,55.0507,71.60714,3.320606,-1
194.5711,2.407576,212.7707,55.03929,71.60315,3.30873,-1
194.5711,2.407575,212.7707,55.02575,71.60937,3.305264,-1
194.5711,2.40757,212.7707,55.0299,71.5947,3.291529,-1
194.5711,2.407568,212.7707,55.03553,71.58891,3.283959,-1
194.5711,2.407574,212.7707,55.04608,71.62103,3.304427,-1
194.5711,2.407573,212.7707,55.06625,71.63484,3.303337,-1
194.5711,2.407585,212.7707,55.04487,71.71637,3.340082,-1
194.571,2.407579,212.7707,55.07705,71.7231,3.324522,-1
194.571,2.407594,212.7706,55.15325,71.90673,3.376475,-1
194.571,2.407592,212.7706,55.17443,71.93221,3.373621,-1
194.571,2.407626,212.7706,55.16449,72.03072,3.47896,-1
194.5709,2.407762,212.7706,55.6869,72.47012,3.957138,-1
194.5704,2.407897,212.7704,53.82639,73.58865,4.190763,-1
194.5705,2.407791,212.7705,55.29299,73.34836,4.010136,-1
194.5704,2.407791,212.7704,54.27953,73.41235,3.910866,-1
194.5706,2.407698,212.7705,54.86967,72.89417,3.677846,-1
194.5705,2.407712,212.7705,54.58992,73.00351,3.693083,-1
194.5706,2.407753,212.7705,55.22473,73.02933,3.882269,-1
194.5663,2.40511,212.7693,37.34309,75.85457,356.829,-1
194.5803,2.40575,212.7762,64.53922,46.69959,356.8037,-1
194.5901,2.406271,212.8103,77.79327,340.1852,357.9146,-1
194.5887,2.4041,212.8137,83.06469,297.2007,321.2874,-1
194.5891,2.40518,212.8128,80.2631,323.3878,345.6993,-1
194.5886,2.404135,212.8138,73.42897,320.8961,344.8725,-1
194.5853,2.401614,212.8189,49.91875,313.8271,346.2344,-1
194.5916,2.406525,212.8017,65.28099,357.8928,0.03479206,-1
194.5911,2.410476,212.7968,61.35835,19.85582,14.95722,-1
194.5895,2.407547,212.7892,90,20.7026,0,-1
194.5729,2.404102,212.7715,65.30721,55.79014,349.5911,-1
194.5725,2.406786,212.7713,74.82318,67.92529,1.840952,-1
194.5835,2.410514,212.7796,76.2137,72.07357,31.60864,-1
194.5897,2.409533,212.7902,76.05294,41.28949,23.01414,-1
194.5909,2.404719,212.8071,79.00293,331.2708,342.8681,-1
194.59,2.406188,212.8105,90,341.9298,0,-1
194.5914,2.40371,212.798,74.7659,345.63,340.4954,-1
194.589,2.40838,212.8131,72.62542,347.6018,11.23973,-1
194.5866,2.402758,212.8173,82.18018,207.5704,239.6915,-1
194.5853,2.39552,212.8161,19.64382,321.2603,338.5996,-1
194.5872,2.39413,212.811,322.8174,357.7377,330.9296,-1
194.5882,2.397732,212.8118,304.5191,3.131752,331.0233,-1
194.5889,2.400687,212.8119,310.3146,351.5261,343.6438,-1
194.5893,2.402878,212.8119,325.8005,343.4732,352.0963,-1
194.5885,2.404109,212.814,338.7388,336.7338,355.3678,-1
194.5884,2.406665,212.8144,355.4446,334.3644,0.2661715,-1
194.5888,2.408289,212.8134,8.530931,336.757,3.210916,-1
194.5891,2.409807,212.8124,11.83636,339.2776,6.030079,-1
194.5889,2.41036,212.8127,18.59058,339.7381,7.278455,-1
194.5895,2.407854,212.8119,18.27343,340.0511,2.521381,-1
194.5885,2.406908,212.8143,17.27492,334.6958,0.7326205,-1
194.5898,2.407441,212.811,18.13296,341.4055,1.740943,-1
194.5912,2.408891,212.8047,19.17051,353.9486,4.505072,-1
194.5911,2.411691,212.8016,19.6102,1.466626,9.882689,-1
194.5915,2.408667,212.8015,17.77147,359.5757,4.046203,-1
194.59,2.407139,212.8105,15.19251,342.1314,1.153238,-1
194.5886,2.406128,212.8141,11.9197,334.866,359.2876,-1
194.589,2.405529,212.8131,17.11757,336.2566,358.1487,-1
194.5889,2.405952,212.8134,16.62608,336.0451,358.9444,-1
194.5891,2.407241,212.8128,4.631429,337.6194,1.300384,-1
194.5892,2.407485,212.8126,5.46474,338.0548,1.741789,-1
194.5894,2.407402,212.8122,6.648521,338.7628,1.594321,-1
194.5894,2.407167,212.8121,5.302517,338.9289,1.1693,-1
194.5896,2.406844,212.8117,4.287019,339.5631,0.5867949,-1
194.5895,2.406687,212.8119,6.409285,339.1889,0.3053345,-1
194.5894,2.406805,212.8122,8.319668,338.7297,0.5215376,-1
194.5896,2.406725,212.8117,1.095921,339.5077,0.3723407,-1
194.5893,2.406746,212.8124,3.176527,338.2167,0.4099032,-1
194.5895,2.406786,212.8119,5.532238,339.2841,0.483546,-1
194.5896,2.406881,212.8117,7.504294,339.5764,0.657826,-1
194.59,2.40637,212.8104,7.642013,341.9551,359.7337,-1
194.5899,2.404712,212.8107,6.681103,340.9854,356.7451,-1
194.5903,2.406183,212.8093,8.94513,343.9477,359.3941,-1
194.5907,2.406664,212.8079,6.818833,346.7211,0.2655069,-1
194.5909,2.407332,212.8069,8.993464,348.7813,1.477598,-1
194.5908,2.406401,212.8075,7.998335,347.3705,359.7905,-1
194.5902,2.406499,212.8098,4.798632,343.2299,359.9677,-1
194.5903,2.406558,212.8095,359.0307,343.7622,0.07379736,-1
194.59,2.406404,212.8106,2.162006,341.6217,359.7971,-1
194.5901,2.406174,212.8102,2.609658,342.3944,359.3846,-1
194.5901,2.406472,212.8101,3.789443,342.6439,359.92,-1
194.5901,2.40635,212.81,3.995324,342.7047,359.6993,-1
194.5902,2.406235,212.8099,3.635118,342.8835,359.4942,-1
194.5902,2.406152,212.8098,3.697155,343.013,359.3454,-1
194.5902,2.406311,212.81,4.006793,342.803,359.6292,-1
194.5899,2.407335,212.8109,12.67914,341.4481,1.500509,-1
194.5898,2.407474,212.8112,14.67468,340.9922,1.770757,-1
194.5898,2.407474,212.8112,14.67468,340.9922,1.770757,-1
194.59,2.407404,212.8106,8.292642,341.945,1.60576,-1
194.59,2.407114,212.8104,7.877851,342.1317,1.079099,-1
194.5902,2.406739,212.8099,7.384822,342.9966,0.4008367,-1
194.5902,2.406596,212.8098,7.269291,343.1687,0.1425803,-1
194.5907,2.40618,212.808,359.6434,346.3979,359.3972,-1
194.5905,2.406341,212.8087,359.4363,345.119,359.6839,-1
194.5905,2.406337,212.8086,359.3255,345.3962,359.678,-1
194.5905,2.406341,212.8087,359.8418,345.2246,359.6852,-1
194.5905,2.406216,212.8087,359.8259,345.1966,359.4615,-1
194.5905,2.406197,212.8087,0.0691542,345.1447,359.4275,-1
194.5905,2.406279,212.8087,0.3559524,345.0989,359.5741,-1
194.5905,2.406312,212.8088,0.3656548,345.0037,359.6329,-1
194.5905,2.406303,212.8088,0.6093037,345.0182,359.6171,-1
194.5905,2.406258,212.8087,0.940302,345.3033,359.5354,-1
194.5905,2.406275,212.8086,0.9206193,345.3253,359.5662,-1
194.5905,2.406261,212.8087,0.8877307,345.2282,359.5414,-1
194.5906,2.40621,212.8086,0.921037,345.4758,359.4507,-1
194.5906,2.406218,212.8084,1.03339,345.6768,359.4648,-1
194.5907,2.406055,212.8081,1.068613,346.3422,359.1725,-1
194.5915,2.407495,212.7988,0.2053733,3.115707,1.751003,-1
194.5896,2.406718,212.7894,0.4803391,20.4341,0.3593403,-1
194.5915,2.405571,212.8028,359.6401,355.874,358.305,-1
194.589,2.40533,212.8131,359.5816,336.8964,357.8737,-1
271.5389,2.404884,220.0282,0.2888571,341.2981,358.1313,-1
271.539,2.405236,220.0281,0.1342849,341.5611,358.7614,-1
271.5406,2.406807,220.0193,359.8861,357.6553,1.57448,-1
271.5354,2.404832,220.0004,1.170123,33.23085,358.0374,-1
271.5388,2.40481,220.0288,359.8442,340.2708,357.9983,-1
271.5198,2.406299,220.048,358.2695,290.3786,0.6650416,-1
271.5193,2.407067,220.0481,359.4764,289.4101,2.040607,-1
271.5353,2.405856,220.0356,359.4507,326.564,359.8704,-1
271.5357,2.405485,220.035,359.3863,327.8515,359.2071,-1
271.5364,2.404902,220.0338,0.08297317,330.2207,358.1636,-1
271.5337,2.405147,220.0379,359.6328,321.5444,358.601,-1
271.5225,2.40617,220.0468,1.196385,295.7388,0.432803,-1
271.5086,1.030928,220.018,0,45,0,exit0
271.5174,2.406517,220.0487,4.471251,285.969,1.058458,-1
271.5143,2.407717,220.0494,8.106795,280.6652,3.236732,-1
271.4531,2.407347,220.0648,7.05335,284.7505,1.496597,-1
270.6949,2.406223,220.2781,8.440854,288.1374,359.4675,-1
268.8509,2.406386,220.9187,9.837147,290.9765,359.7621,-1
267.0178,2.407432,221.5383,10.32601,287.4861,1.665853,-1
264.0651,2.407547,222.4644,9.663935,287.3755,1.870277,-1
260.8935,2.407145,223.4573,9.648431,287.7773,1.139957,-1
257.8466,2.406022,224.4572,9.275315,289.0383,0.1146303,-1
254.5804,2.40662,225.5892,8.547317,289.19,0.1856742,-1
251.3577,2.406945,226.6991,8.263886,288.612,0.7743659,-1
247.846,2.406924,227.8891,8.229221,288.811,0.7358103,-1
244.4343,2.406952,229.0573,7.966529,289.154,0.7869703,-1
240.9642,2.405584,230.2781,8.504406,290.2542,359.5622,-1
237.1636,2.406527,231.6649,8.633983,289.8215,0.0178187,-1
233.4157,2.406796,233.0173,8.582221,289.6682,0.5825034,-1
229.602,2.40766,234.3758,8.711936,288.1927,2.070753,-1
225.79,2.408421,235.5384,8.399444,285.6778,3.447845,-1
221.8407,2.407331,236.7157,8.653843,288.7526,1.474549,-1
217.9834,2.407341,237.9959,8.330288,288.472,1.490348,-1
214.3044,2.407062,239.2466,8.127451,289.2923,0.9857849,-1
210.4907,2.407134,240.5846,7.837183,289.4607,1.114912,-1
206.9891,2.407233,241.8195,7.545212,289.2875,1.292237,-1
203.3994,2.407315,243.0849,7.481952,289.4254,1.441433,-1
199.8892,2.407377,244.3299,7.193643,289.5657,1.55245,-1
196.1963,2.407447,245.6451,7.052663,289.6687,1.677741,-1
192.2281,2.404108,247.0374,5.716785,286.3209,4.693793,-1
188.4216,2.405991,248.087,6.386756,285.7688,3.839902,-1
184.6343,2.405424,249.1873,6.236486,286.8472,3.478332,-1
181.0103,2.40811,250.3075,6.106537,287.765,2.868927,-1
177.4108,2.407984,251.459,6.320527,287.5223,2.643978,-1
174.1473,2.407665,252.503,7.513897,288.2422,2.074397,-1
173.7687,1.031517,252.5945,0,45,0,enter1
173.2798,2.407456,252.7898,7.762733,294.1144,1.697867,-1
173.2969,2.40594,252.7666,4.9052,349.8641,358.9634,-1
173.2944,2.405568,252.7477,4.547486,24.43802,358.2947,-1
173.2922,2.40615,252.7437,4.221548,32.82468,359.342,-1
173.2894,2.404866,252.7401,1.220795,40.86948,357.0416,-1
173.2873,2.405051,252.7378,1.235994,46.4567,357.3739,-1
173.2836,2.405204,252.7348,2.318775,54.92568,357.6458,-1
173.2827,2.405088,252.7342,3.833971,56.85286,357.4349,-1
173.2838,2.405782,252.7349,3.989031,54.512,358.6813,-1
173.2833,2.405583,252.7346,4.992065,55.50675,358.3204,-1
173.2854,2.407485,252.7361,7.420812,51.36126,1.748589,-1
173.2857,2.406003,252.7364,8.407373,50.1943,359.0687,-1
173.2653,1.031517,252.761,0,45,0,exit1
174.3741,2.404786,253.6291,8.516922,51.22531,356.8643,-1
177.4729,2.404364,256.1132,7.513921,52.18082,356.1087,-1
180.5891,2.404338,258.5327,7.060547,51.99858,356.0649,-1
183.5272,2.404246,260.8284,7.369276,52.2724,355.8972,-1
186.4159,2.404225,263.0637,7.363624,52.46005,355.8583,-1
189.7428,2.403918,265.6142,7.278039,52.57495,355.6956,-1
192.7091,2.403759,267.8884,7.237232,52.51714,355.7613,-1
195.9264,2.404241,270.3481,7.15935,52.47648,355.8885,-1
198.9529,2.404212,272.6752,7.145239,52.42802,355.8377,-1
201.8379,2.404342,274.8992,7.038759,52.17345,356.0737,-1
205.3842,2.403199,277.6548,7.848379,52.18246,356.2412,-1
209.0998,2.395221,280.5486,8.740679,51.86535,356.3736,-1
213.524,2.404462,284.0215,8.492285,51.90279,356.2776,-1
217.9129,2.404521,287.4521,8.236612,51.60494,356.3858,-1
222.1087,2.406199,290.9497,7.14407,46.86192,359.4258,-1
225.9693,2.406839,294.6607,6.763608,44.79127,0.5806547,-1
229.1302,2.407087,297.8159,5.692363,44.81062,1.026547,-1
231.7995,2.407402,300.5181,6.075933,44.75875,1.594424,-1
233.4181,2.407548,302.1503,4.973028,45.17103,1.852702,-1
234.5049,2.40821,303.2469,5.078982,44.59443,3.043754,-1
236.8192,2.40834,305.5539,5.967489,44.88159,3.283605,-1
240.2951,2.407282,309.1314,5.965587,43.24583,3.888046,-1
242.987,2.408298,311.9673,5.795295,44.07624,3.206108,-1
245.3275,2.408015,314.3584,5.228105,44.92114,2.693424,-1
247.3753,2.407731,316.403,5.825621,45.4977,2.868076,-1
248.913,2.407913,317.9167,6.136452,45.30794,2.513807,-1
250.6716,2.40802,319.6695,6.081638,44.96096,2.708333,-1
250.9985,1.031037,320.0421,0,45,0,enter2
251.2703,2.407456,320.269,6.694226,45.58027,1.693352,-1
251.2607,2.407755,320.2632,4.228052,68.64068,2.224072,-1
251.2418,2.40646,320.2618,6.154207,102.914,359.8976,-1
251.2292,2.406552,320.2678,3.318589,128.0533,0.06206961,-1
251.2224,2.405652,320.2752,3.075253,146.0695,358.4495,-1
251.219,2.405252,320.2817,5.057877,159.1564,357.7246,-1
251.2176,2.406818,320.2865,4.978625,168.2498,0.5417369,-1
251.2171,2.408163,320.2911,3.838637,176.878,2.954565,-1
251.2179,2.407131,320.3007,3.33376,193.9315,1.101403,-1
251.2191,2.406177,320.3044,3.646781,200.8168,359.3896,-1
251.2189,2.405973,320.304,4.523424,200.0906,359.0229,-1
251.2195,2.406231,320.3055,5.026548,202.9629,359.4868,-1
251.249,1.031517,320.293,0,45,0,exit2
251.271,2.407339,320.2836,6.752105,205.2528,1.481654,-1
251.4779,2.406888,320.0972,7.371998,205.6867,0.6698636,-1
250.052,2.399389,317.1616,9.749748,206.9414,358.8844,-1
248.5611,2.405495,314.0528,8.558678,204.2137,358.4969,-1
247.2149,2.405184,311.0517,8.112246,203.8568,357.5881,-1
245.8779,2.404659,308.1456,8.539356,206.2782,356.6346,-1
244.191,2.397835,304.7112,5.74932,205.433,355.8863,-1
242.5624,2.404151,301.3921,5.871158,206.4874,355.7382,-1
240.9944,2.404352,298.2408,5.611598,206.3316,356.1021,-1
239.2372,2.4043,294.6947,5.628071,206.6291,356.1177,-1
237.7156,2.404303,291.6763,5.604694,207.0435,356.0137,-1
235.9728,2.404465,288.4482,5.878952,213.451,356.3045,-1
234.0374,2.404472,285.6413,6.030267,215.069,356.3156,-1
232.3159,2.40383,283.1776,6.21885,216.6576,356.3055,-1
229.8357,2.40406,280.576,9.11857,234.5101,355.5395,-1
227.0579,2.404366,278.5996,8.742632,231.4517,356.1014,-1
224.655,2.399931,276.5633,9.443305,226.0217,356.3787,-1
222.4964,2.403734,274.4515,9.364041,224.711,355.3364,-1
220.3797,2.403121,272.4202,10.69978,230.7495,353.8007,-1
217.8154,2.399675,270.3533,10.45997,231.9132,354.3767,-1
215.6516,2.40347,268.5768,8.145585,226.8844,354.4793,-1
213.8665,2.403424,266.8767,8.347218,225.2058,355.2331,-1
211.8962,2.403677,265.109,8.783315,224.7089,354.8839,-1
209.7331,2.403862,263.1768,9.244731,223.7036,355.1772,-1
207.4964,2.404205,261.2149,8.726095,222.8356,355.8085,-1
205.2376,2.404093,259.1872,8.205132,222.3803,355.6109,-1
203.2616,2.402884,257.0714,8.511243,222.6951,356.0404,-1
200.8807,2.404371,254.8015,8.925071,224.0088,356.1072,-1
198.6275,2.40416,252.912,9.148106,224.1151,355.7224,-1
196.2408,2.403544,250.8947,7.707158,225.2006,354.62,-1
193.645,2.403643,248.6436,7.97589,224.565,354.7975,-1
191.31,2.40394,246.6995,7.601655,223.8006,355.3396,-1
188.7045,2.398012,244.2403,7.474383,224.7191,355.3936,-1
186.2525,2.403939,242.1848,7.660678,224.4897,355.3371,-1
183.7812,2.403867,240.1119,7.84899,224.0805,355.2044,-1
181.4615,2.404467,238.1096,7.271758,222.5262,356.2961,-1
179.7439,2.398704,236.237,6.110182,220.6851,357.6902,-1
178.7015,2.405077,235.0029,6.29251,217.9701,357.8464,-1
178.6304,1.031517,234.8633,0,45,0,enter0
