*Subject
21
*Layout
2
*Condition
True,True,True
*Marks
241.4945,0,199.404
148.7628,0,246.3155
235.7566,0,303.1655
*Path
x,y,z,flag
232.8772,2.401156,247.5642,6.660673,16.03518,355.8663,-1
232.8785,2.401757,247.5705,6.230786,4.767059,356.9547,-1
232.8785,2.401943,247.5709,6.652391,4.066982,357.2863,-1
232.8785,2.401948,247.571,6.884595,3.868477,357.2946,-1
232.8766,2.402546,247.5845,4.894229,339.4651,358.38,-1
232.8734,2.403011,247.5908,5.491561,326.7741,359.215,-1
232.8737,2.402625,247.5904,5.664428,327.5474,358.519,-1
232.8751,2.402285,247.5879,4.136659,332.7126,357.9124,-1
232.8777,2.402497,247.5808,340.0404,347.0343,358.189,-1
232.8777,2.403928,247.581,315.1039,345.2212,1.213862,-1
232.8781,2.404316,247.5794,297.645,346.1196,3.352707,-1
232.8783,2.404407,247.578,300.1942,348.6316,3.415911,-1
232.8784,2.403717,247.5771,305.1766,352.4989,0.8373969,-1
232.8785,2.403574,247.5768,303.9661,353.4207,0.4038122,-1
232.8785,2.403258,247.576,304.8307,355.6204,359.4043,-1
232.8777,2.400225,247.5663,309.2036,19.76897,350.8335,-1
232.8762,2.40004,247.5615,313.0223,28.46167,351.0201,-1
232.8756,2.399426,247.5604,310.2838,32.63822,348.7932,-1
232.8761,2.40013,247.5613,310.2311,29.30312,350.7626,-1
232.8773,2.40165,247.5643,309.8407,20.21516,354.9697,-1
232.878,2.402549,247.5668,311.1136,13.53753,357.5523,-1
232.8781,2.4028,247.5672,311.8115,12.38229,358.2605,-1
232.8781,2.40287,247.5672,312.2056,12.24642,358.4617,-1
232.8781,2.403037,247.5676,313.8134,11.04284,358.9389,-1
232.8786,2.404341,247.574,356.7169,358.7396,1.602062,-1
232.8786,2.40405,247.575,6.297269,357.1378,1.085302,-1
232.8786,2.403715,247.5748,6.040222,357.369,0.4813406,-1
232.8786,2.403596,247.5746,5.749287,357.7581,0.2668378,-1
232.8786,2.403528,247.5746,5.374749,357.7973,0.1445521,-1
232.8786,2.403474,247.5747,6.153809,357.4901,0.04866119,-1
232.8786,2.403419,247.5747,6.415693,357.5386,359.9476,-1
232.8786,2.403434,247.5746,6.393694,357.6804,359.9759,-1
232.8786,2.402936,247.5748,8.25336,357.2178,359.0742,-1
232.8786,2.402965,247.5745,9.04853,357.7704,359.1256,-1
232.8786,2.403038,247.5745,9.345104,357.8449,359.2563,-1
232.8786,2.402924,247.5735,9.794317,359.4379,359.0486,-1
232.8786,2.402679,247.5749,7.652812,357.0596,358.6111,-1
232.8786,2.402905,247.575,7.172256,356.8973,359.0198,-1
232.8786,2.402916,247.5747,7.404471,357.3737,359.041,-1
232.8786,2.402821,247.5748,7.494201,357.2426,358.8691,-1
232.8786,2.402744,247.5748,7.52095,357.2169,358.7286,-1
232.8786,2.402715,247.5746,7.713175,357.5964,358.6773,-1
232.8786,2.402883,247.5746,7.499685,357.5039,358.9798,-1
232.8786,2.402714,247.5746,7.822407,357.5381,358.675,-1
232.8786,2.402601,247.5743,7.769802,358.0777,358.4711,-1
232.8786,2.402664,247.5751,8.710307,356.5406,358.5799,-1
232.8786,2.401312,247.574,2.375079,358.6371,356.1702,-1
232.8784,2.400389,247.5715,353.4919,3.940048,354.4793,-1
232.8782,2.398357,247.5714,336.9847,7.464711,350.0479,-1
232.8778,2.396273,247.5735,313.9102,13.49438,341.1382,-1
232.873,2.394407,247.5891,296.6727,5.040328,320.9966,-1
232.8547,2.375167,247.586,353.2092,315.4829,297.126,-1
232.8547,2.374519,247.5844,356.1853,313.9218,295.0371,-1
232.8547,2.374519,247.5844,356.1853,313.9218,295.0371,-1
232.8551,2.373873,247.5821,354.7669,326.8733,291.8655,-1
232.847,2.372169,247.5801,349.5713,331.3585,276.3454,-1
232.8378,2.374988,247.585,335.5279,350.4613,257.7281,-1
232.8435,2.372231,247.5797,347.3372,338.4665,268.9542,-1
232.8538,2.374768,247.561,25.90782,341.002,274.89,-1
232.8584,2.384307,247.5505,51.47664,353.1118,286.1932,-1
232.86,2.387537,247.549,55.53989,4.622415,298.5083,-1
232.8694,2.398827,247.5513,6.421207,43.10492,351.6445,-1
232.8682,2.398855,247.5502,7.121386,45.97165,351.6846,-1
232.867,2.399035,247.5491,7.709704,48.8761,352.0018,-1
232.8668,2.399077,247.5489,7.866033,49.37961,352.0748,-1
232.866,2.399213,247.5482,8.29583,51.24185,352.3156,-1
232.866,2.399228,247.5482,8.373722,51.39854,352.3405,-1
232.8655,2.399238,247.5478,8.552267,52.4724,352.3551,-1
232.8652,2.399223,247.5476,8.657657,52.97861,352.3257,-1
232.8649,2.39928,247.5474,8.775213,53.72147,352.4279,-1
232.8646,2.399323,247.5471,8.925681,54.45563,352.5034,-1
232.8642,2.399383,247.5468,9.108263,55.34879,352.6093,-1
232.8641,2.399379,247.5468,9.131947,55.46601,352.6006,-1
232.864,2.399374,247.5468,9.161349,55.57701,352.5926,-1
232.864,2.399375,247.5468,9.160706,55.57728,352.5935,-1
232.864,2.399375,247.5468,9.160706,55.57728,352.5935,-1
232.864,2.399376,247.5468,9.193734,55.70282,352.5943,-1
232.8639,2.399376,247.5467,9.206543,55.81084,352.5941,-1
232.8639,2.39937,247.5467,9.232424,55.93027,352.5819,-1
232.8638,2.399398,247.5466,9.24417,56.05228,352.6339,-1
232.8638,2.399464,247.5466,9.242979,56.18159,352.7549,-1
232.8637,2.399483,247.5465,9.252534,56.30529,352.7898,-1
232.8637,2.399488,247.5465,9.277046,56.41893,352.7973,-1
232.8636,2.399363,247.5465,9.135945,56.52079,352.5721,-1
232.863,2.399456,247.5461,9.286318,57.85944,352.7391,-1
232.8628,2.399451,247.546,9.231432,58.19702,352.731,-1
232.8628,2.399412,247.546,9.155022,58.28663,352.6608,-1
232.8627,2.399405,247.546,9.091569,58.3852,352.6504,-1
232.8625,2.39944,247.5458,9.068439,58.94385,352.7149,-1
232.8624,2.399415,247.5458,9.005411,59.0351,352.6692,-1
232.8624,2.39942,247.5457,8.947855,59.12832,352.6798,-1
232.8624,2.399418,247.5457,8.886586,59.2226,352.6777,-1
232.8623,2.399416,247.5457,8.847731,59.31778,352.6753,-1
232.8623,2.399413,247.5457,8.802631,59.41413,352.67,-1
232.8622,2.399411,247.5457,8.764298,59.50877,352.6665,-1
232.8622,2.399414,247.5457,8.720307,59.58222,352.6728,-1
232.8622,2.399415,247.5456,8.682533,59.63755,352.6772,-1
232.8621,2.399418,247.5456,8.646503,59.69675,352.6815,-1
232.8621,2.399424,247.5456,8.611516,59.75773,352.694,-1
232.8621,2.399426,247.5456,8.58611,59.8249,352.6984,-1
232.862,2.399432,247.5456,8.556818,59.89607,352.7102,-1
232.862,2.399434,247.5455,8.541913,59.96739,352.713,-1
232.862,2.399438,247.5455,8.516105,60.04042,352.7215,-1
232.8619,2.39944,247.5455,8.503159,60.14023,352.7254,-1
232.8619,2.399445,247.5455,8.499812,60.23917,352.7345,-1
232.8618,2.399449,247.5454,8.489273,60.32935,352.7416,-1
232.8618,2.399455,247.5454,8.477947,60.42109,352.7526,-1
232.8618,2.399457,247.5454,8.468383,60.51191,352.7568,-1
232.8617,2.399461,247.5454,8.463964,60.60271,352.7637,-1
232.8617,2.399462,247.5453,8.455929,60.68956,352.7661,-1
232.8616,2.399466,247.5453,8.444452,60.79055,352.7729,-1
232.8616,2.399464,247.5453,8.435173,60.88212,352.7708,-1
232.8615,2.399465,247.5453,8.434454,60.96722,352.7726,-1
232.8615,2.399467,247.5453,8.425889,61.06207,352.7751,-1
232.8615,2.399468,247.5452,8.426452,61.13556,352.7779,-1
232.8615,2.399468,247.5452,8.426452,61.13556,352.7779,-1
232.8615,2.399468,247.5452,8.42645,61.13555,352.7779,-1
232.8614,2.39947,247.5452,8.413095,61.24525,352.7824,-1
232.8614,2.399474,247.5452,8.4101,61.33826,352.7885,-1
232.8613,2.399474,247.5452,8.410653,61.4286,352.7882,-1
232.8613,2.399473,247.5451,8.400296,61.51723,352.7874,-1
232.8612,2.399476,247.5451,8.397221,61.60623,352.7932,-1
232.8612,2.399477,247.5451,8.402719,61.69281,352.794,-1
232.8611,2.399479,247.5451,8.395573,61.78081,352.7977,-1
232.8611,2.399477,247.545,8.395308,61.86323,352.7946,-1
232.8611,2.399478,247.545,8.391401,61.94765,352.7971,-1
232.861,2.399482,247.545,8.394524,62.04071,352.8044,-1
232.861,2.39948,247.545,8.400896,62.13259,352.7996,-1
232.8609,2.399481,247.545,8.408179,62.22031,352.802,-1
232.8609,2.39948,247.545,8.404796,62.30361,352.7996,-1
232.8608,2.399478,247.5449,8.402352,62.38238,352.7972,-1
232.8608,2.399479,247.5449,8.402542,62.45982,352.7979,-1
232.8608,2.399479,247.5449,8.399905,62.54369,352.7982,-1
232.8607,2.39948,247.5449,8.39835,62.62242,352.8004,-1
232.8607,2.39948,247.5448,8.396895,62.70493,352.7997,-1
232.8606,2.399481,247.5448,8.391934,62.78735,352.8031,-1
232.8606,2.399483,247.5448,8.382792,62.86566,352.8065,-1
232.8606,2.399482,247.5448,8.380191,62.94596,352.8053,-1
232.8605,2.399485,247.5448,8.382657,63.0204,352.8105,-1
232.8605,2.399486,247.5447,8.380627,63.09772,352.8118,-1
232.8605,2.399487,247.5447,8.381741,63.18045,352.8129,-1
232.8604,2.399485,247.5447,8.377544,63.2611,352.8094,-1
232.8604,2.399482,247.5447,8.380327,63.32909,352.804,-1
232.8603,2.399484,247.5447,8.38527,63.40416,352.8073,-1
232.8603,2.399483,247.5447,8.38423,63.44347,352.8055,-1
232.8603,2.399483,247.5447,8.38423,63.44347,352.8055,-1
232.8603,2.399483,247.5447,8.38423,63.44347,352.8055,-1
232.8603,2.399481,247.5446,8.38351,63.5577,352.803,-1
232.8602,2.399481,247.5446,8.390875,63.63026,352.8025,-1
232.8602,2.399482,247.5446,8.390808,63.70584,352.8048,-1
232.8602,2.399483,247.5446,8.39163,63.78068,352.8055,-1
232.8601,2.399483,247.5446,8.390837,63.85309,352.8061,-1
232.8601,2.399482,247.5446,8.388982,63.92931,352.805,-1
232.86,2.399481,247.5445,8.392261,64.00232,352.8029,-1
232.86,2.399481,247.5445,8.390013,64.07685,352.8023,-1
232.86,2.399481,247.5445,8.392692,64.15296,352.8031,-1
232.8599,2.399482,247.5445,8.386526,64.1909,352.8033,-1
232.8599,2.399481,247.5445,8.386529,64.19091,352.8033,-1
232.8599,2.39948,247.5445,8.38166,64.23489,352.8008,-1
232.8599,2.399479,247.5445,8.38273,64.30585,352.7995,-1
232.8598,2.399482,247.5444,8.395854,64.37795,352.8031,-1
232.8598,2.399481,247.5444,8.390881,64.44747,352.8024,-1
232.8598,2.399479,247.5444,8.39721,64.51687,352.7976,-1
232.8598,2.39948,247.5444,8.399951,64.5753,352.7997,-1
232.8597,2.399475,247.5444,8.403071,64.63455,352.7905,-1
232.8597,2.399473,247.5444,8.401667,64.69748,352.788,-1
232.8596,2.399474,247.5444,8.402096,64.76095,352.7889,-1
232.8596,2.399476,247.5443,8.400427,64.81905,352.7932,-1
232.8596,2.399479,247.5443,8.401638,64.88099,352.7983,-1
232.8596,2.399483,247.5443,8.399667,64.9431,352.8051,-1
232.8595,2.399487,247.5443,8.407703,65.00114,352.812,-1
232.8595,2.399486,247.5443,8.403578,65.06158,352.8108,-1
232.8595,2.399487,247.5443,8.401367,65.11106,352.8121,-1
232.8595,2.399485,247.5443,8.408778,65.16596,352.8095,-1
232.8594,2.399486,247.5443,8.400552,65.22841,352.8114,-1
232.8594,2.399482,247.5443,8.397748,65.28742,352.8041,-1
232.8594,2.399481,247.5442,8.391336,65.34071,352.8024,-1
232.8593,2.399479,247.5442,8.391081,65.39701,352.7981,-1
232.8593,2.399475,247.5442,8.389777,65.45092,352.7918,-1
232.8593,2.399475,247.5442,8.3884,65.5149,352.791,-1
232.8592,2.399472,247.5442,8.385923,65.57128,352.7867,-1
232.8592,2.399476,247.5442,8.384014,65.62254,352.7928,-1
232.8592,2.399478,247.5442,8.387536,65.67462,352.7966,-1
232.8592,2.399474,247.5442,8.386671,65.72323,352.7899,-1
232.8591,2.399476,247.5441,8.378576,65.77583,352.793,-1
232.8591,2.399477,247.5441,8.374781,65.82787,352.7957,-1
232.8591,2.399479,247.5441,8.37161,65.87543,352.7998,-1
232.8591,2.39948,247.5441,8.367566,65.90221,352.801,-1
232.8591,2.39948,247.5441,8.367566,65.90221,352.801,-1
232.8591,2.39948,247.5441,8.367566,65.90221,352.801,-1
232.859,2.399478,247.5441,8.357518,65.98449,352.7974,-1
232.859,2.399481,247.5441,8.359336,66.03428,352.8024,-1
232.859,2.399482,247.5441,8.357543,66.08551,352.8037,-1
232.859,2.39948,247.5441,8.364222,66.1297,352.8006,-1
232.8589,2.399476,247.544,8.364393,66.17329,352.7933,-1
232.8589,2.399476,247.544,8.366075,66.21329,352.7929,-1
232.8589,2.399477,247.544,8.370021,66.25883,352.7955,-1
232.8589,2.399479,247.544,8.370817,66.3069,352.7982,-1
232.8589,2.399477,247.544,8.379312,66.34348,352.7943,-1
232.8588,2.39948,247.544,8.382206,66.38662,352.7999,-1
232.8588,2.39948,247.544,8.378463,66.42487,352.7997,-1
232.8588,2.399479,247.544,8.382718,66.46482,352.7996,-1
232.8588,2.399478,247.544,8.385569,66.50515,352.7978,-1
232.8587,2.399477,247.544,8.387504,66.54537,352.7944,-1
232.8587,2.399477,247.5439,8.389263,66.58581,352.7951,-1
232.8587,2.399476,247.5439,8.38273,66.62087,352.7927,-1
232.8587,2.399476,247.5439,8.38233,66.65685,352.7935,-1
232.8587,2.399477,247.5439,8.381364,66.70079,352.7944,-1
232.8587,2.399478,247.5439,8.382669,66.73652,352.7977,-1
232.8586,2.399479,247.5439,8.386368,66.77512,352.7987,-1
232.8586,2.399479,247.5439,8.384212,66.81236,352.7995,-1
232.8586,2.399481,247.5439,8.385347,66.84452,352.8027,-1
232.8586,2.399482,247.5439,8.385155,66.88486,352.8049,-1
232.8586,2.399487,247.5439,8.383607,66.91572,352.8125,-1
232.8585,2.399486,247.5439,8.38397,66.95153,352.8109,-1
232.8585,2.399486,247.5439,8.382343,66.9801,352.8113,-1
232.8585,2.399486,247.5439,8.375102,67.00978,352.8111,-1
232.8585,2.399482,247.5439,8.378191,67.03976,352.8043,-1
232.8585,2.399482,247.5439,8.37265,67.06744,352.804,-1
232.8585,2.399482,247.5439,8.374011,67.09009,352.8039,-1
232.8585,2.399483,247.5439,8.36634,67.11529,352.8056,-1
232.8584,2.399479,247.5439,8.373052,67.14239,352.7996,-1
232.8584,2.399478,247.5438,8.365014,67.17384,352.7977,-1
232.8584,2.399476,247.5438,8.36933,67.19872,352.7935,-1
232.8584,2.399475,247.5438,8.368485,67.23056,352.7907,-1
232.8584,2.399475,247.5438,8.372257,67.25547,352.7923,-1
232.8584,2.399476,247.5438,8.380371,67.27917,352.7926,-1
232.8584,2.399474,247.5438,8.377826,67.30426,352.7888,-1
232.8584,2.399472,247.5438,8.378676,67.3176,352.7856,-1
232.8583,2.399472,247.5438,8.378983,67.33768,352.7856,-1
232.8583,2.399475,247.5438,8.383002,67.35827,352.7904,-1
232.8583,2.399474,247.5438,8.386338,67.36311,352.7886,-1
232.8583,2.399474,247.5438,8.386338,67.36311,352.7886,-1
232.8583,2.399474,247.5438,8.386702,67.37366,352.7894,-1
232.8583,2.399475,247.5438,8.380604,67.39272,352.7921,-1
232.8583,2.399475,247.5438,8.380054,67.40536,352.7917,-1
232.8583,2.399478,247.5438,8.377186,67.42545,352.7963,-1
232.8583,2.399479,247.5438,8.382717,67.44057,352.7983,-1
232.8583,2.39948,247.5438,8.38652,67.45251,352.8011,-1
232.8583,2.399479,247.5438,8.388922,67.47105,352.7987,-1
232.8583,2.399484,247.5438,8.384039,67.49645,352.8071,-1
232.8583,2.399482,247.5438,8.381773,67.50754,352.8051,-1
232.8582,2.399487,247.5438,8.382567,67.52101,352.8136,-1
232.8582,2.399487,247.5438,8.381806,67.52531,352.8125,-1
232.8582,2.399488,247.5438,8.383167,67.53783,352.8152,-1
232.8582,2.399486,247.5438,8.384691,67.5448,352.8109,-1
232.8582,2.399487,247.5438,8.386281,67.55495,352.8131,-1
232.8582,2.399492,247.5438,8.389686,67.56943,352.8216,-1
232.8582,2.399491,247.5438,8.395695,67.5723,352.8203,-1
232.8582,2.399491,247.5438,8.393903,67.5799,352.8199,-1
232.8582,2.399491,247.5438,8.396427,67.58816,352.8203,-1
232.8582,2.399492,247.5438,8.386511,67.59248,352.8226,-1
232.8582,2.399492,247.5438,8.383585,67.59582,352.8226,-1
232.8582,2.399493,247.5438,8.390731,67.59845,352.8238,-1
232.8582,2.399494,247.5438,8.389354,67.605,352.8253,-1
232.8582,2.399495,247.5437,8.394039,67.61631,352.828,-1
232.8582,2.399493,247.5437,8.391291,67.6189,352.8236,-1
232.8582,2.399488,247.5437,8.396127,67.62408,352.8152,-1
232.8582,2.399495,247.5437,8.378114,67.62497,352.8283,-1
232.8582,2.39949,247.5438,8.373818,67.61654,352.8192,-1
232.8582,2.39949,247.5438,8.373451,67.6143,352.8185,-1
232.8582,2.399489,247.5437,8.370373,67.62242,352.8177,-1
232.8582,2.399489,247.5437,8.368268,67.6226,352.8179,-1
232.8582,2.399493,247.5437,8.366604,67.61876,352.825,-1
232.8582,2.399494,247.5438,8.366365,67.61179,352.826,-1
232.8582,2.399497,247.5438,8.367721,67.60306,352.831,-1
232.8582,2.399494,247.5438,8.376581,67.59296,352.8261,-1
232.8582,2.399493,247.5438,8.372434,67.58343,352.8247,-1
232.8582,2.399493,247.5438,8.371874,67.57046,352.8236,-1
232.8582,2.399493,247.5438,8.36878,67.5655,352.8244,-1
232.8582,2.399491,247.5438,8.368047,67.56059,352.8206,-1
232.8582,2.399492,247.5438,8.364833,67.55444,352.8224,-1
232.8582,2.399489,247.5438,8.371025,67.54662,352.8164,-1
232.8582,2.399487,247.5438,8.370988,67.53577,352.8132,-1
232.8582,2.399482,247.5438,8.377682,67.52582,352.8052,-1
232.8582,2.399481,247.5438,8.373062,67.51391,352.8026,-1
232.8583,2.399479,247.5438,8.377712,67.50398,352.7993,-1
232.8583,2.399484,247.5438,8.374516,67.49687,352.8074,-1
232.8583,2.399486,247.5438,8.374821,67.48687,352.8119,-1
232.8583,2.39949,247.5438,8.370184,67.47041,352.8185,-1
232.8583,2.399491,247.5438,8.376176,67.45847,352.8201,-1
232.8583,2.399493,247.5438,8.372132,67.44032,352.8246,-1
232.8583,2.399493,247.5438,8.374108,67.4258,352.8253,-1
232.8583,2.39949,247.5438,8.369182,67.40926,352.8196,-1
232.8583,2.399493,247.5438,8.365095,67.39052,352.8237,-1
232.8583,2.39949,247.5438,8.360459,67.37379,352.8192,-1
232.8583,2.399487,247.5438,8.363497,67.36016,352.8139,-1
232.8583,2.399485,247.5438,8.362843,67.34457,352.8107,-1
232.8584,2.39948,247.5438,8.360907,67.32649,352.8006,-1
232.8584,2.399482,247.5438,8.36271,67.31294,352.8053,-1
232.8584,2.39948,247.5438,8.368559,67.29041,352.8,-1
232.8584,2.399481,247.5438,8.358411,67.27591,352.8033,-1
232.8584,2.399487,247.5438,8.375102,67.25281,352.8142,-1
232.8584,2.399494,247.5438,8.37453,67.235,352.8258,-1
232.8584,2.399444,247.5438,8.38998,67.19874,352.735,-1
232.8584,2.399437,247.5439,8.379057,67.17553,352.7231,-1
232.8584,2.399451,247.5439,8.362292,67.14795,352.7484,-1
232.8584,2.399453,247.5439,8.364432,67.12277,352.7516,-1
232.8585,2.399454,247.5439,8.363241,67.09774,352.7529,-1
232.8585,2.399444,247.5439,8.377683,67.0692,352.7351,-1
232.8585,2.399446,247.5439,8.361796,67.04423,352.7388,-1
232.8585,2.399446,247.5439,8.369621,67.01392,352.7378,-1
232.8585,2.399449,247.5439,8.365469,66.99787,352.7447,-1
232.8585,2.399448,247.5439,8.370097,66.97322,352.7431,-1
232.8585,2.399453,247.5439,8.372567,66.95291,352.751,-1
232.8586,2.399453,247.5439,8.375553,66.93602,352.7518,-1
232.8586,2.399453,247.5439,8.375553,66.93602,352.7518,-1
232.8586,2.399453,247.5439,8.375553,66.93602,352.7518,-1
232.8586,2.399453,247.5439,8.374492,66.89769,352.7506,-1
232.8586,2.399451,247.5439,8.376427,66.87775,352.7481,-1
232.8586,2.399451,247.5439,8.375246,66.84681,352.7485,-1
232.8586,2.399452,247.5439,8.377288,66.81497,352.7491,-1
232.8586,2.399453,247.5439,8.368564,66.78456,352.7515,-1
232.8586,2.399447,247.5439,8.376828,66.74937,352.7408,-1
232.8587,2.399446,247.5439,8.37307,66.72528,352.7388,-1
232.8587,2.399451,247.5439,8.376805,66.69455,352.7487,-1
232.8587,2.399451,247.5439,8.372643,66.66563,352.7487,-1
232.8587,2.399449,247.5439,8.377256,66.63479,352.745,-1
232.8587,2.399447,247.5439,8.370222,66.5997,352.7401,-1
232.8587,2.399446,247.544,8.381636,66.56583,352.739,-1
232.8587,2.399446,247.544,8.382194,66.53934,352.7387,-1
232.8588,2.399446,247.544,8.384399,66.50666,352.7383,-1
232.8588,2.399443,247.544,8.38753,66.47633,352.7325,-1
232.8588,2.399443,247.544,8.383031,66.44814,352.7323,-1
232.8588,2.399444,247.544,8.38041,66.41911,352.7349,-1
232.8588,2.399446,247.544,8.377383,66.38769,352.7375,-1
232.8588,2.399448,247.544,8.374728,66.35223,352.7431,-1
232.8589,2.399448,247.544,8.375471,66.3178,352.7427,-1
232.8589,2.399449,247.544,8.378875,66.28445,352.7433,-1
232.8589,2.399446,247.544,8.386674,66.24564,352.7388,-1
232.8589,2.399447,247.544,8.382246,66.21098,352.7401,-1
232.8589,2.399448,247.544,8.379032,66.18002,352.7422,-1
232.8589,2.399452,247.5441,8.383273,66.13684,352.7495,-1
232.859,2.399453,247.5441,8.376172,66.10233,352.7521,-1
232.859,2.399454,247.5441,8.375192,66.06663,352.7526,-1
232.859,2.399451,247.5441,8.37511,66.02467,352.7478,-1
232.859,2.39945,247.5441,8.380919,65.9818,352.7461,-1
232.8591,2.399449,247.5441,8.380697,65.94346,352.7437,-1
232.8591,2.399446,247.5441,8.384841,65.90289,352.7393,-1
232.8591,2.399443,247.5441,8.385941,65.85589,352.7325,-1
232.8591,2.399441,247.5441,8.380635,65.81821,352.7299,-1
232.8591,2.399442,247.5441,8.387937,65.77119,352.7308,-1
232.8592,2.399443,247.5442,8.38112,65.73797,352.7332,-1
232.8592,2.399445,247.5442,8.385763,65.69366,352.736,-1
232.8592,2.399445,247.5442,8.384746,65.65604,352.7366,-1
232.8592,2.399445,247.5442,8.382846,65.6157,352.7374,-1
232.8592,2.399451,247.5442,8.374678,65.5797,352.7471,-1
232.8593,2.39945,247.5442,8.372077,65.53761,352.7452,-1
232.8593,2.399452,247.5442,8.370677,65.49239,352.7489,-1
232.8593,2.399453,247.5442,8.376814,65.45483,352.7514,-1
232.8593,2.399454,247.5442,8.381071,65.4076,352.7526,-1
232.8593,2.399452,247.5442,8.379311,65.36012,352.7497,-1
232.8594,2.399451,247.5443,8.393117,65.31909,352.7476,-1
232.8594,2.399446,247.5443,8.401638,65.27294,352.7375,-1
232.8594,2.399446,247.5443,8.399421,65.22876,352.7377,-1
232.8594,2.399443,247.5443,8.407719,65.17477,352.7329,-1
232.8595,2.399442,247.5443,8.403471,65.12855,352.731,-1
232.8595,2.39944,247.5443,8.405543,65.07854,352.7267,-1
232.8595,2.399441,247.5443,8.403882,65.07649,352.7298,-1
232.8595,2.399441,247.5443,8.403882,65.07649,352.7298,-1
232.8595,2.399443,247.5443,8.402499,65.02852,352.7326,-1
232.8595,2.399444,247.5443,8.410849,64.97884,352.735,-1
232.8596,2.399447,247.5443,8.409158,64.92617,352.7405,-1
232.8596,2.399449,247.5443,8.407356,64.88237,352.7435,-1
232.8596,2.399452,247.5443,8.405766,64.83848,352.7495,-1
232.8596,2.399446,247.5443,8.409377,64.78813,352.7389,-1
232.8597,2.399445,247.5444,8.410635,64.74473,352.7368,-1
232.8597,2.399446,247.5444,8.401265,64.69991,352.7375,-1
232.8597,2.399443,247.5444,8.402316,64.6485,352.733,-1
232.8597,2.39944,247.5444,8.406444,64.60557,352.727,-1
232.8598,2.39944,247.5444,8.409616,64.55737,352.7263,-1
232.8598,2.399438,247.5444,8.410167,64.51047,352.7229,-1
232.8598,2.399436,247.5444,8.412268,64.45962,352.7191,-1
232.8598,2.399435,247.5444,8.410169,64.41205,352.7178,-1
232.8598,2.399435,247.5445,8.407213,64.35918,352.7181,-1
232.8599,2.399435,247.5445,8.407818,64.30722,352.7175,-1
232.8599,2.399439,247.5445,8.407619,64.25641,352.7253,-1
232.8599,2.399444,247.5445,8.40325,64.20573,352.7344,-1
232.86,2.399446,247.5445,8.404415,64.14969,352.738,-1
232.86,2.399454,247.5445,8.392319,64.10516,352.7534,-1
232.86,2.399452,247.5445,8.400521,64.05029,352.7491,-1
232.86,2.399456,247.5445,8.39695,64.00246,352.7557,-1
232.8601,2.399456,247.5446,8.394922,63.95005,352.757,-1
232.8601,2.399457,247.5446,8.392354,63.89908,352.7574,-1
232.8601,2.399453,247.5446,8.400112,63.8462,352.7512,-1
232.8601,2.399453,247.5446,8.407767,63.79987,352.75,-1
232.8602,2.399453,247.5446,8.413928,63.75011,352.7503,-1
232.8602,2.399452,247.5446,8.409983,63.70031,352.7498,-1
232.8602,2.39945,247.5446,8.407701,63.64932,352.7462,-1
232.8602,2.399454,247.5446,8.406693,63.6062,352.7519,-1
232.8603,2.399454,247.5446,8.405183,63.5565,352.7527,-1
232.8603,2.399455,247.5446,8.40465,63.50151,352.754,-1
232.8603,2.399455,247.5447,8.401975,63.45003,352.7536,-1
232.8603,2.399453,247.5447,8.401769,63.39649,352.7512,-1
232.8604,2.399452,247.5447,8.406379,63.347,352.7487,-1
232.8604,2.399449,247.5447,8.402113,63.29526,352.7444,-1
232.8604,2.399451,247.5447,8.403151,63.24797,352.7462,-1
232.8604,2.399449,247.5447,8.402099,63.20024,352.7441,-1
232.8605,2.399452,247.5447,8.402434,63.14737,352.7491,-1
232.8605,2.399456,247.5447,8.39935,63.08869,352.7553,-1
232.8605,2.399459,247.5448,8.403441,63.03605,352.7611,-1
232.8605,2.399463,247.5448,8.397782,62.98087,352.7692,-1
232.8606,2.399461,247.5448,8.402757,62.92112,352.7657,-1
232.8606,2.39946,247.5448,8.402458,62.87019,352.7628,-1
232.8606,2.39946,247.5448,8.399604,62.81819,352.7645,-1
232.8607,2.39946,247.5448,8.400462,62.75945,352.7642,-1
232.8607,2.399464,247.5448,8.399014,62.71509,352.771,-1
232.8607,2.399468,247.5449,8.395332,62.66168,352.7787,-1
232.8607,2.399465,247.5449,8.390652,62.60971,352.7736,-1
232.8608,2.399465,247.5449,8.387109,62.55671,352.7725,-1
232.8608,2.39946,247.5449,8.379801,62.50444,352.7643,-1
232.8608,2.399457,247.5449,8.376702,62.44477,352.7592,-1
232.8608,2.399459,247.5449,8.373774,62.38889,352.7622,-1
232.8609,2.399458,247.545,8.376023,62.33212,352.7604,-1
232.8609,2.399455,247.545,8.377835,62.27664,352.755,-1
232.8609,2.399456,247.545,8.380908,62.2225,352.757,-1
232.8609,2.399453,247.545,8.385945,62.17089,352.7518,-1
232.861,2.399452,247.545,8.390656,62.11578,352.7485,-1
232.861,2.399448,247.545,8.3947,62.05788,352.7418,-1
232.861,2.399446,247.545,8.394816,62.00304,352.7393,-1
232.8611,2.399446,247.545,8.398902,61.93639,352.7393,-1
232.8611,2.399449,247.545,8.39657,61.87947,352.7441,-1
232.8611,2.399458,247.5451,8.389072,61.82753,352.76,-1
232.8611,2.399459,247.5451,8.388527,61.77547,352.7614,-1
232.8612,2.399459,247.5451,8.383807,61.72062,352.7627,-1
232.8612,2.39946,247.5451,8.38523,61.66785,352.7645,-1
232.8612,2.399463,247.5451,8.385434,61.61052,352.7702,-1
232.8613,2.399459,247.5451,8.388832,61.5601,352.7617,-1
232.8613,2.399457,247.5451,8.384419,61.51469,352.7588,-1
232.8613,2.399458,247.5452,8.380231,61.46584,352.7599,-1
232.8613,2.399455,247.5452,8.373705,61.42012,352.7552,-1
232.8613,2.399449,247.5452,8.381458,61.36443,352.7433,-1
232.8614,2.399447,247.5452,8.376322,61.31183,352.7407,-1
232.8614,2.399445,247.5452,8.370958,61.25986,352.7374,-1
232.8614,2.399445,247.5452,8.36832,61.21113,352.7372,-1
232.8615,2.399441,247.5452,8.367413,61.15761,352.7302,-1
232.8615,2.399441,247.5453,8.370696,61.10477,352.7299,-1
232.8615,2.399442,247.5453,8.369984,61.0566,352.7318,-1
232.8615,2.399442,247.5453,8.370509,61.0039,352.7307,-1
232.8615,2.399441,247.5453,8.382136,60.94772,352.7291,-1
232.8616,2.399441,247.5453,8.382092,60.88679,352.7293,-1
232.8616,2.399439,247.5453,8.385396,60.82541,352.7249,-1
232.8616,2.39944,247.5453,8.386584,60.76898,352.7268,-1
232.8617,2.39944,247.5453,8.378741,60.71643,352.7282,-1
232.8617,2.399444,247.5454,8.376519,60.66119,352.7345,-1
232.8617,2.399445,247.5454,8.37969,60.6099,352.737,-1
232.8617,2.399447,247.5454,8.385322,60.55959,352.741,-1
232.8618,2.399448,247.5454,8.383193,60.50803,352.7432,-1
232.8618,2.399448,247.5454,8.38368,60.45686,352.7429,-1
232.8618,2.399447,247.5454,8.378465,60.40386,352.7414,-1
232.8618,2.399447,247.5454,8.383492,60.35316,352.7401,-1
232.8619,2.399445,247.5455,8.375223,60.29994,352.7374,-1
232.8619,2.399444,247.5455,8.375648,60.23915,352.735,-1
232.8619,2.399446,247.5455,8.376597,60.19141,352.7393,-1
232.8619,2.399448,247.5455,8.376368,60.13722,352.7423,-1
232.862,2.399444,247.5455,8.384381,60.08919,352.7349,-1
232.862,2.399447,247.5455,8.387578,60.03399,352.7403,-1
232.862,2.399446,247.5455,8.38894,59.98651,352.7386,-1
232.862,2.399444,247.5456,8.387533,59.93163,352.7342,-1
232.8621,2.399443,247.5456,8.38478,59.87774,352.7335,-1
232.8621,2.399443,247.5456,8.383979,59.82997,352.7328,-1
232.8621,2.399443,247.5456,8.388227,59.77619,352.7325,-1
232.8621,2.399446,247.5456,8.391964,59.7308,352.7372,-1
232.8622,2.399445,247.5456,8.389388,59.68038,352.7365,-1
232.8622,2.39945,247.5457,8.38176,59.6299,352.7452,-1
232.8622,2.39945,247.5457,8.385617,59.57968,352.7449,-1
232.8622,2.39945,247.5457,8.386696,59.52963,352.7458,-1
232.8623,2.399448,247.5457,8.387676,59.48284,352.7415,-1
232.8623,2.399449,247.5457,8.390577,59.43493,352.7435,-1
232.8623,2.399446,247.5457,8.387034,59.39091,352.7388,-1
232.8623,2.399445,247.5457,8.38667,59.34456,352.7364,-1
232.8624,2.399446,247.5457,8.382738,59.3009,352.7392,-1
232.8624,2.39945,247.5457,8.378261,59.25083,352.7463,-1
232.8624,2.399452,247.5457,8.37658,59.20245,352.7498,-1
232.8624,2.399454,247.5458,8.379119,59.15908,352.7527,-1
232.8624,2.399455,247.5458,8.378222,59.1184,352.7541,-1
232.8625,2.399452,247.5458,8.380658,59.07257,352.749,-1
232.8625,2.39945,247.5458,8.384333,59.02302,352.7456,-1
232.8625,2.399453,247.5458,8.376998,58.97486,352.7521,-1
232.8625,2.399453,247.5458,8.386329,58.92158,352.7506,-1
232.8625,2.399452,247.5458,8.384233,58.87769,352.7493,-1
232.8626,2.399453,247.5459,8.3943,58.82589,352.7514,-1
232.8626,2.399453,247.5459,8.389332,58.77758,352.751,-1
232.8626,2.399453,247.5459,8.39318,58.72929,352.7517,-1
232.8626,2.399456,247.5459,8.391422,58.68206,352.7562,-1
232.8627,2.399455,247.5459,8.38376,58.63245,352.7553,-1
232.8627,2.399455,247.5459,8.384548,58.58742,352.7545,-1
232.8627,2.399453,247.5459,8.382047,58.54632,352.7508,-1
232.8627,2.399451,247.546,8.377449,58.5014,352.7479,-1
232.8628,2.399452,247.546,8.37823,58.45438,352.7495,-1
232.8628,2.399454,247.546,8.375987,58.41487,352.7534,-1
232.8628,2.399456,247.546,8.370807,58.3702,352.7563,-1
232.8628,2.399458,247.546,8.372189,58.32701,352.7611,-1
232.8628,2.39946,247.546,8.37218,58.27659,352.7649,-1
232.8629,2.399459,247.546,8.370147,58.23444,352.7628,-1
232.8629,2.399457,247.5461,8.370771,58.18806,352.7582,-1
232.8629,2.399456,247.5461,8.373742,58.14158,352.757,-1
232.8629,2.399454,247.5461,8.377391,58.0947,352.7522,-1
232.8629,2.399452,247.5461,8.371396,58.05472,352.7499,-1
232.863,2.399451,247.5461,8.379581,58.0101,352.7486,-1
232.863,2.399451,247.5461,8.380277,57.96596,352.7484,-1
232.863,2.399451,247.5461,8.389684,57.92395,352.7479,-1
232.863,2.399451,247.5461,8.39222,57.88787,352.7466,-1
232.863,2.399451,247.5461,8.39222,57.88787,352.7466,-1
232.863,2.399451,247.5461,8.39222,57.88787,352.7466,-1
232.8631,2.399448,247.5461,8.390965,57.8336,352.7415,-1
232.8631,2.399446,247.5461,8.392291,57.79795,352.7381,-1
232.8631,2.399443,247.5462,8.397573,57.75742,352.7324,-1
232.8631,2.399442,247.5462,8.398297,57.71762,352.731,-1
232.8631,2.399442,247.5462,8.404114,57.67965,352.7299,-1
232.8631,2.399443,247.5462,8.414217,57.64897,352.7318,-1
232.8631,2.399443,247.5462,8.411264,57.61827,352.7333,-1
232.8632,2.399445,247.5462,8.409619,57.57648,352.7357,-1
232.8632,2.399441,247.5462,8.403673,57.53904,352.7292,-1
232.8632,2.399442,247.5462,8.395907,57.50239,352.731,-1
232.8632,2.399443,247.5462,8.389637,57.46616,352.7336,-1
232.8632,2.399443,247.5463,8.390408,57.43164,352.7331,-1
232.8633,2.399444,247.5463,8.392616,57.38688,352.7355,-1
232.8633,2.399444,247.5463,8.392522,57.34969,352.7342,-1
232.8633,2.399446,247.5463,8.389563,57.31338,352.7379,-1
232.8633,2.399445,247.5463,8.390689,57.2706,352.7362,-1
232.8633,2.399444,247.5463,8.388228,57.23491,352.734,-1
232.8633,2.399444,247.5463,8.377943,57.20374,352.7341,-1
232.8634,2.399445,247.5463,8.379141,57.17319,352.736,-1
232.8634,2.399446,247.5464,8.379385,57.13859,352.7375,-1
232.8634,2.399445,247.5464,8.372022,57.10733,352.7373,-1
232.8634,2.399446,247.5464,8.362861,57.06954,352.7377,-1
232.8634,2.399444,247.5464,8.359853,57.0402,352.7348,-1
232.8634,2.39944,247.5464,8.355268,57.00997,352.7287,-1
232.8634,2.399439,247.5464,8.352991,56.97934,352.7257,-1
232.8635,2.399437,247.5464,8.355865,56.94337,352.7226,-1
232.8635,2.399438,247.5464,8.360338,56.91032,352.7237,-1
232.8635,2.399438,247.5464,8.366491,56.87437,352.7235,-1
232.8635,2.399435,247.5464,8.37224,56.84081,352.7183,-1
232.8635,2.399433,247.5464,8.371978,56.80303,352.7146,-1
232.8636,2.399433,247.5464,8.375529,56.76789,352.7148,-1
232.8636,2.399434,247.5464,8.384402,56.73377,352.7158,-1
232.8636,2.399432,247.5465,8.381967,56.71512,352.7133,-1
232.8636,2.399432,247.5465,8.381968,56.71513,352.7133,-1
232.8636,2.39943,247.5465,8.374443,56.69059,352.7101,-1
232.8636,2.399431,247.5465,8.379117,56.65318,352.7117,-1
232.8636,2.399434,247.5465,8.379725,56.62107,352.7162,-1
232.8636,2.399432,247.5465,8.389416,56.60532,352.7137,-1
232.8636,2.399432,247.5465,8.389416,56.60532,352.7137,-1
232.8636,2.399432,247.5465,8.389416,56.60532,352.7137,-1
232.8636,2.399426,247.5465,8.382529,56.55928,352.7027,-1
232.8637,2.39943,247.5465,8.378856,56.53094,352.7092,-1
232.8637,2.39943,247.5465,8.37792,56.50039,352.7094,-1
232.8637,2.399433,247.5465,8.381611,56.47844,352.7142,-1
232.8637,2.399433,247.5465,8.379981,56.44847,352.7148,-1
232.8637,2.399431,247.5465,8.380876,56.4249,352.7119,-1
232.8637,2.399431,247.5466,8.379698,56.40382,352.7103,-1
232.8637,2.399432,247.5466,8.37919,56.37856,352.7135,-1
232.8637,2.399432,247.5466,8.380126,56.3546,352.713,-1
232.8638,2.399432,247.5466,8.38108,56.33346,352.7123,-1
232.8638,2.399432,247.5466,8.384143,56.30455,352.7133,-1
232.8638,2.399432,247.5466,8.380918,56.27245,352.713,-1
232.8638,2.399432,247.5466,8.383465,56.25116,352.7137,-1
232.8638,2.399434,247.5466,8.387301,56.22783,352.7171,-1
232.8638,2.399436,247.5466,8.391729,56.2081,352.7193,-1
232.8638,2.399434,247.5466,8.394503,56.18023,352.7168,-1
232.8638,2.399434,247.5466,8.399692,56.17468,352.7166,-1
232.8638,2.399434,247.5466,8.399692,56.17468,352.7166,-1
232.8638,2.399439,247.5466,8.393545,56.14927,352.7259,-1
232.8638,2.399441,247.5466,8.398731,56.12838,352.7291,-1
232.8639,2.399443,247.5466,8.397704,56.11271,352.7333,-1
232.8639,2.399448,247.5467,8.404921,56.09303,352.7417,-1
232.8639,2.39945,247.5467,8.403431,56.06987,352.7448,-1
232.8639,2.39945,247.5467,8.406167,56.05399,352.7456,-1
232.8639,2.399452,247.5467,8.402771,56.04882,352.7483,-1
232.8639,2.399452,247.5467,8.402771,56.04882,352.7483,-1
232.8639,2.399452,247.5467,8.402771,56.04882,352.7483,-1
232.8639,2.399455,247.5467,8.402593,56.01464,352.7542,-1
232.8639,2.399453,247.5467,8.398318,55.9967,352.7506,-1
232.8639,2.399454,247.5467,8.390515,55.9755,352.7531,-1
232.8639,2.399452,247.5467,8.387329,55.95328,352.75,-1
232.8639,2.39945,247.5467,8.384134,55.93261,352.7461,-1
232.864,2.399449,247.5467,8.386746,55.91637,352.743,-1
232.864,2.399446,247.5467,8.388578,55.89941,352.7387,-1
232.864,2.399446,247.5467,8.381341,55.89121,352.7388,-1
232.864,2.399444,247.5467,8.382338,55.8753,352.7355,-1
232.864,2.399446,247.5467,8.382018,55.86675,352.7374,-1
232.864,2.39944,247.5467,8.378892,55.85099,352.727,-1
232.864,2.399436,247.5467,8.376287,55.83685,352.7214,-1
232.864,2.399437,247.5467,8.38011,55.82623,352.7228,-1
232.864,2.399436,247.5467,8.385766,55.81781,352.7197,-1
232.864,2.399437,247.5468,8.378872,55.80631,352.7234,-1
232.864,2.399435,247.5468,8.383322,55.78414,352.7186,-1
232.864,2.399435,247.5468,8.382547,55.76974,352.7184,-1
232.864,2.399437,247.5468,8.380844,55.75657,352.7219,-1
232.864,2.399441,247.5468,8.38368,55.74978,352.7283,-1
232.864,2.399442,247.5468,8.390686,55.74622,352.7304,-1
232.864,2.39944,247.5468,8.381063,55.73208,352.7275,-1
232.864,2.399442,247.5468,8.381561,55.72236,352.7313,-1
232.864,2.399443,247.5468,8.384112,55.70776,352.7326,-1
232.8641,2.399443,247.5468,8.388186,55.69247,352.7321,-1
232.8641,2.399451,247.5468,8.387372,55.68639,352.7469,-1
232.8641,2.399451,247.5468,8.397687,55.67562,352.7482,-1
232.8641,2.399451,247.5468,8.392759,55.66267,352.7469,-1
232.8641,2.399449,247.5468,8.39092,55.65622,352.7437,-1
232.8641,2.399445,247.5468,8.396459,55.65125,352.7367,-1
232.8641,2.399446,247.5468,8.398049,55.64533,352.7386,-1
232.8641,2.399446,247.5468,8.39452,55.63311,352.7379,-1
232.8641,2.399443,247.5468,8.397017,55.62606,352.7321,-1
232.8641,2.399438,247.5468,8.402493,55.62058,352.7242,-1
232.8641,2.399438,247.5468,8.392945,55.61796,352.7238,-1
232.8641,2.399439,247.5468,8.39332,55.61376,352.725,-1
232.8641,2.399437,247.5468,8.393373,55.60613,352.7227,-1
232.8641,2.39944,247.5468,8.38954,55.60047,352.7276,-1
232.8641,2.39944,247.5468,8.386515,55.60011,352.7271,-1
232.8641,2.39944,247.5468,8.386513,55.60011,352.7271,-1
232.8641,2.39944,247.5468,8.382342,55.59298,352.7278,-1
232.8641,2.399442,247.5468,8.383072,55.59415,352.7315,-1
232.8641,2.399438,247.5468,8.385806,55.59137,352.7246,-1
232.8641,2.399438,247.5468,8.387671,55.58839,352.7242,-1
232.8641,2.399439,247.5468,8.387495,55.58997,352.7252,-1
232.8641,2.399438,247.5468,8.38579,55.58428,352.7243,-1
232.8641,2.399439,247.5468,8.384128,55.58173,352.7252,-1
232.8641,2.399442,247.5468,8.378284,55.57787,352.7321,-1
232.8641,2.399442,247.5468,8.380218,55.56829,352.7313,-1
232.8641,2.399444,247.5468,8.387175,55.56133,352.7348,-1
232.8641,2.39944,247.5468,8.387685,55.55508,352.7279,-1
232.8641,2.399442,247.5468,8.383445,55.55955,352.7321,-1
232.8641,2.399444,247.5468,8.385829,55.55665,352.7345,-1
232.8641,2.39944,247.5468,8.389585,55.55592,352.7276,-1
232.8641,2.399439,247.5468,8.384377,55.55424,352.7265,-1
232.8641,2.399439,247.5468,8.386101,55.54843,352.726,-1
232.8641,2.399441,247.5468,8.383911,55.54721,352.7297,-1
232.8641,2.399437,247.5468,8.383166,55.55468,352.7226,-1
232.8641,2.399437,247.5468,8.3882,55.55882,352.7221,-1
232.8641,2.399435,247.5468,8.386863,55.56898,352.7188,-1
232.8641,2.399438,247.5468,8.383984,55.56939,352.7244,-1
232.8641,2.399437,247.5468,8.384124,55.57404,352.7216,-1
232.8641,2.39943,247.5468,8.383677,55.5747,352.7088,-1
232.8641,2.399431,247.5468,8.383187,55.57722,352.7109,-1
232.8641,2.399432,247.5468,8.383807,55.57382,352.7132,-1
232.8641,2.399432,247.5468,8.388461,55.57841,352.7132,-1
232.8641,2.399432,247.5468,8.388461,55.57841,352.7132,-1
232.8641,2.399434,247.5468,8.382754,55.57215,352.7174,-1
232.8641,2.399437,247.5468,8.384785,55.5753,352.7221,-1
232.8641,2.399438,247.5468,8.38445,55.57635,352.7233,-1
232.8641,2.399439,247.5468,8.384755,55.57963,352.7254,-1
232.8641,2.399439,247.5468,8.392291,55.57784,352.7253,-1
232.8641,2.39944,247.5468,8.386209,55.58543,352.728,-1
232.8641,2.399442,247.5468,8.387989,55.58729,352.7309,-1
232.8641,2.399442,247.5468,8.384982,55.59065,352.7309,-1
232.8641,2.399441,247.5468,8.384809,55.59055,352.7303,-1
232.8641,2.399441,247.5468,8.383478,55.59548,352.7301,-1
232.8641,2.39944,247.5468,8.388743,55.597,352.7268,-1
232.8641,2.399442,247.5468,8.39071,55.59675,352.7319,-1
232.8641,2.399442,247.5468,8.39071,55.59675,352.7319,-1
232.8641,2.399442,247.5468,8.39071,55.59675,352.7319,-1
232.8641,2.399446,247.5468,8.388624,55.59616,352.7376,-1
232.8641,2.399446,247.5468,8.388515,55.60172,352.7377,-1
232.8641,2.399446,247.5468,8.389185,55.61266,352.738,-1
232.8641,2.399442,247.5468,8.394303,55.62314,352.7315,-1
232.8641,2.39944,247.5468,8.391875,55.63319,352.7272,-1
232.8641,2.399439,247.5468,8.390234,55.6417,352.7253,-1
232.8641,2.399439,247.5468,8.388742,55.64489,352.7254,-1
232.8641,2.399441,247.5468,8.392612,55.64261,352.7288,-1
232.8641,2.39944,247.5468,8.390364,55.64832,352.7277,-1
232.8641,2.399442,247.5468,8.393127,55.65162,352.7311,-1
232.8641,2.399442,247.5468,8.388561,55.66386,352.7312,-1
232.8641,2.399444,247.5468,8.38592,55.67491,352.7349,-1
232.8641,2.399444,247.5468,8.383379,55.68878,352.7346,-1
232.864,2.399441,247.5468,8.375422,55.69586,352.7304,-1
232.864,2.399441,247.5468,8.373719,55.7051,352.7302,-1
232.864,2.399441,247.5468,8.376756,55.7177,352.7291,-1
232.864,2.399441,247.5468,8.381177,55.72798,352.7305,-1
232.864,2.399437,247.5468,8.38308,55.7299,352.723,-1
232.864,2.399436,247.5468,8.383342,55.73795,352.721,-1
232.864,2.399437,247.5468,8.379898,55.75456,352.7218,-1
232.864,2.399436,247.5468,8.377489,55.76034,352.7202,-1
232.864,2.399438,247.5468,8.379917,55.77289,352.7239,-1
232.864,2.399442,247.5468,8.37987,55.78163,352.7316,-1
232.864,2.399439,247.5468,8.385776,55.79913,352.7254,-1
232.864,2.399438,247.5467,8.385543,55.80982,352.7247,-1
232.864,2.399441,247.5467,8.390082,55.82397,352.7282,-1
232.864,2.399444,247.5467,8.396629,55.84023,352.7338,-1
232.864,2.399446,247.5467,8.391554,55.8581,352.7376,-1
232.864,2.399446,247.5467,8.394385,55.87743,352.7384,-1
232.864,2.399445,247.5467,8.392737,55.89039,352.7357,-1
232.864,2.399444,247.5467,8.39172,55.90467,352.7342,-1
232.864,2.399444,247.5467,8.387232,55.91562,352.7352,-1
232.8639,2.399446,247.5467,8.389557,55.92981,352.7374,-1
232.8639,2.399449,247.5467,8.38768,55.95243,352.7444,-1
232.8639,2.39945,247.5467,8.388431,55.97224,352.746,-1
232.8639,2.399448,247.5467,8.396225,55.99713,352.7417,-1
232.8639,2.399444,247.5467,8.397281,56.01324,352.735,-1
232.8639,2.399441,247.5467,8.402883,56.02821,352.7293,-1
232.8639,2.399446,247.5467,8.396831,56.04668,352.7375,-1
232.8639,2.399445,247.5467,8.402599,56.06848,352.7364,-1
232.8639,2.399444,247.5467,8.397075,56.0813,352.7337,-1
232.8639,2.399445,247.5467,8.394782,56.10009,352.7358,-1
232.8639,2.399446,247.5466,8.394967,56.12059,352.7379,-1
232.8638,2.399446,247.5466,8.395476,56.14006,352.7371,-1
232.8638,2.399445,247.5466,8.396285,56.1545,352.7365,-1
232.8638,2.399446,247.5466,8.396193,56.16828,352.7372,-1
232.8638,2.399445,247.5466,8.400856,56.18378,352.7367,-1
232.8638,2.399443,247.5466,8.401484,56.20446,352.733,-1
232.8638,2.399444,247.5466,8.39544,56.21892,352.7336,-1
232.8638,2.399445,247.5466,8.393825,56.24163,352.7359,-1
232.8638,2.399447,247.5466,8.386563,56.26619,352.7398,-1
232.8638,2.399447,247.5466,8.391916,56.27558,352.7411,-1
232.8638,2.399446,247.5466,8.396344,56.29279,352.7371,-1
232.8638,2.399445,247.5466,8.395684,56.31697,352.7359,-1
232.8638,2.399446,247.5466,8.399121,56.34108,352.737,-1
232.8637,2.399446,247.5466,8.399044,56.36105,352.7374,-1
232.8637,2.399445,247.5466,8.389687,56.38268,352.7365,-1
232.8637,2.399446,247.5466,8.382611,56.40091,352.7383,-1
232.8637,2.399448,247.5465,8.384265,56.42227,352.7414,-1
232.8637,2.39945,247.5465,8.381048,56.44259,352.7465,-1
232.8637,2.399445,247.5465,8.385832,56.46374,352.7365,-1
232.8637,2.399447,247.5465,8.382295,56.482,352.7405,-1
232.8637,2.399447,247.5465,8.377711,56.50395,352.7406,-1
232.8637,2.399449,247.5465,8.37463,56.52231,352.7448,-1
232.8637,2.399449,247.5465,8.381687,56.54478,352.7435,-1
232.8636,2.399448,247.5465,8.380836,56.56376,352.7424,-1
232.8636,2.399446,247.5465,8.38346,56.59035,352.7393,-1
232.8636,2.399444,247.5465,8.382181,56.61744,352.7341,-1
232.8636,2.399441,247.5465,8.378666,56.63779,352.7287,-1
232.8636,2.399441,247.5465,8.3946,56.65808,352.7284,-1
232.8636,2.399444,247.5465,8.393094,56.67802,352.7339,-1
232.8636,2.399446,247.5465,8.393496,56.69743,352.7382,-1
232.8636,2.399446,247.5465,8.392646,56.71832,352.7375,-1
232.8636,2.399443,247.5464,8.391667,56.7392,352.7326,-1
232.8636,2.399441,247.5464,8.38619,56.75902,352.729,-1
232.8635,2.399442,247.5464,8.383176,56.78688,352.7317,-1
232.8635,2.399441,247.5464,8.37932,56.8156,352.7289,-1
232.8635,2.399443,247.5464,8.383273,56.83791,352.7323,-1
232.8635,2.399441,247.5464,8.382836,56.86243,352.7285,-1
232.8635,2.399444,247.5464,8.381171,56.88765,352.7345,-1
232.8635,2.399448,247.5464,8.385579,56.91878,352.7426,-1
232.8635,2.39945,247.5464,8.395638,56.94584,352.7466,-1
232.8635,2.399449,247.5464,8.394675,56.97098,352.7448,-1
232.8634,2.399449,247.5464,8.397073,56.99712,352.7438,-1
232.8634,2.399445,247.5464,8.391245,57.01996,352.7371,-1
232.8634,2.399445,247.5464,8.386722,57.0421,352.7369,-1
232.8634,2.399446,247.5464,8.386153,57.06591,352.7386,-1
232.8634,2.399446,247.5464,8.383482,57.08941,352.7387,-1
232.8634,2.399449,247.5464,8.381879,57.11396,352.7439,-1
232.8634,2.399448,247.5464,8.389606,57.13361,352.7426,-1
232.8634,2.399446,247.5463,8.391268,57.1554,352.7385,-1
232.8634,2.399446,247.5463,8.386909,57.1815,352.7388,-1
232.8633,2.399444,247.5463,8.381873,57.19909,352.7349,-1
232.8633,2.399444,247.5463,8.377785,57.22315,352.7351,-1
232.8633,2.399444,247.5463,8.380663,57.24924,352.735,-1
232.8633,2.399447,247.5463,8.381066,57.27652,352.7399,-1
232.8633,2.399445,247.5463,8.391535,57.29694,352.7371,-1
232.8633,2.399447,247.5463,8.395224,57.32074,352.7395,-1
232.8633,2.399447,247.5463,8.38974,57.35297,352.7411,-1
232.8633,2.399448,247.5463,8.387511,57.38041,352.7425,-1
232.8633,2.399446,247.5463,8.385841,57.41071,352.738,-1
232.8632,2.399446,247.5463,8.391201,57.43731,352.7376,-1
232.8632,2.399446,247.5462,8.39131,57.46843,352.7387,-1
232.8632,2.399444,247.5462,8.398231,57.49297,352.7353,-1
232.8632,2.399442,247.5462,8.387934,57.52647,352.7308,-1
232.8632,2.399443,247.5462,8.389128,57.55544,352.732,-1
232.8632,2.399443,247.5462,8.385381,57.57746,352.7329,-1
232.8632,2.399438,247.5462,8.386452,57.59957,352.7247,-1
232.8631,2.399435,247.5462,8.38208,57.62601,352.7187,-1
232.8631,2.399431,247.5462,8.38739,57.64315,352.7116,-1
232.8631,2.399431,247.5462,8.383861,57.66278,352.7106,-1
232.8631,2.39943,247.5462,8.383539,57.68895,352.7095,-1
232.8631,2.39943,247.5462,8.384267,57.70907,352.7085,-1
232.8631,2.399425,247.5462,8.385744,57.73609,352.6999,-1
232.8631,2.39943,247.5462,8.385914,57.75623,352.7096,-1
232.8631,2.399433,247.5461,8.381909,57.78482,352.7144,-1
232.8631,2.399436,247.5461,8.388157,57.80764,352.719,-1
232.8631,2.399437,247.5461,8.388392,57.82829,352.7229,-1
232.863,2.399437,247.5461,8.384732,57.84835,352.7222,-1
232.863,2.399438,247.5461,8.380469,57.87403,352.7242,-1
232.863,2.399439,247.5461,8.382956,57.89072,352.7259,-1
232.863,2.399441,247.5461,8.382771,57.90899,352.7285,-1
232.863,2.399441,247.5461,8.385239,57.92995,352.7286,-1
232.863,2.399442,247.5461,8.377382,57.95571,352.7318,-1
232.863,2.399443,247.5461,8.378407,57.98068,352.7336,-1
232.863,2.399443,247.5461,8.379426,58.00352,352.7335,-1
232.863,2.399446,247.5461,8.380404,58.03043,352.7375,-1
232.8629,2.399447,247.5461,8.379179,58.05482,352.7398,-1
232.8629,2.399452,247.5461,8.381447,58.0823,352.7494,-1
232.8629,2.399452,247.5461,8.382399,58.10764,352.7501,-1
232.8629,2.399451,247.5461,8.383318,58.12935,352.7477,-1
232.8629,2.399449,247.5461,8.381639,58.15852,352.7436,-1
232.8629,2.399449,247.5461,8.38626,58.17479,352.7441,-1
232.8629,2.399449,247.546,8.388966,58.20527,352.7435,-1
232.8629,2.399449,247.546,8.384939,58.22506,352.7442,-1
232.8629,2.399447,247.546,8.382777,58.24667,352.7398,-1
232.8628,2.399448,247.546,8.390321,58.26834,352.7419,-1
232.8628,2.39945,247.546,8.383373,58.29567,352.7451,-1
232.8628,2.399447,247.546,8.390518,58.3202,352.7411,-1
232.8628,2.399447,247.546,8.3781,58.34393,352.7411,-1
232.8628,2.399445,247.546,8.383506,58.3709,352.7366,-1
232.8628,2.399443,247.546,8.387352,58.40039,352.7327,-1
232.8628,2.399444,247.546,8.389493,58.42653,352.7339,-1
232.8628,2.39944,247.546,8.388701,58.44584,352.7265,-1
232.8627,2.399442,247.546,8.387757,58.47081,352.7318,-1
232.8627,2.399441,247.546,8.385532,58.49143,352.7296,-1
232.8627,2.399446,247.546,8.385539,58.52014,352.7386,-1
232.8627,2.399446,247.5459,8.384543,58.54488,352.7394,-1
232.8627,2.399448,247.5459,8.389786,58.56996,352.7423,-1
232.8627,2.39945,247.5459,8.386502,58.59457,352.7448,-1
232.8627,2.399445,247.5459,8.391159,58.6105,352.7357,-1
232.8627,2.399446,247.5459,8.394794,58.63885,352.7388,-1
232.8627,2.399448,247.5459,8.393482,58.66591,352.7412,-1
232.8626,2.399446,247.5459,8.395489,58.68288,352.7386,-1
232.8626,2.399446,247.5459,8.392085,58.71304,352.7393,-1
232.8626,2.399447,247.5459,8.38888,58.74104,352.7413,-1
232.8626,2.399442,247.5459,8.384005,58.76173,352.7309,-1
232.8626,2.399442,247.5459,8.38186,58.78204,352.731,-1
232.8626,2.399441,247.5459,8.383307,58.80581,352.7292,-1
232.8626,2.399439,247.5459,8.386215,58.83403,352.7249,-1
232.8626,2.399441,247.5458,8.387698,58.85795,352.73,-1
232.8625,2.399441,247.5458,8.386778,58.8752,352.7295,-1
232.8625,2.39944,247.5458,8.382283,58.89894,352.727,-1
232.8625,2.39944,247.5458,8.380143,58.9208,352.7267,-1
232.8625,2.399445,247.5458,8.373564,58.93856,352.7362,-1
232.8625,2.399443,247.5458,8.365118,58.95959,352.7328,-1
232.8625,2.399444,247.5458,8.366459,58.98413,352.7354,-1
232.8625,2.399446,247.5458,8.356965,59.0076,352.7388,-1
232.8625,2.399447,247.5458,8.350663,59.02757,352.7403,-1
232.8625,2.399449,247.5458,8.352335,59.05229,352.7451,-1
232.8625,2.399452,247.5458,8.353955,59.06256,352.7501,-1
232.8625,2.399453,247.5458,8.361035,59.08394,352.752,-1
232.8624,2.39945,247.5458,8.367139,59.10197,352.7457,-1
232.8624,2.399451,247.5458,8.364374,59.12269,352.7469,-1
232.8624,2.399448,247.5458,8.379701,59.14195,352.7425,-1
232.8624,2.399448,247.5458,8.382003,59.16314,352.7424,-1
232.8624,2.399448,247.5458,8.383193,59.18745,352.7423,-1
232.8624,2.399448,247.5457,8.384089,59.21107,352.7415,-1
232.8624,2.399443,247.5457,8.387814,59.23443,352.7328,-1
232.8624,2.399448,247.5457,8.388341,59.24746,352.7414,-1
232.8624,2.399446,247.5457,8.389076,59.2609,352.7386,-1
232.8624,2.399444,247.5457,8.390556,59.27714,352.7346,-1
232.8624,2.399447,247.5457,8.39263,59.30552,352.7395,-1
232.8623,2.399446,247.5457,8.394377,59.32681,352.739,-1
232.8623,2.399445,247.5457,8.38909,59.35241,352.7365,-1
232.8623,2.399448,247.5457,8.390811,59.37385,352.7425,-1
232.8623,2.399449,247.5457,8.391026,59.39423,352.7433,-1
232.8623,2.399449,247.5457,8.390061,59.41498,352.7447,-1
232.8623,2.39945,247.5457,8.384909,59.43821,352.7462,-1
232.8623,2.399454,247.5457,8.379064,59.4633,352.7531,-1
232.8623,2.399456,247.5457,8.383022,59.48803,352.7568,-1
232.8622,2.399452,247.5457,8.382377,59.50705,352.7495,-1
232.8622,2.399451,247.5457,8.382186,59.52707,352.7486,-1
232.8622,2.399453,247.5457,8.375599,59.55246,352.7512,-1
232.8622,2.399451,247.5457,8.372538,59.57109,352.748,-1
232.8622,2.399447,247.5457,8.365493,59.58674,352.7415,-1
232.8622,2.399454,247.5457,8.365915,59.60934,352.753,-1
232.8622,2.399452,247.5457,8.373754,59.63179,352.7503,-1
232.8622,2.399451,247.5456,8.371222,59.6441,352.7469,-1
232.8622,2.399448,247.5456,8.365184,59.66456,352.7429,-1
232.8622,2.399447,247.5456,8.360152,59.68431,352.7408,-1
232.8622,2.399446,247.5456,8.363126,59.70337,352.7391,-1
232.8622,2.399442,247.5456,8.363801,59.71977,352.7324,-1
232.8621,2.399445,247.5456,8.364521,59.74199,352.7362,-1
232.8621,2.399443,247.5456,8.365913,59.76433,352.7335,-1
232.8621,2.399444,247.5456,8.364513,59.7875,352.7345,-1
232.8621,2.399446,247.5456,8.364512,59.80264,352.7379,-1
232.8621,2.399446,247.5456,8.368855,59.81641,352.7393,-1
232.8621,2.399446,247.5456,8.373475,59.82716,352.7383,-1
232.8621,2.399445,247.5456,8.374549,59.84742,352.7365,-1
232.8621,2.399444,247.5456,8.378466,59.86602,352.7348,-1
232.8621,2.399446,247.5456,8.370924,59.87902,352.7392,-1
232.8621,2.399446,247.5456,8.366679,59.90225,352.7393,-1
232.862,2.399444,247.5456,8.375852,59.91961,352.7354,-1
232.862,2.399445,247.5456,8.38528,59.93396,352.7365,-1
232.862,2.399447,247.5456,8.386214,59.95352,352.7403,-1
232.862,2.399449,247.5456,8.384726,59.97106,352.7432,-1
232.862,2.399449,247.5455,8.386345,59.97755,352.7431,-1
232.862,2.399449,247.5455,8.386344,59.97754,352.7431,-1
232.862,2.399449,247.5455,8.386345,59.97755,352.7431,-1
232.862,2.399448,247.5455,8.386457,59.98952,352.742,-1
232.862,2.39945,247.5455,8.38135,60.0067,352.7457,-1
232.862,2.399447,247.5455,8.383668,60.02385,352.7415,-1
232.862,2.399446,247.5455,8.376183,60.03433,352.7384,-1
232.862,2.399448,247.5455,8.380568,60.04829,352.7418,-1
232.862,2.399446,247.5455,8.383734,60.05843,352.7379,-1
232.862,2.399445,247.5455,8.387129,60.071,352.7365,-1
232.862,2.399447,247.5455,8.383318,60.09229,352.7404,-1
232.862,2.399447,247.5455,8.380655,60.10827,352.7408,-1
232.862,2.399446,247.5455,8.383663,60.12956,352.7375,-1
232.8619,2.399444,247.5455,8.388149,60.13921,352.7339,-1
232.8619,2.399444,247.5455,8.388149,60.13921,352.7339,-1
232.8619,2.399444,247.5455,8.388149,60.13921,352.7339,-1
232.8619,2.399443,247.5455,8.390642,60.16302,352.7328,-1
232.8619,2.399444,247.5455,8.391923,60.18163,352.7338,-1
232.8619,2.399448,247.5455,8.393213,60.19106,352.7415,-1
232.8619,2.399449,247.5455,8.388953,60.21323,352.7445,-1
232.8619,2.399446,247.5455,8.393352,60.22809,352.7384,-1
232.8619,2.399448,247.5455,8.393578,60.24816,352.7418,-1
232.8619,2.399448,247.5455,8.390149,60.25934,352.7413,-1
232.8619,2.39945,247.5455,8.384522,60.27217,352.7452,-1
232.8619,2.399448,247.5455,8.386443,60.28998,352.7423,-1
232.8619,2.399448,247.5455,8.383207,60.29956,352.7428,-1
232.8619,2.39945,247.5455,8.387926,60.31509,352.7462,-1
232.8618,2.39945,247.5454,8.38701,60.33069,352.7463,-1
232.8618,2.39945,247.5454,8.388179,60.34056,352.7454,-1
232.8618,2.39945,247.5454,8.388179,60.34056,352.7454,-1
232.8618,2.399453,247.5454,8.380049,60.35163,352.7508,-1
232.8618,2.399451,247.5454,8.378565,60.35794,352.7477,-1
232.8618,2.39945,247.5454,8.379571,60.36892,352.745,-1
232.8618,2.39945,247.5454,8.379571,60.36892,352.745,-1
232.8618,2.39945,247.5454,8.379571,60.36892,352.745,-1
232.8618,2.399449,247.5454,8.372335,60.38034,352.7443,-1
232.8618,2.399448,247.5454,8.378349,60.3875,352.7419,-1
232.8618,2.399448,247.5454,8.378349,60.3875,352.7419,-1
232.8618,2.399445,247.5454,8.370159,60.3927,352.7362,-1
232.8618,2.399441,247.5454,8.367374,60.40832,352.7293,-1
232.8618,2.399438,247.5454,8.374736,60.42274,352.725,-1
232.8618,2.399436,247.5454,8.379076,60.43238,352.7215,-1
232.8618,2.399441,247.5454,8.391052,60.44685,352.7284,-1
232.8618,2.399442,247.5454,8.393169,60.4597,352.7302,-1
232.8618,2.399441,247.5454,8.394691,60.47224,352.7299,-1
232.8618,2.399438,247.5454,8.390861,60.48466,352.7245,-1
232.8618,2.399437,247.5454,8.395919,60.49297,352.7212,-1
232.8618,2.399437,247.5454,8.393933,60.51591,352.7228,-1
232.8618,2.399438,247.5454,8.394183,60.52881,352.7236,-1
232.8618,2.399443,247.5454,8.38791,60.53781,352.7324,-1
232.8617,2.399446,247.5454,8.387895,60.55416,352.7378,-1
232.8617,2.39945,247.5454,8.380959,60.56394,352.7458,-1
232.8617,2.39945,247.5454,8.380959,60.56394,352.7458,-1
232.8617,2.39945,247.5454,8.380959,60.56394,352.7458,-1
232.8617,2.399447,247.5454,8.387486,60.57414,352.7403,-1
232.8617,2.399446,247.5454,8.388228,60.58102,352.7381,-1
232.8617,2.399443,247.5454,8.388735,60.59238,352.7332,-1
232.8617,2.399444,247.5454,8.379786,60.60091,352.7354,-1
232.8617,2.399445,247.5454,8.37462,60.60184,352.7365,-1
232.8617,2.399445,247.5454,8.370866,60.60801,352.7358,-1
232.8617,2.399446,247.5454,8.367955,60.61139,352.7394,-1
232.8617,2.399444,247.5454,8.369717,60.62395,352.7357,-1
232.8617,2.399443,247.5454,8.373566,60.6342,352.7325,-1
232.8617,2.399446,247.5454,8.369954,60.64623,352.7382,-1
232.8617,2.399442,247.5454,8.370371,60.65796,352.731,-1
232.8617,2.39944,247.5454,8.365302,60.6671,352.7281,-1
232.8617,2.399441,247.5453,8.367852,60.67605,352.7303,-1
232.8617,2.399443,247.5453,8.370182,60.68668,352.7329,-1
232.8617,2.399442,247.5453,8.370739,60.70081,352.7314,-1
232.8617,2.399442,247.5453,8.366449,60.71796,352.7309,-1
232.8617,2.399439,247.5453,8.367239,60.72203,352.7256,-1
232.8616,2.399437,247.5453,8.368279,60.73039,352.7228,-1
232.8616,2.399435,247.5453,8.366567,60.73989,352.719,-1
232.8616,2.399438,247.5453,8.370571,60.74856,352.7246,-1
232.8616,2.399438,247.5453,8.37181,60.74987,352.7239,-1
232.8616,2.399441,247.5453,8.375451,60.76095,352.729,-1
232.8616,2.399445,247.5453,8.378056,60.76276,352.7358,-1
232.8616,2.399443,247.5453,8.377617,60.77451,352.7323,-1
232.8616,2.399443,247.5453,8.383809,60.77918,352.7329,-1
232.8616,2.399445,247.5453,8.389333,60.78493,352.7356,-1
232.8616,2.399443,247.5453,8.388454,60.79034,352.7325,-1
232.8616,2.399441,247.5453,8.389388,60.7947,352.7286,-1
232.8616,2.399443,247.5453,8.384595,60.80173,352.7332,-1
232.8616,2.399446,247.5453,8.369621,60.80842,352.7394,-1
232.8616,2.399445,247.5453,8.373688,60.81236,352.7362,-1
232.8616,2.399444,247.5453,8.371977,60.81419,352.735,-1
232.8616,2.399447,247.5453,8.379567,60.82002,352.7401,-1
232.8616,2.399447,247.5453,8.381857,60.82918,352.7411,-1
232.8616,2.399447,247.5453,8.372694,60.83464,352.7406,-1
232.8616,2.399447,247.5453,8.383471,60.84045,352.7413,-1
232.8616,2.399447,247.5453,8.380936,60.84223,352.7412,-1
232.8616,2.399446,247.5453,8.382428,60.84678,352.7385,-1
232.8616,2.399443,247.5453,8.383365,60.85128,352.7332,-1
232.8616,2.399442,247.5453,8.386174,60.8506,352.7305,-1
232.8616,2.399442,247.5453,8.389495,60.86009,352.7309,-1
232.8616,2.399439,247.5453,8.390193,60.85835,352.7251,-1
232.8616,2.399437,247.5453,8.394043,60.86561,352.7213,-1
232.8616,2.399435,247.5453,8.390195,60.86889,352.7181,-1
232.8616,2.399434,247.5453,8.395359,60.87828,352.7162,-1
232.8616,2.399436,247.5453,8.395979,60.88218,352.72,-1
232.8616,2.399436,247.5453,8.40144,60.88339,352.7195,-1
232.8616,2.399443,247.5453,8.401416,60.88744,352.7331,-1
232.8616,2.399446,247.5453,8.405011,60.88975,352.7374,-1
232.8616,2.399446,247.5453,8.398745,60.88549,352.739,-1
232.8616,2.399443,247.5453,8.402654,60.87998,352.7322,-1
232.8616,2.399445,247.5453,8.398077,60.88139,352.7359,-1
232.8616,2.399445,247.5453,8.396378,60.8802,352.7354,-1
232.8616,2.399439,247.5453,8.417389,60.869,352.7253,-1
232.8616,2.399443,247.5453,8.407254,60.87175,352.7325,-1
232.8616,2.399441,247.5453,8.402439,60.88052,352.7288,-1
232.8616,2.399459,247.5453,8.387133,60.87996,352.7625,-1
232.8616,2.399452,247.5453,8.396957,60.87067,352.7487,-1
232.8616,2.399452,247.5453,8.396957,60.87067,352.7487,-1
232.8613,2.399493,247.5451,8.483222,61.48729,352.8229,-1
232.861,2.399542,247.545,8.551998,62.00771,352.9112,-1
232.8607,2.399609,247.5448,8.69285,62.75744,353.0305,-1
232.8604,2.399674,247.5447,8.788815,63.36854,353.1477,-1
232.8601,2.399734,247.5446,8.901451,63.84347,353.2537,-1
232.8601,2.399756,247.5445,8.946589,63.89671,353.2938,-1
232.8601,2.399775,247.5445,8.982839,63.90485,353.3277,-1
232.8601,2.3998,247.5445,8.994767,63.91817,353.3722,-1
232.8601,2.399816,247.5445,9.017067,63.92382,353.4014,-1
232.8601,2.399823,247.5445,9.021369,63.87817,353.4149,-1
232.8602,2.399818,247.5446,9.015532,63.70058,353.4066,-1
232.8603,2.399806,247.5446,9.02651,63.52896,353.3825,-1
232.8604,2.399797,247.5446,9.020388,63.37444,353.3672,-1
232.8604,2.399794,247.5447,9.020063,63.23852,353.3614,-1
232.8605,2.399791,247.5447,9.026815,63.12055,353.3565,-1
232.8605,2.399789,247.5447,9.02419,63.0083,353.353,-1
232.8606,2.399787,247.5448,9.035331,62.8987,353.3491,-1
232.8607,2.399793,247.5448,9.041708,62.82163,353.3599,-1
232.8607,2.399803,247.5448,9.049686,62.78726,353.3773,-1
232.8607,2.399815,247.5448,9.063655,62.79464,353.3983,-1
232.8607,2.399825,247.5448,9.08454,62.80726,353.4167,-1
232.8606,2.399838,247.5448,9.118705,62.92128,353.4409,-1
232.8606,2.399858,247.5447,9.128766,62.93871,353.476,-1
232.8605,2.39986,247.5447,9.171086,63.02027,353.4791,-1
232.8605,2.399879,247.5447,9.175862,63.05543,353.5147,-1
232.8605,2.399887,247.5447,9.189298,63.07109,353.5284,-1
232.8605,2.399894,247.5447,9.183354,63.0709,353.5411,-1
232.8605,2.399894,247.5447,9.183354,63.0709,353.5411,-1
232.8604,2.399962,247.5446,9.119328,63.43243,353.6672,-1
232.8604,2.399888,247.5446,9.278293,63.35105,353.529,-1
232.8604,2.399913,247.5446,9.230757,63.40394,353.5746,-1
232.8604,2.399915,247.5446,9.2474,63.40602,353.579,-1
232.8604,2.399911,247.5446,9.244469,63.40593,353.5716,-1
232.8604,2.399913,247.5446,9.262943,63.39952,353.5739,-1
232.8604,2.399913,247.5446,9.262943,63.39952,353.5739,-1
232.8604,2.399913,247.5446,9.262943,63.39952,353.5739,-1
232.8602,2.400029,247.5445,9.344304,63.81279,353.7845,-1
232.8601,2.399964,247.5445,10.00881,63.85069,353.6533,-1
232.8691,2.402805,247.5505,14.96913,45.10898,358.8084,-1
232.868,2.401215,247.5495,79.0948,26.87678,338.364,-1
232.8694,2.406502,247.551,79.9431,77.24516,33.1312,-1
232.8698,2.398445,247.5518,78.22562,353.5905,309.9918,-1
232.8569,2.39285,247.5449,62.36926,28.10094,314.4305,-1
232.872,2.403185,247.5538,55.54802,36.97192,359.1691,-1
232.8781,2.406883,247.578,11.68149,352.8563,6.294133,-1
232.8766,2.408215,247.5836,33.13443,346.6713,10.24825,-1
232.878,2.407765,247.5683,81.48221,74.53585,65.62585,-1
232.8731,2.393551,247.5583,42.09806,12.43683,335.3676,-1
232.8719,2.395772,247.5552,12.36394,32.60247,345.7854,-1
232.8747,2.397767,247.559,4.512361,26.18884,349.7433,-1
232.8743,2.399209,247.5578,11.28068,27.87003,352.2367,-1
232.8751,2.399898,247.5591,14.11445,24.93435,353.4315,-1
232.8746,2.397027,247.5591,8.009154,25.4011,348.3092,-1
232.8749,2.396492,247.5599,0.5992234,25.30464,347.4442,-1
232.8759,2.398552,247.5612,357.5181,22.84136,351.1929,-1
232.8759,2.399677,247.5609,354.0507,23.62559,353.1963,-1
232.8758,2.400349,247.5605,353.5939,24.44701,354.4077,-1
232.8757,2.401409,247.5602,353.4524,24.76199,356.3238,-1
232.8764,2.403226,247.5616,358.275,21.4915,359.6028,-1
232.8766,2.403994,247.562,4.20409,20.91904,0.9804685,-1
232.8769,2.404463,247.563,9.58536,19.14849,1.844876,-1
232.877,2.402761,247.5633,10.70486,18.08857,358.7489,-1
232.8772,2.405018,247.564,12.78485,17.54723,2.885144,-1
232.8772,2.403701,247.5638,11.83361,17.42112,0.4642797,-1
232.8772,2.402531,247.5638,15.955,16.92815,358.2926,-1
232.8771,2.404088,247.5635,16.98434,18.17668,1.198618,-1
232.8776,2.403348,247.5653,18.04596,14.42964,359.8134,-1
232.8777,2.403878,247.5656,18.4423,14.2713,0.812248,-1
232.8777,2.402923,247.5658,22.65804,13.21666,358.9825,-1
232.8778,2.402453,247.5661,27.24827,12.1992,357.9969,-1
232.8779,2.401537,247.5668,32.23335,9.700829,355.9534,-1
232.8777,2.399382,247.5665,35.33666,7.133202,351.0401,-1
232.8769,2.402074,247.563,32.66879,17.14905,357.078,-1
232.8776,2.401109,247.5654,27.2603,12.18118,355.2843,-1
232.8776,2.40264,247.5651,18.45535,14.37876,358.4765,-1
232.8775,2.401949,247.5651,18.61272,13.95934,357.167,-1
232.8773,2.402171,247.5642,15.82999,15.891,357.6228,-1
232.877,2.40256,247.5634,12.39139,17.76438,358.3736,-1
232.8774,2.402441,247.5645,13.53309,15.54174,358.1465,-1
232.8774,2.402506,247.5646,11.37975,15.51156,358.28,-1
232.8775,2.402221,247.565,11.38404,14.62842,357.7588,-1
232.8775,2.402334,247.5649,11.29414,14.8319,357.9667,-1
232.8777,2.402264,247.5656,12.45582,13.42504,357.8289,-1
232.8777,2.401447,247.5659,11.63031,12.64678,356.3403,-1
232.878,2.401597,247.567,10.34767,10.87285,356.6299,-1
232.8781,2.402114,247.5678,11.38627,9.422864,357.5637,-1
232.878,2.402071,247.5668,12.414,11.16132,357.4746,-1
232.8781,2.401132,247.5682,14.95341,8.184776,355.7044,-1
232.8779,2.403078,247.5662,15.13182,12.627,359.3143,-1
232.8777,2.402977,247.5655,12.54369,14.04365,359.136,-1
232.8777,2.403024,247.5656,13.52527,13.71569,359.2194,-1
232.8779,2.402415,247.5664,10.76717,12.14623,358.118,-1
232.8783,2.402138,247.5685,10.41899,8.160896,357.616,-1
232.8784,2.402023,247.5699,11.12056,5.723503,357.4007,-1
232.8783,2.402185,247.5689,10.63377,7.565743,357.6999,-1
232.8782,2.402295,247.5683,10.77623,8.598731,357.8985,-1
232.8782,2.402131,247.5681,10.80507,8.973588,357.5985,-1
232.8781,2.402525,247.5677,10.86637,9.850101,358.3186,-1
232.8782,2.402544,247.568,10.25263,9.318369,358.3559,-1
232.8782,2.402381,247.5679,10.70774,9.415759,358.0562,-1
232.8782,2.402859,247.5679,10.71036,9.627085,358.9276,-1
232.8783,2.402361,247.5688,10.82507,7.762234,358.0189,-1
232.8783,2.402444,247.5689,10.28353,7.691638,358.1741,-1
232.8783,2.402249,247.5687,10.33338,7.871577,357.8178,-1
232.8783,2.402195,247.5688,9.537284,7.752583,357.7257,-1
232.8783,2.401968,247.5685,9.510721,8.259652,357.3139,-1
232.8778,2.402746,247.566,8.195147,13.12126,358.7307,-1
232.8753,2.40368,247.5591,4.572835,26.42358,0.4175339,-1
232.868,2.40365,247.5495,0.2861456,48.1386,0.3631458,-1
232.8622,2.402954,247.5454,0.7031118,60.85217,359.1166,-1
232.8624,2.402905,247.5454,0.759482,60.57225,359.0276,-1
232.8657,2.402027,247.5476,351.3497,53.81981,357.4268,-1
232.8721,2.401221,247.5541,323.5395,40.04871,355.0372,-1
232.8734,2.401585,247.5559,314.9874,36.46296,355.2782,-1
232.8742,2.401991,247.5571,311.6598,33.46972,356.0732,-1
232.8745,2.402084,247.5576,310.6884,32.2121,356.2517,-1
232.8754,2.403085,247.5592,315.1992,26.89188,359.084,-1
232.8781,2.404809,247.5678,343.9114,9.301616,2.536996,-1
232.8782,2.403764,247.5681,10.55376,9.429084,0.5763944,-1
232.8781,2.403037,247.5677,10.11759,9.994999,359.2532,-1
232.8782,2.402841,247.568,10.22838,9.446406,358.896,-1
241.526,2.405534,199.3985,10.26758,9.514372,358.2104,-1
241.526,2.405379,199.3985,10.26619,9.537352,357.9289,-1
241.5252,2.406315,199.4128,7.710737,343.8915,359.635,-1
241.5108,2.40687,199.4315,6.759895,300.8074,0.6370082,-1
241.5119,2.405157,199.4308,5.998477,302.7808,357.5503,-1
241.5226,2.405787,199.4192,8.350589,331.387,358.6791,-1
241.5252,2.405448,199.413,7.274137,343.3361,358.0696,-1
241.5249,2.405945,199.4138,6.968816,341.8993,358.9684,-1
241.5248,2.406209,199.4142,6.571867,341.2455,359.4455,-1
241.5134,2.40509,199.4297,5.935173,306.0838,357.4311,-1
241.5094,2.405688,199.4323,4.806763,297.7834,358.5111,-1
241.5207,2.405359,199.4223,5.960763,324.9161,357.914,-1
241.4945,1.031517,199.404,0,0,0,exit0
241.5258,2.405237,199.4104,5.670578,348.1337,357.6965,-1
241.5083,2.405516,199.4328,5.468115,295.4372,358.2001,-1
241.4677,2.408127,199.4214,7.76796,213.4607,2.911345,-1
241.4716,2.407075,199.4264,6.4166,224.52,1.004926,-1
241.5127,2.407055,199.4303,6.276811,304.9081,0.96984,-1
241.5166,2.406008,199.4272,6.435227,313.5254,359.0823,-1
241.5203,2.407745,199.4228,10.84821,324.3359,2.239098,-1
241.2204,2.40806,199.669,12.87299,306.4622,2.835227,-1
239.077,2.407647,201.2114,13.8029,302.8201,2.372359,-1
236.9743,2.407738,202.5009,13.74893,299.8517,2.250276,-1
234.737,2.407723,203.7698,13.21693,298.474,2.217922,-1
232.4896,2.40447,204.979,12.52624,297.6023,1.422198,-1
229.3419,2.407458,206.5893,12.35923,296.7151,1.724329,-1
226.5548,2.407291,207.998,11.85107,297.1469,1.416245,-1
223.6886,2.405283,209.4668,11.67226,296.935,0.873431,-1
220.5139,2.406926,211.0778,11.57666,296.9722,0.7470618,-1
217.1763,2.406726,212.7685,12.00797,296.8732,0.3827984,-1
213.5748,2.40624,214.596,12.23877,296.9159,0.3516894,-1
209.5135,2.406845,216.6546,11.77384,296.9346,0.6004128,-1
205.4769,2.406626,218.7121,11.42784,297.2072,0.1998932,-1
201.3757,2.397562,220.8261,11.24426,297.1056,0.09177417,-1
196.9951,2.406845,223.0524,11.20843,296.1594,0.5982755,-1
192.5644,2.407036,225.1718,11.68746,293.9173,0.9493935,-1
188.1356,2.407124,227.1231,11.60946,294.1325,1.109128,-1
183.9348,2.406758,229.0149,11.77183,294.6446,0.4414805,-1
179.762,2.403025,230.9382,11.98579,295.0207,0.4393691,-1
175.8857,2.398388,232.7476,11.91716,294.9653,0.3863387,-1
172.0645,2.406668,234.5307,12.16377,295.044,0.2760019,-1
168.1929,2.406628,236.3399,12.13722,294.9333,0.2032086,-1
164.0721,2.4065,238.2641,12.84523,295.0805,359.968,-1
160.4622,2.40579,239.9704,12.79766,295.8672,358.6648,-1
157.3169,2.399814,241.5163,12.57045,297.036,358.2368,-1
155.2695,2.405417,242.5665,11.15022,297.7784,357.9921,-1
153.9932,2.401899,243.249,10.86091,298.3598,357.4993,-1
152.5493,2.404959,244.0364,10.9377,298.9173,357.1581,-1
150.0476,2.404741,245.4126,11.49837,299.3894,356.7525,-1
149.7522,1.027943,245.5397,0,0,0,enter1
149.4868,2.401819,245.7229,11.3273,312.2783,356.1742,-1
149.4947,2.401898,245.7093,12.21851,342.6632,356.1352,-1
149.4945,2.401919,245.6905,13.14828,16.8726,356.1604,-1
149.4897,2.402153,245.6811,11.90006,36.0932,356.6071,-1
149.4834,2.402072,245.6748,11.44135,52.22075,356.4652,-1
149.4659,2.40289,245.6683,8.550705,86.52084,357.9787,-1
149.4486,2.402186,245.6723,9.151854,118.4613,356.6983,-1
149.4781,2.402446,245.6715,8.299574,63.62737,357.1759,-1
149.4817,2.402231,245.6736,8.510886,56.15987,356.7859,-1
149.4817,2.403028,245.6735,9.021181,56.36303,358.2266,-1
149.482,2.403248,245.6737,9.729897,55.72383,358.6225,-1
149.4831,2.403931,245.6745,9.758495,53.61879,359.8631,-1
149.4641,1.029006,245.7003,0,0,0,exit1
150.3745,2.406502,246.338,11.2416,53.36903,359.9722,-1
153.0299,2.406124,248.3146,12.67615,53.40683,359.2793,-1
156.5361,2.405907,250.9084,11.83412,53.76788,358.8833,-1
159.8878,2.405726,253.3538,12.23406,54.35863,358.551,-1
163.2488,2.405072,255.7175,12.09361,56.37644,357.3531,-1
166.5942,2.405197,257.8869,12.06358,58.17662,357.582,-1
170.1541,2.405213,260.1092,12.0985,57.52792,357.6118,-1
173.5847,2.405286,262.32,11.85241,55.9347,357.7475,-1
177.6376,2.40522,265.0923,11.38796,55.54399,357.631,-1
181.7716,2.404742,267.9062,11.27619,56.26484,356.757,-1
185.9181,2.404584,270.6428,11.29172,57.55156,356.4692,-1
190.0045,2.404655,273.2029,11.00317,58.76337,356.6013,-1
193.874,2.405037,275.5353,11.78805,59.83155,357.2925,-1
198.0485,2.404634,277.9364,11.87546,60.35128,356.5533,-1
202.1263,2.405088,280.2515,11.64833,60.68522,359.1428,-1
206.1984,2.406307,282.5472,11.90302,60.27539,359.6153,-1
210.5031,2.406156,285.0643,11.96862,56.13423,359.3394,-1
214.0795,2.406378,287.5699,11.74678,54.22602,359.7465,-1
217.9295,2.40518,290.1519,11.86133,60.06171,357.553,-1
221.9892,2.405644,292.4624,11.56427,57.56608,358.4044,-1
225.7479,2.399524,295.1498,10.54223,49.09454,358.5806,-1
229.2026,2.405782,298.167,10.97802,49.82386,358.6588,-1
232.398,2.403077,300.7834,11.47703,53.06058,358.3113,-1
233.3077,2.405348,301.4677,10.83808,54.92294,357.8679,-1
233.3145,1.031517,301.512,0,0,0,enter2
233.3271,2.405515,301.4826,11.61112,66.63524,358.1675,-1
233.3034,2.404733,301.4821,11.25722,109.8424,356.7404,-1
233.2925,2.404488,301.489,7.547691,133.1794,356.3324,-1
233.2892,2.404919,301.4927,7.128242,142.288,357.1161,-1
233.2962,2.406106,301.4859,6.653591,124.8946,359.2598,-1
233.2905,2.404812,301.4911,6.973498,138.525,356.9229,-1
233.283,2.404316,301.5074,6.92227,170.9907,356.0273,-1
233.2835,2.404397,301.5194,6.611162,192.8623,356.1755,-1
233.2826,2.40557,301.5117,6.951108,179.1532,358.2908,-1
233.2916,2.406132,301.4898,5.536019,135.7586,359.3083,-1
233.2933,2.405906,301.4882,6.676061,131.5484,358.8977,-1
233.2939,2.406238,301.4876,6.971568,130.17,359.4961,-1
233.2964,2.406935,301.4857,7.80874,124.7592,0.7558858,-1
233.3146,1.031517,301.5121,0,0,0,exit2
236.616,2.403626,299.1791,9.947073,125.9549,359.2288,-1
240.9637,2.398741,295.9513,8.65547,128.8691,356.8732,-1
244.7858,2.404777,292.7783,8.451788,130.7638,356.8489,-1
248.3978,2.404764,289.6686,6.946759,130.6429,356.8374,-1
251.7809,2.404939,286.7636,7.575583,130.5762,357.1483,-1
255.2041,2.405127,283.8468,10.79911,130.3288,357.4652,-1
258.8636,2.396017,280.7471,11.24889,130.3098,357.6204,-1
262.3318,2.405182,277.8054,11.31435,130.306,357.5612,-1
265.9614,2.405238,274.731,11.33735,130.0898,357.664,-1
269.6435,2.404384,271.6276,11.24783,130.0689,357.187,-1
273.3028,2.404245,268.5569,11.25278,129.4722,357.1567,-1
277.0703,2.405101,265.5609,11.50438,127.6251,357.4121,-1
280.6051,2.405025,262.8217,11.81295,128.2186,357.2695,-1
283.7594,2.404885,260.3268,11.79793,128.743,357.0917,-1
287.3491,2.404803,257.4045,11.62021,129.7995,356.8651,-1
290.7603,2.404544,254.5498,11.51957,130.6613,356.3924,-1
293.98,2.400908,251.7149,11.58879,132.5217,355.6326,-1
297.3263,2.396886,248.6187,11.54045,133.2811,355.9295,-1
300.3412,2.395805,245.7823,11.65608,133.2324,355.8372,-1
303.61,2.404366,242.7064,10.89372,133.1709,356.0755,-1
306.7364,2.404378,239.7719,11.36521,133.061,356.0906,-1
309.6407,2.395699,237.0718,11.47668,132.7116,355.9785,-1
312.3945,2.404437,234.5219,10.75004,132.6654,356.2063,-1
314.7191,2.404554,232.3674,10.70833,133.2675,356.4202,-1
317.0353,2.402031,230.1925,10.60413,131.733,356.7274,-1
319.0377,2.405069,228.485,11.65087,128.562,357.3525,-1
319.9913,2.405022,227.7078,10.70118,130.3263,357.2755,-1
320.5793,2.404938,227.1997,11.1022,131.2264,357.1179,-1
320.9416,2.405518,226.9355,8.552776,105.9593,358.1901,-1
321.0576,2.406143,226.9112,7.461215,53.09353,359.3245,-1
321.1367,2.407382,226.8803,9.481663,22.67966,1.569074,-1
321.6442,2.408076,226.7873,8.071255,348.052,2.820347,-1
322.0729,2.407216,226.9739,10.92606,316.4532,1.275023,-1
322.2479,2.406826,227.157,10.80408,298.7668,0.5642644,-1
322.2396,2.406365,227.163,10.4931,278.6835,359.7228,-1
322.2263,2.40652,227.1621,10.35795,254.7148,0.006287629,-1
322.2175,2.406149,227.1583,9.904831,237.3695,359.3306,-1
322.2167,2.405813,227.1577,8.21565,235.6107,358.7271,-1
321.9976,2.405396,227.0588,8.630516,258.8574,357.9687,-1
321.9742,2.407375,227.0495,7.611873,237.9301,1.549565,-1
321.9604,2.406496,227.0307,4.761987,194.9967,359.9613,-1
321.9606,2.40649,227.0313,5.988471,196.0136,359.9517,-1
321.9599,2.407263,227.0285,6.503641,191.0846,1.344159,-1
321.8408,2.407984,226.1422,5.653631,186.2152,2.640426,-1
321.3835,2.400861,221.9178,8.210446,188.436,0.2602893,-1
320.7397,2.405878,217.7103,8.732662,189.0752,358.8422,-1
320.2301,2.405489,214.2082,8.025507,187.0067,358.141,-1
319.9602,2.40573,212.0945,7.368498,189.5438,358.5796,-1
319.6788,2.400845,210.4414,6.754114,190.4816,358.8907,-1
319.4279,2.405706,209.1103,6.916294,190.7756,358.5374,-1
318.9611,2.400443,206.7955,7.262772,192.9911,358.2368,-1
318.467,2.404835,204.8144,7.554889,202.4431,356.9607,-1
318.1768,1.02533,204.18,0,0,0,enter0
