*Subject
12
*Layout
7
*Condition
False,True,False
*Marks
253.809,0,300.3866
257.6401,0,240.5104
207.7005,0,207.2557
*Path
x,y,z,flag
249.8065,2.40205,216.5013,4.017873,280.5706,351.9568,-1
249.8078,2.402375,216.501,3.62725,283.0789,352.5487,-1
249.8104,2.402354,216.5003,4.413963,287.8166,352.5029,-1
249.8271,2.402835,216.4874,7.639154,326.2504,353.3335,-1
249.8306,2.40282,216.48,3.110265,341.6715,353.3563,-1
249.832,2.40233,216.4726,5.129549,354.9721,352.4521,-1
249.8318,2.402244,216.4663,4.143963,6.435023,352.3058,-1
249.8313,2.403172,216.4625,6.451385,13.33459,353.9619,-1
249.831,2.403692,216.4615,4.45326,15.38265,354.9206,-1
249.8308,2.404001,216.4606,4.672241,17.11872,355.4748,-1
249.8311,2.403985,216.4615,4.603215,15.36492,355.4459,-1
249.8313,2.404232,216.4623,7.415948,13.75738,355.8704,-1
249.8313,2.404041,216.4623,3.692798,13.91082,355.5535,-1
249.8315,2.404259,216.463,4.048004,12.67109,355.9428,-1
249.8315,2.404562,216.4628,3.344826,13.07989,356.4911,-1
249.8316,2.404464,216.4637,3.43236,11.40907,356.3148,-1
249.8317,2.404213,216.4641,3.725389,10.62255,355.8628,-1
249.8318,2.404157,216.4644,3.875598,10.09955,355.7612,-1
249.8318,2.404076,216.4647,4.281681,9.605259,355.6123,-1
249.8318,2.404037,216.4648,4.554484,9.370664,355.5421,-1
249.8318,2.404082,216.4649,4.772639,9.197573,355.6201,-1
249.8318,2.40406,216.465,4.807524,9.007231,355.5804,-1
249.8318,2.404024,216.465,4.708444,8.950175,355.5164,-1
249.8318,2.404075,216.4648,4.583603,9.252841,355.6085,-1
249.8289,2.404316,216.456,4.602951,26.14759,356.0442,-1
249.8193,2.403769,216.4445,5.182985,53.14328,355.0532,-1
249.8127,2.404721,216.4407,4.953615,67.04583,356.7703,-1
249.8131,2.405272,216.4409,5.56014,66.25016,357.7607,-1
249.8161,2.405312,216.4423,5.826416,60.37123,357.8298,-1
249.8233,2.404855,216.448,5.655022,43.73536,357.0089,-1
249.8247,2.404989,216.4495,6.739087,40.07159,357.2432,-1
249.8288,2.404507,216.4557,6.391741,26.55418,356.3759,-1
249.8312,2.403195,216.4623,6.559031,13.54043,354.0017,-1
249.8316,2.403282,216.4639,2.041901,11.22528,354.1943,-1
249.8315,2.403237,216.4636,2.525502,11.67902,354.1116,-1
253.8401,2.403557,300.3797,3.44969,12.18267,354.6837,-1
253.8407,2.404212,300.3833,3.293232,5.738918,355.8618,-1
253.8293,2.403408,300.4111,1.726894,309.5717,354.4224,-1
253.8229,2.404398,300.4153,3.191381,295.7199,356.1975,-1
253.8114,2.402184,300.4182,6.444634,273.4539,352.1693,-1
253.7961,2.402476,300.4156,6.633192,245.3515,352.697,-1
253.7828,2.402825,300.4046,4.69737,213.9554,353.3518,-1
253.7772,2.403251,300.3882,3.742582,182.5155,354.1299,-1
253.7777,2.403663,300.3927,3.37945,190.71,354.8737,-1
253.7776,2.403797,300.3925,2.856367,190.4664,355.1175,-1
253.7772,2.403578,300.3893,2.278866,184.5579,354.7261,-1
253.7771,2.403795,300.3873,4.669525,180.7807,355.1037,-1
253.809,1.031517,300.3866,0,30,0,exit0
253.7775,2.40354,300.3817,4.889197,170.6429,354.6417,-1
253.8007,2.404818,300.3557,3.184418,104.7982,356.952,-1
253.8273,2.403366,300.3606,6.712083,54.1225,354.3105,-1
253.7963,2.404332,300.3573,6.208009,113.0087,356.0615,-1
253.7852,2.402996,300.4077,11.03303,220.3703,353.5636,-1
253.8176,2.405297,300.4174,11.19282,285.3259,357.7728,-1
253.961,2.397715,300.3713,9.897485,211.7549,356.2119,-1
253.9594,2.394788,300.3535,9.880245,178.2236,351.8269,-1
253.9594,2.394409,300.3538,13.47388,177.98,351.0138,-1
253.9747,2.401315,300.0626,13.14779,176.732,350.3908,-1
254.2637,2.401294,295.5771,13.70802,176.5228,350.3283,-1
254.584,2.400158,289.7982,12.45703,177.3608,348.922,-1
254.8017,2.40118,284.6282,10.21688,177.927,350.2428,-1
254.965,2.402036,279.5793,10.7785,178.3581,351.8054,-1
255.125,2.403113,274.3071,10.80875,178.1493,353.782,-1
255.2965,2.403113,269.0001,10.80875,178.1493,353.782,-1
255.4585,2.403112,263.9816,10.80875,178.1493,353.782,-1
255.5801,2.403386,259.0815,10.24753,178.9471,354.2933,-1
255.6328,2.403904,253.9061,10.92727,180.7004,355.2305,-1
255.5874,2.402376,248.8398,11.84819,180.3084,355.2672,-1
255.5451,2.40408,243.6759,11.93109,180.8776,355.5351,-1
255.5383,1.031517,241.4028,0,30,0,enter1
255.4864,2.403854,240.574,13.27097,188.2882,355.096,-1
255.493,2.403053,240.5755,7.528489,218.7387,353.7307,-1
255.4997,2.400716,240.5812,5.022077,234.6302,349.5154,-1
255.5014,2.402099,240.5825,10.30542,238.0095,351.9338,-1
255.5011,2.403047,240.5825,10.40106,237.9044,353.6699,-1
255.5007,2.403243,240.5823,9.716971,237.2679,354.0408,-1
255.5007,2.403044,240.5823,9.341688,237.1973,353.6844,-1
255.541,2.40729,240.5769,11.25666,317.5842,1.412306,-1
255.547,2.40749,240.5674,10.47363,337.8546,1.771136,-1
255.5466,2.407812,240.5683,9.275004,336.1718,2.350141,-1
255.5391,2.408081,240.5788,11.04985,313.0458,2.854639,-1
255.5034,2.404337,240.5839,13.42085,242.9176,355.9842,-1
255.5175,1.031517,240.5552,0,30,0,exit1
255.4243,2.403534,240.5333,17.7004,236.7331,354.3853,-1
254.5133,2.403249,239.9313,26.40574,235.8083,353.9695,-1
252.498,2.403411,238.5068,23.06416,234.4394,353.9445,-1
248.3133,2.403278,235.535,21.05636,234.6967,353.7741,-1
244.5083,2.40318,232.8365,18.11352,234.3658,353.7089,-1
240.5464,2.403435,230.0088,17.04706,234.9338,354.2178,-1
236.8491,2.403427,227.4279,15.01372,235.3678,354.2627,-1
232.8813,2.398806,224.7054,10.82798,235.9311,354.7348,-1
228.8772,2.403509,222.0378,4.486389,236.8351,354.589,-1
224.7873,2.403474,219.3414,1.127728,236.8838,354.542,-1
220.7059,2.403353,216.8603,357.4478,240.0926,357.2514,-1
216.4766,2.404656,214.3032,358.8209,235.2773,356.6656,-1
212.5546,2.40476,211.588,359.3297,235.125,356.8527,-1
209.461,1.031517,209.3914,0,30,0,enter2
209.1019,2.404512,209.1786,0.4202734,235.1724,357.3396,-1
208.9516,2.399788,209.07,2.813206,256.8518,354.4769,-1
208.9784,2.398175,209.0633,4.376127,308.5589,351.5392,-1
208.9902,2.39933,209.0399,7.474121,357.105,353.595,-1
208.9876,2.399573,209.0261,5.062784,23.03931,354.0652,-1
208.9853,2.399251,209.0218,5.203166,31.79874,353.4816,-1
208.984,2.398364,209.0201,5.180893,35.40154,351.8725,-1
208.982,2.397741,209.0178,6.54838,40.5443,350.7175,-1
208.9855,2.39895,209.0222,6.557324,30.68277,352.9174,-1
208.9862,2.399149,209.0233,6.66401,28.28175,353.2787,-1
208.986,2.399474,209.0228,6.704081,29.34403,353.8672,-1
208.9857,2.399815,209.0223,6.458485,30.59985,354.4878,-1
208.9851,2.39963,209.0214,14.15485,31.69742,354.008,-1
208.9584,1.027869,209.0388,0,30,0,exit2
208.9851,2.399375,209.0215,19.58796,30.62016,353.3448,-1
208.9941,2.397987,209.0357,12.41958,32.68503,353.667,-1
211.7053,2.402816,213.1923,11.15309,34.80974,353.2306,-1
214.2827,2.394402,216.8718,9.679045,34.91865,354.0425,-1
216.9561,2.397985,220.759,9.236134,33.94635,354.5076,-1
219.5059,2.404118,224.5601,9.821143,33.66174,355.6365,-1
222.2028,2.403975,228.6387,10.50439,32.84431,355.3647,-1
224.7116,2.396905,232.5295,9.84491,33.20362,353.0754,-1
227.4042,2.404656,236.0525,8.647237,49.49989,356.6286,-1
230.8013,2.405159,239.0084,8.372144,37.13513,357.5415,-1
233.0236,2.406447,242.7043,12.2877,18.52874,359.8724,-1
234.1714,2.40573,246.5453,13.4835,12.73584,358.5515,-1
235.2469,2.405756,250.696,13.20006,17.68521,358.5997,-1
236.6636,2.40532,255.0515,12.01763,18.75052,357.8073,-1
238.1419,2.405525,259.383,11.78667,19.43889,358.1846,-1
239.7651,2.399778,263.7285,11.86647,23.83309,356.6643,-1
241.8596,2.403833,267.9619,11.79598,37.06025,355.0853,-1
242.0328,2.403206,268.2379,11.0731,58.17551,353.9474,-1
242.1016,2.402561,268.2726,9.972289,111.4548,352.7892,-1
242.085,2.403615,268.2957,7.334833,166.7382,354.7535,-1
242.0863,2.407089,268.2911,7.742946,158.9771,1.033939,-1
242.1392,2.40665,268.2805,10.25435,43.83515,0.2418215,-1
242.1423,2.405379,268.2843,7.888722,34.73166,357.9432,-1
242.1423,2.404983,268.2845,7.31453,34.42373,357.2297,-1
242.1416,2.404895,268.2834,7.544886,36.67941,357.0698,-1
242.1407,2.405157,268.2823,7.363595,39.28696,357.5432,-1
242.1372,2.404438,268.2787,7.942982,48.13973,356.2384,-1
242.4495,2.40473,268.2799,10.75832,141.4479,356.7422,-1
242.4877,2.402921,268.269,11.26988,170.1633,353.4201,-1
242.4874,2.404524,268.2738,8.579302,179.7964,356.3894,-1
242.4873,2.405982,268.2745,9.015091,181.5565,359.0304,-1
242.4873,2.406024,268.2733,9.331725,179.2747,359.1053,-1
242.4874,2.405673,268.2717,10.08067,176.3562,358.4651,-1
242.5193,1.031517,268.2736,0,30,0,enter0
