*Subject
11
*Layout
0
*Condition
False,False,True
*Marks
341.015,0,177.8862
254.0227,0,200.9587
267.3432,0,251.1822
*Path
x,y,z,flag
213.9583,2.401321,214.1062,15.43345,61.14187,1.019499,-1
213.9606,2.401573,214.1073,12.56963,64.14031,2.508204,-1
213.9596,2.401387,214.1068,11.52037,65.97816,2.159339,-1
213.9583,2.401294,214.1062,11.38897,68.49119,1.988632,-1
213.9525,2.40099,214.1045,9.591031,79.22289,1.425287,-1
213.9361,2.399783,214.1056,6.67979,108.6303,359.2384,-1
213.921,2.399768,214.1165,4.672208,142.5624,359.2142,-1
213.9147,2.40082,214.1311,357.1017,171.3094,1.100907,-1
213.9173,2.398189,214.1491,358.4444,204.4737,356.3844,-1
213.9209,2.397191,214.1549,6.378006,216.1432,354.5609,-1
213.9203,2.399651,214.1545,8.411796,215.4254,358.995,-1
213.9209,2.398836,214.1552,11.16049,216.6395,357.4991,-1
213.9213,2.399177,214.1558,10.94999,218.041,358.1231,-1
213.9179,2.400776,214.1504,8.122325,207.0958,1.031007,-1
213.9148,2.401038,214.1408,8.501208,189.0278,1.506699,-1
213.9258,2.400129,214.1604,7.042366,229.984,359.861,-1
213.9326,2.398517,214.1647,351.8677,244.9354,356.9435,-1
213.9294,2.398818,214.163,344.2097,238.604,357.4181,-1
213.9176,2.400775,214.1498,350.1537,205.6221,1.034533,-1
213.9167,2.402924,214.1243,0.1208234,158.6151,4.872968,-1
213.9171,2.401907,214.123,4.892438,156.538,3.0595,-1
213.9152,2.401129,214.1286,5.189474,166.9999,1.660623,-1
213.9144,2.40133,214.1361,4.204347,180.5013,2.018792,-1
213.9144,2.401514,214.1369,4.10621,181.9055,2.349399,-1
213.9144,2.401282,214.1374,4.124993,182.8089,1.931807,-1
213.9144,2.400984,214.1378,4.075271,183.5894,1.397439,-1
213.9145,2.401081,214.1379,3.768545,183.7299,1.57056,-1
213.9145,2.401036,214.1379,3.891039,183.7255,1.489704,-1
213.9144,2.400937,214.1379,4.167091,183.6644,1.313345,-1
213.9144,2.400902,214.1378,4.097557,183.5983,1.249974,-1
213.9144,2.400818,214.1379,4.056719,183.7115,1.098882,-1
213.9144,2.401009,214.1378,2.900466,183.5309,1.439792,-1
213.9145,2.402149,214.138,3.031978,183.9083,3.486233,-1
213.9145,2.401808,214.1382,2.171946,184.3309,2.872687,-1
213.9146,2.401663,214.1397,2.885267,186.9267,2.613364,-1
213.9153,2.400645,214.1436,5.041153,194.0653,0.788603,-1
213.9158,2.400721,214.1453,3.493214,197.1577,0.9235106,-1
213.9156,2.400629,214.1446,2.655808,195.7912,0.7579589,-1
213.9156,2.400353,214.1448,2.262004,196.1245,0.265057,-1
213.9156,2.400319,214.1448,2.758363,196.1505,0.2037278,-1
213.9157,2.400202,214.1449,3.038223,196.2897,359.994,-1
213.9157,2.40004,214.1451,3.378953,196.5954,359.703,-1
213.9158,2.399955,214.1451,3.208099,196.783,359.5505,-1
213.9166,2.400057,214.1477,6.582503,201.5571,359.7316,-1
213.9187,2.402465,214.1518,13.67129,210.8863,4.167892,-1
213.9187,2.403862,214.1514,14.97548,211.0528,6.792428,-1
213.9188,2.403187,214.1519,14.40118,211.5211,5.518947,-1
213.9191,2.402591,214.1524,12.42268,212.0999,4.378371,-1
213.9194,2.402083,214.153,10.37454,212.9659,3.418663,-1
213.9192,2.402118,214.1526,9.399945,212.1574,3.472531,-1
213.919,2.402636,214.1523,10.08504,211.6273,4.424097,-1
213.9184,2.402077,214.1514,11.43159,209.7102,3.419636,-1
213.9186,2.402161,214.1516,11.35828,210.1648,3.573659,-1
213.9187,2.401604,214.1519,10.48706,210.5333,2.546317,-1
213.9188,2.401615,214.152,8.422551,210.6724,2.552099,-1
213.9188,2.401379,214.152,7.801877,210.6394,2.120067,-1
213.9188,2.401207,214.1521,7.280557,210.7762,1.808429,-1
213.9185,2.401433,214.1516,8.198068,209.8136,2.219723,-1
213.9174,2.401707,214.1494,9.613404,205.5818,2.727539,-1
213.9176,2.402267,214.1498,11.91519,206.5865,3.773509,-1
213.9168,2.402916,214.1478,15.82758,203.3382,5.051341,-1
213.9166,2.402505,214.1474,13.48569,202.0711,4.238,-1
213.9166,2.402813,214.1474,10.52361,201.9751,4.753977,-1
213.9165,2.406753,214.1453,13.03811,200.2644,12.12218,-1
213.9157,2.408882,214.1389,12.4301,189.1637,16.11964,-1
213.9168,2.398873,214.1237,19.13839,156.715,357.4739,-1
213.9252,2.404252,214.1122,19.66001,134.3704,7.716697,-1
213.9317,2.399471,214.1075,13.36916,117.0339,358.648,-1
213.9182,2.401631,214.1208,27.42978,153.0642,2.876289,-1
213.9173,2.398879,214.1226,14.39205,154.7691,357.5464,-1
213.9169,2.404417,214.1241,27.84555,162.1437,8.559791,-1
213.9169,2.401369,214.1234,26.69171,158.0638,2.332577,-1
213.9205,2.398148,214.1172,31.77928,141.936,355.6618,-1
213.9285,2.403341,214.1096,28.31307,127.2554,6.389463,-1
213.9317,2.404636,214.1078,26.10949,121.5052,8.868835,-1
213.9259,2.403687,214.1115,29.89517,133.5844,7.20819,-1
213.9222,2.402713,214.115,30.4267,141.8158,5.213125,-1
213.9166,2.402137,214.1245,34.8666,161.4232,4.219259,-1
213.9145,2.401693,214.1339,31.80089,178.1511,3.135702,-1
213.9157,2.402371,214.1448,30.03115,198.4671,4.482099,-1
213.9151,2.401948,214.1422,30.38297,193.2147,3.619893,-1
213.9161,2.402329,214.1461,31.2118,200.9948,4.449369,-1
213.916,2.405706,214.1275,25.59872,169.3244,10.98802,-1
213.9148,2.40072,214.131,14.20254,171.4585,0.9502993,-1
213.915,2.403751,214.1307,22.96204,173.2521,6.910687,-1
213.9147,2.404791,214.1348,23.59826,181.6033,8.996258,-1
213.9148,2.405395,214.1357,22.38706,183.5525,10.10113,-1
213.9149,2.406108,214.1349,23.43746,182.782,11.59771,-1
213.9157,2.405947,214.1289,26.62999,172.4486,11.57808,-1
213.9174,2.405956,214.1237,25.75361,162.2414,11.50815,-1
213.9166,2.402642,214.1244,22.86749,160.7853,4.739926,-1
213.9162,2.404236,214.126,23.60198,165.0014,7.899271,-1
213.9164,2.402998,214.125,23.01486,162.0953,5.441384,-1
213.915,2.402185,214.1298,22.64731,170.4468,3.843847,-1
213.9146,2.403118,214.1379,22.48633,185.8495,5.653246,-1
213.9182,2.399145,214.1511,27.96016,207.3327,357.8486,-1
213.9298,2.402226,214.1631,34.7939,241.1627,4.410479,-1
213.9463,2.399535,214.1679,44.85226,268.6004,358.3069,-1
213.9594,2.398796,214.1651,63.71288,288.9084,354.2914,-1
213.9595,2.400038,214.165,63.04497,293.6985,359.3369,-1
213.9637,2.398542,214.1627,55.42286,298.5172,354.7447,-1
213.975,2.400943,214.1503,55.41,335.2224,2.325253,-1
213.975,2.400275,214.1502,58.63403,333.578,0.2369138,-1
213.976,2.399574,214.148,57.229,335.9767,357.9112,-1
213.9753,2.400568,214.1495,57.30493,335.7616,1.20167,-1
213.975,2.401171,214.1503,58.29959,336.1009,3.289864,-1
213.9686,2.400959,214.1589,58.62199,316.2545,2.589189,-1
213.9527,2.400446,214.1673,57.17532,282.0302,0.7937397,-1
213.9317,2.40159,214.1643,55.35309,246.26,4.365651,-1
213.9182,2.401651,214.151,57.61773,212.3469,4.839631,-1
213.9144,2.401148,214.1374,56.60941,185.1907,3.068368,-1
213.915,2.401556,214.1298,56.02975,172.6613,4.331473,-1
213.9154,2.40222,214.128,55.35118,170.9729,6.355565,-1
213.9147,2.401671,214.1316,54.58926,175.9931,4.532276,-1
213.9145,2.400623,214.1388,55.56385,186.2433,1.32075,-1
213.9163,2.400571,214.1468,55.67821,200.9121,1.159487,-1
213.9188,2.401463,214.1521,54.67069,213.7018,3.89462,-1
213.9197,2.40136,214.1536,54.61448,216.4766,3.571152,-1
213.9184,2.401546,214.1513,55.36756,212.297,4.227624,-1
213.9161,2.403161,214.1459,55.35998,206.0084,9.350869,-1
213.9146,2.401017,214.1395,53.69117,188.3832,2.454076,-1
213.9144,2.400598,214.1371,49.06402,182.9638,1.070787,-1
213.9146,2.40075,214.1393,51.29251,187.2525,1.558637,-1
213.9156,2.401236,214.1447,54.27895,198.6431,3.161621,-1
213.919,2.402236,214.1524,54.05287,216.1458,6.204638,-1
213.9244,2.401633,214.1591,53.74442,229.9939,4.326106,-1
213.9292,2.40043,214.1629,53.34074,238.1626,0.672713,-1
213.9315,2.399768,214.1642,53.23096,241.3358,358.6915,-1
213.9315,2.400189,214.1642,51.86531,242.3435,359.951,-1
213.9324,2.401579,214.1646,54.62821,247.5758,4.25236,-1
213.9393,2.404781,214.1667,21.3935,260.3527,8.832214,-1
213.9482,2.396739,214.1676,21.53216,270.7752,353.3133,-1
213.9493,2.400672,214.1678,20.88573,275.5107,0.8936685,-1
213.9655,2.405697,214.161,24.83534,311.9169,10.89999,-1
213.9697,2.404686,214.1573,23.73038,320.9971,8.798686,-1
213.9749,2.401342,214.1504,21.32392,333.8671,2.184302,-1
213.9775,2.394698,214.1407,20.08204,347.4672,349.4404,-1
213.9775,2.395629,214.1418,5.952378,348.3408,351.7328,-1
213.9774,2.394575,214.1416,3.106183,349.0117,349.8508,-1
213.9774,2.394427,214.1413,3.584082,349.3972,349.5756,-1
213.9776,2.394527,214.1401,4.498464,351.5043,349.7462,-1
213.9777,2.394458,214.1392,5.060599,353.0763,349.6111,-1
213.9778,2.394515,214.1386,5.484575,354.0957,349.7076,-1
213.9778,2.39462,214.1385,5.625884,354.1747,349.8986,-1
213.9778,2.394647,214.1385,5.81467,354.2285,349.9445,-1
213.9778,2.394699,214.1385,5.899959,354.15,350.0371,-1
213.9778,2.394724,214.1385,6.002285,354.1077,350.082,-1
213.9778,2.39476,214.1386,6.130912,354.0458,350.145,-1
213.9778,2.394798,214.1386,6.139692,353.977,350.2144,-1
213.9778,2.394793,214.1386,6.264966,353.9289,350.2016,-1
213.9778,2.394783,214.1387,6.323788,353.8371,350.1836,-1
213.9778,2.394797,214.1387,6.152226,353.7789,350.2125,-1
213.9778,2.394801,214.1388,5.985235,353.7424,350.223,-1
213.9778,2.394876,214.1388,5.84038,353.6942,350.3621,-1
213.9778,2.394934,214.1389,5.620704,353.6533,350.4717,-1
213.9778,2.394953,214.1389,5.534266,353.6201,350.5085,-1
213.9778,2.394919,214.1389,5.325944,353.5363,350.4499,-1
213.9778,2.394846,214.139,5.063095,353.4848,350.32,-1
213.9778,2.39488,214.139,4.950116,353.4373,350.3843,-1
213.9778,2.394889,214.1391,4.823096,353.3872,350.4027,-1
213.9778,2.394899,214.1391,4.726604,353.3319,350.4207,-1
213.9778,2.3949,214.1392,4.670278,353.267,350.4234,-1
213.9778,2.394906,214.1392,4.597591,353.2115,350.4359,-1
213.9778,2.394934,214.1392,4.498871,353.1636,350.4883,-1
213.9778,2.394943,214.1393,4.43804,353.1092,350.5053,-1
213.9778,2.394956,214.1393,4.380684,353.0453,350.5305,-1
213.9778,2.394966,214.1393,4.317928,352.9868,350.5494,-1
213.9778,2.394972,214.1394,4.279716,352.9216,350.5593,-1
213.9778,2.394978,214.1394,4.244597,352.853,350.5719,-1
213.9778,2.394989,214.1395,4.193934,352.7874,350.5912,-1
213.9778,2.394999,214.1395,4.159511,352.7171,350.6111,-1
213.9777,2.395006,214.1396,4.148457,352.6411,350.6241,-1
213.9777,2.395,214.1396,4.116549,352.5628,350.6131,-1
213.9777,2.395001,214.1396,4.097491,352.4827,350.6154,-1
213.9777,2.395001,214.1397,4.069417,352.4077,350.6149,-1
213.9777,2.395007,214.1397,4.041584,352.3398,350.6264,-1
213.9777,2.394996,214.1398,4.022473,352.2637,350.6071,-1
213.9777,2.394994,214.1398,3.99985,352.1885,350.6028,-1
213.9777,2.394993,214.1399,3.977824,352.11,350.6028,-1
213.9777,2.394988,214.1399,3.973608,352.0326,350.5931,-1
213.9777,2.394986,214.14,3.972741,351.9493,350.5893,-1
213.9777,2.395004,214.14,3.932283,351.8691,350.6219,-1
213.9777,2.394993,214.14,3.930291,351.7898,350.6028,-1
213.9777,2.394992,214.1401,3.932788,351.7021,350.5999,-1
213.9777,2.394986,214.1401,3.939765,351.6169,350.5905,-1
213.9777,2.394996,214.1402,3.918012,351.5314,350.6087,-1
213.9777,2.395004,214.1402,3.903957,351.448,350.622,-1
213.9776,2.394998,214.1403,3.903549,351.3612,350.6117,-1
213.9776,2.395003,214.1403,3.888105,351.2717,350.6211,-1
213.9776,2.394998,214.1404,3.898823,351.1789,350.6118,-1
213.9776,2.395004,214.1404,3.883541,351.0882,350.6228,-1
213.9776,2.395006,214.1405,3.879125,351.0044,350.627,-1
213.9776,2.395001,214.1405,3.879197,350.9126,350.6182,-1
213.9776,2.395001,214.1406,3.872114,350.8172,350.6176,-1
213.9776,2.395001,214.1406,3.863552,350.7199,350.6175,-1
213.9776,2.394998,214.1407,3.856983,350.6218,350.613,-1
213.9776,2.394995,214.1407,3.848247,350.5272,350.6078,-1
213.9776,2.394991,214.1408,3.845984,350.4289,350.5994,-1
213.9776,2.39499,214.1408,3.854514,350.325,350.5979,-1
213.9776,2.394989,214.1409,3.852292,350.2244,350.5964,-1
213.9775,2.39499,214.141,3.846275,350.1245,350.5979,-1
213.9775,2.394986,214.141,3.853677,350.0185,350.5913,-1
213.9775,2.394985,214.1411,3.854839,349.9124,350.5884,-1
213.9775,2.394987,214.1411,3.851004,349.8057,350.593,-1
213.9775,2.394988,214.1412,3.853716,349.7003,350.5942,-1
213.9775,2.394989,214.1412,3.848361,349.5944,350.5964,-1
213.9775,2.394991,214.1413,3.841124,349.496,350.6005,-1
213.9775,2.394996,214.1414,3.837145,349.3947,350.6096,-1
213.9775,2.394997,214.1414,3.837361,349.2949,350.6108,-1
213.9775,2.394995,214.1415,3.830756,349.1861,350.6072,-1
213.9774,2.394997,214.1415,3.831042,349.066,350.6103,-1
213.9774,2.394992,214.1416,3.839003,348.9495,350.6021,-1
213.9774,2.394993,214.1417,3.839409,348.8372,350.6033,-1
213.9774,2.394993,214.1417,3.837466,348.7244,350.6035,-1
213.9774,2.394989,214.1418,3.838918,348.6152,350.5961,-1
213.9774,2.394988,214.1418,3.844032,348.4993,350.5936,-1
213.9774,2.394987,214.1419,3.848127,348.3831,350.5931,-1
213.9774,2.394987,214.142,3.849998,348.2693,350.5916,-1
213.9774,2.394991,214.142,3.83552,348.1509,350.5998,-1
213.9773,2.394991,214.1421,3.832798,348.0366,350.6003,-1
213.9773,2.394986,214.1422,3.840128,347.9276,350.5909,-1
213.9773,2.394982,214.1422,3.833333,347.8132,350.583,-1
213.9773,2.394986,214.1423,3.833136,347.6964,350.5908,-1
213.9773,2.394987,214.1423,3.831461,347.5755,350.5919,-1
213.9773,2.394987,214.1424,3.829994,347.4533,350.5921,-1
213.9773,2.394983,214.1425,3.829203,347.3341,350.586,-1
213.9772,2.394983,214.1425,3.831589,347.2112,350.586,-1
213.9772,2.39499,214.1426,3.827629,347.0945,350.5978,-1
213.9772,2.394988,214.1427,3.830642,346.9708,350.5936,-1
213.9772,2.394988,214.1427,3.82679,346.8549,350.5948,-1
213.9772,2.394986,214.1428,3.841507,346.7334,350.5913,-1
213.9772,2.394993,214.1429,3.826806,346.6101,350.6028,-1
213.9772,2.394987,214.1429,3.826726,346.4893,350.5934,-1
213.9771,2.394988,214.143,3.823742,346.3715,350.5949,-1
213.9771,2.394989,214.143,3.830145,346.2551,350.5956,-1
213.9771,2.394984,214.1431,3.82663,346.1388,350.5884,-1
213.9771,2.394987,214.1432,3.823536,346.016,350.5927,-1
213.9771,2.394987,214.1432,3.824634,345.8953,350.5935,-1
213.9771,2.394981,214.1433,3.81842,345.7657,350.5826,-1
213.9771,2.394982,214.1434,3.815147,345.64,350.5836,-1
213.977,2.394972,214.1435,3.809094,345.5014,350.5659,-1
213.977,2.394971,214.1435,3.801111,345.371,350.5648,-1
213.977,2.394965,214.1436,3.815928,345.2408,350.5525,-1
213.977,2.394954,214.1436,3.845832,345.1096,350.532,-1
213.977,2.394965,214.1437,3.839508,344.9842,350.5525,-1
213.9769,2.394982,214.1438,3.801884,344.8538,350.5849,-1
213.9769,2.394992,214.1439,3.791782,344.7304,350.6026,-1
213.9769,2.394984,214.1439,3.802336,344.6002,350.5882,-1
213.9769,2.394975,214.144,3.82074,344.4641,350.5717,-1
213.9769,2.394973,214.1441,3.82875,344.3342,350.5667,-1
213.9769,2.39498,214.1441,3.81941,344.2037,350.5803,-1
213.9768,2.394988,214.1442,3.813407,344.0701,350.5939,-1
213.9768,2.394989,214.1443,3.802226,343.9354,350.5979,-1
213.9768,2.394986,214.1444,3.802442,343.7963,350.591,-1
213.9768,2.394982,214.1444,3.800982,343.6629,350.5839,-1
213.9767,2.394984,214.1445,3.795933,343.528,350.5876,-1
213.9767,2.394985,214.1446,3.810119,343.3951,350.5888,-1
213.9767,2.394985,214.1447,3.807905,343.2618,350.5894,-1
213.9767,2.394979,214.1447,3.803497,343.1266,350.5789,-1
213.9767,2.394979,214.1448,3.808255,342.9952,350.5778,-1
213.9767,2.394983,214.1449,3.804369,342.8626,350.5851,-1
213.9766,2.394983,214.1449,3.809135,342.7377,350.586,-1
213.9766,2.394988,214.145,3.810329,342.61,350.5948,-1
213.9766,2.394987,214.1451,3.816218,342.4867,350.5925,-1
213.9766,2.394984,214.1451,3.826457,342.3586,350.5879,-1
213.9765,2.394983,214.1452,3.827668,342.2235,350.5852,-1
213.9765,2.394987,214.1453,3.826728,342.0993,350.5921,-1
213.9765,2.394984,214.1453,3.835256,341.966,350.5865,-1
213.9765,2.39498,214.1454,3.833997,341.8329,350.5806,-1
213.9765,2.394982,214.1455,3.836582,341.7051,350.584,-1
213.9764,2.394987,214.1455,3.828525,341.5794,350.5922,-1
213.9764,2.394978,214.1456,3.826024,341.4564,350.5763,-1
213.9764,2.394979,214.1457,3.829935,341.3234,350.5782,-1
213.9764,2.394976,214.1457,3.83152,341.1905,350.5726,-1
213.9763,2.394978,214.1458,3.838837,341.0569,350.576,-1
213.9763,2.394979,214.1459,3.825375,340.9211,350.5784,-1
213.9763,2.394973,214.1459,3.817788,340.7894,350.5683,-1
213.9763,2.394973,214.146,3.824198,340.6555,350.5681,-1
213.9763,2.394969,214.1461,3.820873,340.5254,350.56,-1
213.9762,2.394968,214.1461,3.807817,340.4009,350.5581,-1
213.9762,2.394967,214.1462,3.79478,340.2721,350.5558,-1
213.9762,2.394965,214.1463,3.784692,340.1463,350.5524,-1
213.9762,2.394965,214.1463,3.793807,340.0232,350.5534,-1
213.9762,2.394966,214.1464,3.795861,339.8981,350.554,-1
213.9761,2.394967,214.1465,3.803762,339.7733,350.5562,-1
213.9761,2.394969,214.1465,3.794438,339.6493,350.5617,-1
213.9761,2.394971,214.1466,3.799649,339.5264,350.5647,-1
213.9761,2.394974,214.1467,3.802753,339.4054,350.5688,-1
213.976,2.394972,214.1467,3.780494,339.2706,350.5664,-1
213.976,2.394968,214.1468,3.823161,339.1318,350.5587,-1
213.976,2.394974,214.1469,3.813829,339.0042,350.5686,-1
213.976,2.394988,214.1469,3.803756,338.8768,350.5952,-1
213.9759,2.394988,214.147,3.803218,338.7524,350.5949,-1
213.9759,2.394984,214.1471,3.7961,338.6268,350.588,-1
213.9759,2.394974,214.1471,3.786452,338.5016,350.5686,-1
213.9758,2.394947,214.1472,3.784003,338.3737,350.5204,-1
213.9758,2.395005,214.1472,3.802601,338.2577,350.6262,-1
213.9759,2.395053,214.1471,4.343104,338.5271,350.7068,-1
213.9773,2.397206,214.1435,11.68482,345.1425,354.5068,-1
213.9733,2.405409,214.1524,27.2847,333.3244,10.54153,-1
213.9651,2.406388,214.1611,33.46697,314.1843,13.39121,-1
213.9611,2.405363,214.1638,45.86876,307.3788,13.38393,-1
213.9622,2.404073,214.1634,66.52783,316.2419,17.66469,-1
213.9602,2.407021,214.1639,60.72053,319.1438,25.81461,-1
213.96,2.403801,214.1646,61.92589,307.6286,13.81322,-1
213.9587,2.405488,214.1649,62.73861,311.9608,21.12282,-1
213.9601,2.405807,214.1642,61.77143,315.2458,21.72168,-1
213.9623,2.401197,214.1636,63.39093,303.3789,3.96634,-1
213.9619,2.404718,214.1635,56.89442,312.0401,14.96221,-1
213.958,2.401206,214.1657,58.24974,294.2241,3.406622,-1
213.9574,2.396141,214.1656,57.10479,278.8972,346.4742,-1
213.9621,2.391631,214.1624,48.80985,282.0585,335.9914,-1
213.9641,2.385772,214.1583,31.65031,290.2072,328.0045,-1
213.9622,2.379313,214.1542,17.79672,294.7551,316.7085,-1
213.9658,2.381346,214.153,18.89588,304.0759,321.4696,-1
213.9661,2.380425,214.1516,7.549529,315.5107,321.4245,-1
213.971,2.385341,214.15,357.05,331.7892,332.2817,-1
213.9749,2.391638,214.1476,343.2007,342.4759,343.7589,-1
213.9747,2.395748,214.1502,335.1508,336.9323,351.1685,-1
213.9747,2.399103,214.1508,332.9463,333.3012,357.7824,-1
213.9736,2.402919,214.1525,338.2114,326.5963,5.239665,-1
213.9727,2.404417,214.1535,353.015,325.2474,7.619263,-1
213.9726,2.402633,214.1541,19.97424,326.8787,4.628512,-1
213.9726,2.401606,214.1541,30.59771,326.6964,2.913732,-1
213.9716,2.402678,214.1554,26.6456,324.5527,4.959241,-1
213.9719,2.402468,214.1551,2.144611,323.1319,4.057162,-1
213.9717,2.402118,214.1553,1.852922,322.6623,3.427028,-1
213.9713,2.402762,214.1558,359.9597,321.4616,4.581738,-1
213.9712,2.402628,214.1559,1.606008,321.2933,4.343011,-1
213.9712,2.402725,214.1559,0.9818698,321.1839,4.516477,-1
213.9704,2.402133,214.1569,1.119076,318.9593,3.452432,-1
213.9682,2.401717,214.1593,5.013133,313.2498,2.716541,-1
213.9649,2.404477,214.1616,1.645086,305.9587,7.673688,-1
213.9655,2.404767,214.1612,5.327448,307.8387,8.229833,-1
213.9673,2.40291,214.1599,2.454237,311.228,4.852012,-1
213.97,2.400814,214.1574,9.322591,317.8728,1.103741,-1
213.9714,2.401668,214.1558,6.25491,321.7611,2.635356,-1
213.9714,2.401479,214.1558,0.2367586,321.4539,2.280468,-1
213.9733,2.399379,214.1532,359.0907,327.2752,358.5199,-1
213.9717,2.401228,214.1554,5.128235,322.55,1.838332,-1
213.9724,2.401004,214.1546,4.633457,324.3741,1.434266,-1
213.9735,2.401482,214.1528,3.245722,328.1243,2.289288,-1
213.9732,2.402608,214.1532,2.860347,327.313,4.311579,-1
213.9731,2.402782,214.1534,0.939042,326.9105,4.619532,-1
213.9719,2.402664,214.1551,2.412202,323.2479,4.409828,-1
213.9747,2.40012,214.1507,0.0287155,332.4211,359.8458,-1
213.9754,2.401317,214.1493,1.939569,335.2246,1.990781,-1
213.9748,2.401446,214.1506,358.36,332.6187,2.221838,-1
213.9748,2.401641,214.1506,355.8607,332.4897,2.57771,-1
213.9729,2.401488,214.1538,353.8694,325.659,2.310092,-1
213.9705,2.401091,214.1569,357.5829,318.8822,1.586468,-1
213.971,2.401173,214.1563,358.1957,320.2626,1.733009,-1
213.9711,2.401157,214.1562,358.6449,320.6594,1.704262,-1
213.9711,2.400739,214.1563,352.0204,320.3425,0.9639574,-1
213.9725,2.399776,214.1544,356.4602,324.6237,359.2287,-1
213.9776,2.400149,214.1429,358.1822,347.3514,359.8991,-1
213.9708,2.401448,214.1565,359.2363,319.8803,2.22511,-1
213.9703,2.401337,214.1571,0.6668807,318.4591,2.025581,-1
213.9709,2.400671,214.1565,1.187089,319.9046,0.8328045,-1
213.9712,2.400959,214.1561,1.858237,320.8201,1.348611,-1
213.9717,2.400854,214.1555,5.001786,322.3615,1.164394,-1
213.9728,2.400747,214.1539,7.851154,325.8807,0.9783293,-1
213.9728,2.401144,214.1539,6.456053,325.9396,1.689936,-1
213.9723,2.401554,214.1547,6.807066,324.3369,2.432656,-1
213.9717,2.401147,214.1554,9.885336,322.7191,1.711213,-1
213.9725,2.401478,214.1544,3.266721,324.7862,2.281925,-1
213.9725,2.400846,214.1543,4.693344,324.9197,1.149523,-1
213.9728,2.400295,214.154,4.646168,325.5375,0.1609084,-1
213.9743,2.399428,214.1515,0.0536977,330.8885,358.6079,-1
213.9741,2.40126,214.1518,3.539757,330.3271,1.891415,-1
213.9661,2.400693,214.1611,5.061164,308.0337,0.8759189,-1
213.9626,2.399737,214.1635,1.894595,300.5125,359.1612,-1
213.9675,2.401081,214.1599,1.159846,311.3762,1.56716,-1
213.9729,2.400895,214.1537,3.0679,326.1275,1.236738,-1
213.9746,2.399974,214.151,3.327396,331.7351,359.5841,-1
213.9745,2.400051,214.1511,3.440869,331.6706,359.7231,-1
213.9737,2.400363,214.1525,2.665059,328.7062,0.2830451,-1
213.9733,2.399961,214.1532,1.670934,327.1587,359.5608,-1
213.9729,2.399711,214.1537,2.134581,326.04,359.1137,-1
213.9729,2.399778,214.1537,2.80332,326.0612,359.2329,-1
213.9729,2.399779,214.1537,2.696715,326.032,359.235,-1
213.973,2.399836,214.1536,3.109463,326.3536,359.3363,-1
213.9736,2.399723,214.1527,3.359521,328.2201,359.1339,-1
213.9734,2.399876,214.153,3.450884,327.6367,359.4088,-1
213.9734,2.399712,214.1531,3.970272,327.4106,359.1141,-1
213.9733,2.399339,214.1531,3.658943,327.2563,358.4453,-1
213.9734,2.399694,214.153,4.08494,327.5863,359.0824,-1
213.9734,2.400189,214.153,5.468143,327.5399,359.9698,-1
213.9736,2.395799,214.1521,10.09283,327.7743,351.96,-1
213.9745,2.396705,214.1506,14.15922,330.7579,353.5221,-1
213.9747,2.397658,214.1506,10.68152,331.6499,355.3526,-1
213.9743,2.399368,214.1516,3.43442,330.6104,358.4974,-1
213.9774,2.396355,214.1425,0.5720775,347.8912,353.0874,-1
213.9779,2.399138,214.1306,2.995716,9.408361,358.0849,-1
213.978,2.399841,214.1411,1.152449,350.5651,359.3472,-1
213.9767,2.399705,214.1461,2.064543,341.2993,359.1026,-1
213.9743,2.400173,214.1515,5.915014,330.7527,359.9417,-1
213.974,2.400311,214.152,2.998805,329.8522,0.188216,-1
213.974,2.39999,214.1521,2.497206,329.5954,359.6133,-1
213.9741,2.399973,214.1519,2.690478,329.9961,359.5827,-1
213.9743,2.399874,214.1515,2.701456,330.7775,359.4048,-1
213.974,2.399818,214.1521,2.884882,329.5605,359.3052,-1
213.9736,2.399246,214.1526,2.691859,328.3472,358.2803,-1
213.9738,2.399216,214.1524,3.002013,328.8335,358.2244,-1
213.9739,2.399038,214.1522,2.884239,329.3204,357.9066,-1
213.9738,2.399154,214.1523,2.625658,329.0191,358.1145,-1
213.9738,2.399255,214.1523,2.480868,329.1148,358.2962,-1
213.9737,2.399388,214.1525,2.211068,328.7009,358.5343,-1
213.9741,2.399471,214.1519,2.437594,329.8666,358.6836,-1
213.9626,2.401791,214.1635,3.853972,300.6196,2.846716,-1
213.9424,2.401158,214.1676,7.412396,263.0438,1.719714,-1
213.9404,2.401642,214.1673,5.263743,259.5468,2.582633,-1
213.9483,2.402453,214.1678,358.7818,273.4471,4.028475,-1
213.9716,2.399617,214.1556,358.3763,321.9639,358.9455,-1
213.9749,2.398567,214.1214,4.36768,26.77962,357.0564,-1
213.9749,2.398762,214.1215,2.708325,26.66684,357.4103,-1
213.9758,2.398949,214.1234,2.819558,22.81046,357.7469,-1
213.9772,2.399238,214.1275,2.216568,15.19193,358.2656,-1
213.9778,2.399802,214.1417,2.426765,349.5583,359.277,-1
213.9762,2.400126,214.1474,0.4580626,338.8475,359.8573,-1
213.9764,2.399889,214.1469,0.6784695,339.8832,359.4323,-1
213.9764,2.399801,214.1469,0.2137343,339.7829,359.2751,-1
213.9765,2.399389,214.1467,359.9407,340.2964,358.537,-1
213.9766,2.399282,214.1465,359.9896,340.6841,358.3465,-1
213.9765,2.399325,214.1465,359.8315,340.6163,358.424,-1
213.9765,2.399434,214.1467,359.9709,340.2748,358.6177,-1
213.9765,2.399348,214.1467,359.9606,340.2674,358.4636,-1
213.9765,2.39926,214.1467,359.6654,340.2121,358.3061,-1
213.9765,2.399231,214.1467,359.7281,340.3032,358.2548,-1
213.9765,2.399096,214.1466,359.6008,340.3786,358.0116,-1
213.9765,2.399093,214.1466,359.4412,340.457,358.0069,-1
213.9765,2.398935,214.1465,359.1294,340.6261,357.7238,-1
213.9765,2.398971,214.1465,358.9856,340.6173,357.7884,-1
213.9765,2.39891,214.1465,359.3574,340.5893,357.6794,-1
213.9766,2.39879,214.1464,359.4956,340.7632,357.4648,-1
213.9765,2.398767,214.1465,359.3785,340.7397,357.4235,-1
213.9766,2.398815,214.1464,359.0995,340.8147,357.509,-1
213.9765,2.398859,214.1465,359.147,340.6324,357.5883,-1
213.9766,2.39874,214.1463,359.1606,340.9478,357.374,-1
213.9766,2.398595,214.1463,359.2336,341.0984,357.1153,-1
213.9766,2.398666,214.1464,359.0431,340.9249,357.2415,-1
213.9766,2.398721,214.1464,359.9491,340.7478,357.341,-1
213.9767,2.398777,214.1461,1.304467,341.3203,357.4412,-1
213.9766,2.398704,214.1462,0.5590322,341.1444,357.3098,-1
213.9764,2.399203,214.1468,356.1935,340.1198,358.1998,-1
213.9765,2.399871,214.1467,357.7901,340.1948,359.3998,-1
213.9765,2.4003,214.1468,358.2184,340.0511,0.1689137,-1
213.9764,2.400265,214.147,358.0359,339.7297,0.1061418,-1
213.9763,2.399694,214.1472,358.6705,339.3757,359.0828,-1
213.9763,2.399354,214.1471,358.3337,339.4907,358.4743,-1
213.9764,2.399207,214.147,359.0036,339.7476,358.2112,-1
213.9764,2.399215,214.1469,358.7235,339.9996,358.2263,-1
213.9764,2.399172,214.147,358.3739,339.7824,358.1476,-1
213.9764,2.398718,214.1468,357.2858,340.263,357.333,-1
213.9765,2.398665,214.1467,357.6657,340.3981,357.2386,-1
213.9764,2.398962,214.1469,357.7643,339.8536,357.7717,-1
213.9762,2.399111,214.1474,357.6584,338.9122,358.0375,-1
213.9763,2.398416,214.147,358.6684,339.6851,356.7928,-1
213.9764,2.398327,214.1467,358.0996,340.2924,356.6325,-1
213.9766,2.397724,214.1462,356.7939,341.3408,355.5455,-1
213.9766,2.398201,214.1463,358.6832,341.0409,356.4066,-1
213.9766,2.398332,214.1463,358.7084,340.9643,356.6423,-1
213.9767,2.398751,214.1461,357.9907,341.3891,357.3936,-1
213.9764,2.399353,214.1468,359.2879,340.0332,358.4729,-1
213.9766,2.398971,214.1465,0.08060549,340.6721,357.7881,-1
213.9765,2.399438,214.1466,359.4588,340.4796,358.6259,-1
213.9732,2.401655,214.1533,1.303826,327.1447,2.597138,-1
213.9697,2.401222,214.1577,3.368077,317.013,1.823525,-1
213.9698,2.401205,214.1577,4.373845,317.2724,1.794287,-1
213.9719,2.400545,214.1552,3.234713,322.9553,0.6083824,-1
213.9727,2.400254,214.1542,3.040315,325.1773,0.08676402,-1
213.9755,2.39801,214.149,4.940035,335.478,356.0503,-1
213.9739,2.399662,214.1523,3.576953,329.1882,359.0254,-1
213.9742,2.39953,214.1517,3.143607,330.2525,358.7886,-1
213.9745,2.39957,214.1512,3.655048,331.3968,358.86,-1
213.9747,2.399346,214.1507,2.920278,332.4048,358.4585,-1
213.9748,2.39938,214.1506,3.112136,332.4929,358.5193,-1
213.9748,2.399435,214.1505,3.232821,332.6774,358.6172,-1
213.9747,2.399498,214.1507,3.299373,332.2671,358.7304,-1
213.9748,2.39939,214.1506,3.322809,332.5692,358.5368,-1
213.9749,2.399338,214.1504,3.303418,332.9189,358.4445,-1
213.9747,2.39938,214.1507,3.415255,332.3456,358.5195,-1
213.9749,2.399345,214.1504,4.169934,332.9412,358.455,-1
213.9784,2.399459,214.1351,2.112192,1.294696,358.662,-1
213.9784,2.400209,214.1367,3.973789,358.6277,0.005968777,-1
213.9746,2.399935,214.151,16.36215,331.6077,359.4954,-1
213.9745,2.40021,214.1512,14.29181,331.4375,0.007931571,-1
213.9774,2.400008,214.1282,7.670021,13.88047,359.6422,-1
213.976,2.399631,214.1238,7.20224,22.13114,358.9616,-1
213.9698,2.401648,214.1577,7.110826,317.3781,2.603807,-1
213.9552,2.400753,214.1667,6.194257,286.0816,0.9855691,-1
341.0248,2.407056,177.9166,5.615988,287.9411,0.9704876,-1
341.0265,2.407106,177.916,5.132113,291.1838,1.05865,-1
341.0433,2.406859,177.9012,1.478308,332.121,0.6120834,-1
341.039,2.408372,177.9073,1.715228,318.8498,3.324096,-1
341.0328,2.407747,177.9128,3.012158,303.9085,2.206582,-1
341.0428,2.406757,177.9021,1.046141,330.2701,0.4297141,-1
341.0386,2.407519,177.9078,1.866946,317.5364,1.794562,-1
341.0389,2.407202,177.9075,2.092447,318.3527,1.22682,-1
341.0378,2.407642,177.9087,2.083432,315.4247,2.016259,-1
341.0284,2.407434,177.9152,2.724869,294.9102,1.643716,-1
341.0293,2.407183,177.9148,2.711397,296.5526,1.193444,-1
341.0295,2.407003,177.9147,2.861682,296.9285,0.8715636,-1
341.015,1.031517,177.8862,0,240,0,exit0
341.0295,2.406982,177.9147,3.207965,297.0345,0.8340272,-1
341.0301,2.40673,177.9144,3.65271,298.1909,0.3819471,-1
341.0309,2.406332,177.9139,5.023176,299.7899,359.667,-1
341.0285,2.406469,177.9152,7.427356,294.89,359.9128,-1
341.0269,2.406676,177.9159,9.723921,291.9097,0.2883805,-1
341.0195,2.406114,177.919,12.26553,292.9801,359.2617,-1
340.3753,2.405759,178.1882,13.61619,292.8081,358.6042,-1
338.888,2.399816,178.8182,14.52109,293.4471,359.035,-1
337.381,2.406624,179.4755,14.19921,292.65,0.1975161,-1
335.9203,2.407382,180.0342,14.57987,288.1107,1.600735,-1
334.3654,2.407107,180.5348,14.45364,286.8815,1.091899,-1
332.5821,2.40693,181.0807,14.44515,287.6369,0.7635145,-1
330.9312,2.404299,181.6074,14.37533,288.1382,0.4049158,-1
329.1585,2.404385,182.1898,14.44517,288.3757,0.1300556,-1
327.3338,2.406794,182.7991,14.51355,288.7642,0.5118785,-1
325.28,2.401546,183.4935,14.66592,288.5717,1.161825,-1
323.0776,2.407419,184.2175,16.09873,287.5866,1.680997,-1
320.4437,2.40747,185.0555,16.63933,287.9051,1.782277,-1
317.8157,2.407412,185.9096,17.28916,287.8411,1.677708,-1
315.0827,2.407723,186.797,17.08379,288.0632,2.259159,-1
312.1838,2.407724,187.7423,16.66021,288.3131,2.256754,-1
309.5374,2.409169,188.627,16.41976,289.5453,4.955617,-1
306.5627,2.410633,189.7792,14.66501,294.5171,7.639363,-1
304.7831,2.40448,190.5822,14.1767,293.7021,9.447641,-1
304.3529,2.41134,192.6651,14.02977,294.1224,8.936529,-1
304.1265,2.410654,195.9191,13.56915,293.0341,7.64151,-1
302.6804,2.410128,196.6725,13.1517,292.6847,6.653745,-1
301.9244,2.409914,198.984,12.48688,292.5813,6.24127,-1
301.5226,2.409599,202.6687,12.94572,292.6961,5.671219,-1
301.3052,2.408699,206.2674,10.81685,287.4185,3.980163,-1
300.6767,2.407708,207.4911,10.15181,271.004,2.166625,-1
299.7791,2.407477,207.7454,10.41489,261.0756,1.747692,-1
298.0843,2.405894,207.7099,11.43242,261.3268,358.8614,-1
296.1265,2.39552,207.4298,11.82985,262.1597,356.677,-1
293.3922,2.403562,207.0861,12.39299,263.6551,355.5524,-1
290.076,2.402601,206.737,13.43938,264.6567,355.6435,-1
286.6914,2.40461,206.4015,13.80042,263.9396,356.481,-1
283.471,2.404901,206.0614,14.65234,263.7979,357.0076,-1
279.9767,2.405117,205.681,14.97105,263.8074,357.4037,-1
276.5445,2.405054,205.3124,14.97185,263.9552,357.7425,-1
273.1929,2.401482,204.9572,15.10811,263.9256,357.9965,-1
269.8594,2.40562,204.609,15.17879,264.1201,358.335,-1
266.5372,2.405828,204.2714,14.9537,264.3595,358.7238,-1
263.0378,2.405921,203.9237,14.97882,264.4389,358.8963,-1
259.6961,2.405988,203.6004,14.85816,264.7415,359.0193,-1
256.2577,2.405665,203.3241,14.85271,268.0671,358.4212,-1
253.103,2.405523,203.3335,11.90627,284.454,358.3217,-1
252.816,2.405531,203.3716,4.355704,323.5276,358.23,-1
252.8226,2.405801,203.3581,0.6503509,350.7946,358.718,-1
252.8373,2.406131,203.3534,2.450513,3.551224,359.309,-1
252.836,2.404953,203.3465,2.765413,16.10541,357.1947,-1
252.8053,1.031517,203.3554,0,240,0,enter1
252.8362,2.405527,203.347,2.823868,15.11281,358.225,-1
252.8363,2.405502,203.3476,4.032327,14.13194,358.178,-1
252.8364,2.405521,203.3479,9.710111,13.39588,358.1905,-1
252.8365,2.405386,203.3483,10.64114,12.49984,357.9391,-1
252.8365,2.405073,203.3481,8.610524,12.81664,357.3834,-1
252.8358,2.405119,203.3456,6.680661,17.56948,357.4785,-1
252.8181,2.407003,203.3261,1.846808,66.56425,0.8703623,-1
252.8302,2.407116,203.3353,3.686436,39.0026,1.075645,-1
252.8358,2.405869,203.3458,5.228326,17.48003,358.8358,-1
252.8364,2.406258,203.3478,8.984638,13.7658,359.5309,-1
252.8367,2.406497,203.3492,13.04806,11.32192,359.9644,-1
252.8368,2.406433,203.3498,15.08333,10.05065,359.8432,-1
252.8053,1.031517,203.3554,0,240,0,exit1
252.8887,2.406796,203.5378,17.94573,10.2158,0.5237388,-1
253.2321,2.40758,204.9587,18.63782,10.91644,2.009573,-1
253.6933,2.407656,207.0067,17.53472,11.577,2.139494,-1
254.1587,2.40747,209.1186,17.31643,12.57111,1.787594,-1
254.706,2.407154,211.5681,16.92835,12.91134,1.192583,-1
255.3075,2.406456,213.8665,16.48731,12.50022,359.9582,-1
255.9854,2.396794,216.4521,15.8736,13.31911,358.8281,-1
256.6464,2.396079,218.8385,15.09363,13.29257,357.9408,-1
257.3874,2.405044,221.063,14.93644,12.49251,357.2685,-1
258.4024,2.40478,223.4759,14.53423,12.60299,356.7849,-1
259.4331,2.404842,225.7703,14.19613,12.7105,356.9051,-1
260.5197,2.405128,228.2442,13.47275,12.59935,357.4422,-1
261.5628,2.40524,230.5739,13.37054,12.93966,357.6496,-1
262.677,2.405547,233.1423,13.21871,12.68347,358.215,-1
263.7874,2.398929,235.728,12.79129,12.58188,359.2171,-1
264.8638,2.399493,238.5807,11.92992,13.93806,1.05673,-1
265.6625,2.407877,241.3113,11.30341,12.73432,2.555061,-1
266.38,2.40845,244.4054,10.67671,13.1647,3.523926,-1
267.0614,2.408237,247.3842,10.11402,12.64316,3.129543,-1
267.7196,2.407258,250.3006,8.698995,12.84899,1.341576,-1
268.1427,2.406532,252.0486,5.151224,10.63816,0.02727066,-1
268.1456,2.405979,252.0627,1.854022,18.41309,359.0369,-1
268.1262,2.406341,252.0427,1.808289,70.07858,359.6842,-1
268.124,2.408764,252.0379,0.9349572,76.78455,4.026786,-1
268.1166,1.031517,252.0689,0,240,0,enter2
268.1086,2.407073,252.038,357.3884,104.4256,0.9968946,-1
268.0955,2.403456,252.0451,1.900658,131.3663,354.5088,-1
268.0956,2.406451,252.0448,0.8152484,130.9264,359.8821,-1
268.0876,2.404634,252.0556,3.812409,155.1269,356.6178,-1
268.0878,2.405651,252.055,5.095101,154.0216,358.4437,-1
268.0879,2.405591,252.0548,3.93801,153.6067,358.337,-1
268.0879,2.405377,252.0549,4.361522,153.7996,357.953,-1
268.088,2.405105,252.0546,5.015507,153.1773,357.4616,-1
268.0879,2.404712,252.055,5.344145,153.8469,356.752,-1
268.0879,2.404907,252.0549,5.724169,153.7058,357.1016,-1
268.0879,2.404648,252.0549,4.876532,153.7357,356.64,-1
268.0881,2.404351,252.0545,2.781555,152.9706,356.1153,-1
268.088,2.405236,252.0547,3.475292,153.5044,357.7018,-1
268.1166,1.031517,252.0689,0,240,0,exit2
268.0883,2.406266,252.0541,5.775829,152.3215,359.5483,-1
268.0888,2.408414,252.0532,10.48308,151.0278,3.456323,-1
268.0896,2.409089,252.0519,12.24936,148.7499,4.717077,-1
268.4152,2.409883,251.5328,14.16105,146.0624,6.228124,-1
269.9476,2.410598,249.16,15.33212,146.3668,7.598515,-1
271.6995,2.41003,246.5141,13.71343,146.9616,6.487662,-1
272.879,2.408079,244.5719,11.95233,152.2352,2.859602,-1
274.0602,2.407038,242.3454,10.96265,151.895,0.9506803,-1
275.1069,2.399628,240.2997,11.52654,153.4667,359.0246,-1
275.9706,2.40487,238.2805,11.53725,153.592,357.3045,-1
276.7257,2.404608,236.097,11.46415,153.4409,356.5107,-1
277.1436,2.40483,234.159,11.27934,153.323,356.9171,-1
277.6879,2.406276,231.9578,9.880192,152.0314,359.5616,-1
278.4354,2.407606,229.6314,9.25623,151.5893,2.093718,-1
279.9018,2.408218,226.8075,8.707718,150.8263,3.083176,-1
281.451,2.399599,223.976,8.545156,151.4719,2.827354,-1
283.0078,2.40734,221.0826,8.480287,152.0153,1.489006,-1
284.3697,2.406769,218.489,8.64419,152.4431,0.457058,-1
285.7947,2.40661,215.7338,8.624792,152.5772,0.1676781,-1
287.2841,2.406488,212.834,8.400938,152.5293,359.9471,-1
288.7276,2.400385,210.023,8.189377,152.6284,359.6404,-1
290.1689,2.406157,207.1366,8.288224,152.8722,359.3492,-1
291.589,2.405929,204.2984,7.822262,152.9301,358.9374,-1
292.8144,2.405749,201.6842,7.202465,153.0475,358.6131,-1
294.0837,2.405335,199.0046,5.992393,152.8267,357.8725,-1
295.3001,2.405106,196.5261,5.144969,152.8371,357.4626,-1
296.9425,2.395004,193.1434,3.036273,153.3198,356.0685,-1
297.3039,2.404917,192.3737,2.888015,159.0078,357.14,-1
297.3044,2.405437,192.3871,2.564522,191.3069,358.0631,-1
297.3,2.404679,192.3806,3.555728,178.1194,356.7013,-1
297.332,1.031517,192.3816,0,240,0,enter0
