*Subject
3
*Layout
4
*Condition
False,False,False
*Marks
220.7151,0,187.8046
202.6315,0,275.9691
151.7312,0,265.5289
*Path
x,y,z,flag
203.9786,2.406041,210.7328,2.647935,197.8813,359.1471,-1
203.9476,2.405681,210.6438,358.294,197.0484,358.5018,-1
203.9473,2.405871,210.6429,358.4208,195.5418,358.8435,-1
203.9472,2.40613,210.6426,359.2786,194.9835,359.307,-1
203.9472,2.406169,210.6424,1.112252,194.5389,359.3766,-1
203.9471,2.406061,210.6423,3.502222,194.2417,359.1812,-1
203.9468,2.406312,210.6408,5.05184,191.6457,359.6311,-1
203.9467,2.406317,210.64,5.470246,190.2214,359.6405,-1
203.9465,2.406592,210.6394,5.431727,189.1343,0.1350662,-1
203.9465,2.406308,210.6393,4.127453,188.883,359.6239,-1
203.9466,2.406287,210.6398,0.3373007,189.7857,359.5877,-1
203.9467,2.406209,210.6402,0.8585569,190.4418,359.4488,-1
203.9467,2.406136,210.6404,5.688223,190.7802,359.3142,-1
203.9466,2.406425,210.6399,19.36179,189.9623,359.8247,-1
203.9464,2.406348,210.6383,22.49373,186.9063,359.6722,-1
203.9464,2.406072,210.6382,21.20685,186.6349,359.1453,-1
203.9463,2.405672,210.6377,13.30642,185.5749,358.4455,-1
203.9463,2.405509,210.6374,12.45303,185.0424,358.1505,-1
203.9463,2.404999,210.6374,11.18751,184.9192,357.2289,-1
203.9463,2.404234,210.6331,1.473823,177.5686,355.9069,-1
203.9462,2.404782,210.6331,2.062983,177.7023,356.8893,-1
220.6831,2.404653,187.8038,2.457175,178.5477,356.9146,-1
220.6831,2.406678,187.8041,10.05794,179.2777,0.5522058,-1
220.6843,2.406585,187.8133,15.44335,195.9944,0.3928975,-1
220.688,2.405707,187.8216,10.975,211.8897,358.7828,-1
220.6874,2.405229,187.8205,8.068182,209.5743,357.9295,-1
220.6833,2.404685,187.808,1.303149,186.1196,356.9735,-1
220.6832,2.40556,187.8028,3.374603,176.7575,358.5407,-1
220.6831,2.405506,187.8036,3.173311,178.1259,358.4442,-1
220.6831,2.405549,187.8033,3.461161,177.6429,358.5194,-1
220.6834,2.406032,187.8001,1.458766,171.9621,359.3882,-1
220.6836,2.406519,187.799,1.537949,169.9096,0.2606224,-1
220.6835,2.406033,187.7997,1.492143,171.1792,359.39,-1
220.7151,1.031374,187.8046,0,330,0,exit0
220.7788,2.406189,187.1966,1.414228,171.0009,359.4135,-1
221.1922,2.405563,184.4743,1.646288,180.7588,358.2907,-1
220.376,2.404804,181.7828,2.582708,226.5035,356.929,-1
217.7063,2.403871,180.3169,4.677473,268.2089,355.2417,-1
216.8449,2.402512,180.2574,7.828023,301.5862,354.4873,-1
216.6698,2.402724,180.4347,7.767115,326.1968,353.1295,-1
216.2428,2.40242,180.4116,5.498607,342.9039,352.6092,-1
215.7456,2.402196,180.2701,4.028898,351.0715,352.2201,-1
215.2607,2.39278,180.2113,7.703279,357.8531,352.5228,-1
215.0426,2.402963,180.2031,7.750092,356.5929,353.5643,-1
214.9842,2.403888,180.9809,8.906018,354.0044,355.2293,-1
214.6893,2.404224,183.4291,13.42408,349.0279,356.0025,-1
214.2314,2.404933,185.7094,14.68643,348.0544,357.0669,-1
213.5202,2.400377,189.1723,14.81192,348.7285,356.4621,-1
212.788,2.403983,193.1411,15.86249,352.3078,355.2784,-1
212.4161,2.404092,196.3058,16.03273,355.1476,355.8809,-1
212.0499,2.404452,200.6698,16.04123,354.1463,356.1508,-1
211.4835,2.405017,205.3119,15.59688,350.9488,357.211,-1
210.7868,2.403415,209.8319,13.9517,351.8391,356.5151,-1
210.0914,2.394194,214.383,14.85201,350.7452,355.4419,-1
209.327,2.401118,218.9,15.42523,348.3081,349.9203,-1
208.36,2.400832,223.1767,14.78902,348.0326,349.4128,-1
207.6127,2.401573,227.0023,14.15975,350.4378,350.8314,-1
206.9081,2.400249,231.353,14.55153,352.4786,351.6339,-1
206.4122,2.393302,235.447,14.81315,353.7415,351.7147,-1
205.9279,2.402326,239.7995,14.73405,353.2614,352.2171,-1
205.3876,2.402569,244.3554,14.95054,353.1407,352.6631,-1
204.8598,2.403261,248.5053,14.67704,352.4902,353.9625,-1
204.3354,2.402945,252.448,14.66319,352.2757,353.3745,-1
203.7795,2.397546,256.5965,14.60363,353.2808,354.9319,-1
203.2812,2.403782,260.6072,14.61378,352.5353,354.9321,-1
202.7461,2.404013,264.6189,14.68026,351.3835,355.3595,-1
202.1469,2.402071,268.581,14.63261,351.5598,354.6226,-1
201.67,2.404305,271.9031,15.46587,350.6415,355.8863,-1
201.1254,1.031517,274.9205,0,330,0,enter1
201.1208,2.4043,275.1302,14.27775,348.2788,355.9001,-1
201.1062,2.405713,275.1927,14.73833,322.4849,358.5105,-1
201.079,2.407068,275.2054,13.17907,267.217,1.01374,-1
201.0748,2.407651,275.2049,7.433585,259.6632,2.047718,-1
201.0733,2.406866,275.2046,7.012671,256.7928,0.6283884,-1
201.0739,2.405971,275.2047,5.808342,257.5797,359.0164,-1
201.074,2.406184,275.2047,9.100706,257.8952,359.3968,-1
201.074,2.406535,275.2047,12.38466,258.0201,0.03354589,-1
201.0726,2.405268,275.2044,13.32974,254.8873,357.701,-1
201.0727,2.405602,275.2044,15.43686,255.0475,358.2999,-1
201.0725,2.406221,275.2044,15.67483,255.1155,359.4494,-1
201.0726,2.40549,275.2044,21.10765,254.5955,358.0278,-1
201.0727,2.405332,275.2044,22.13946,254.7455,357.7096,-1
201.0807,1.031517,275.1735,0,330,0,exit1
196.9789,2.405025,274.129,26.0468,255.176,357.0262,-1
192.347,2.404294,272.9172,24.56801,256.1616,355.6199,-1
188.5448,2.398081,272.04,21.80841,258.5891,354.1617,-1
184.1587,2.398848,271.2143,19.47461,260.9321,356.0846,-1
180.3842,2.398869,270.6148,17.36241,261.5212,356.3533,-1
176.4328,2.405421,270.0232,14.9535,261.8243,357.9687,-1
172.5226,2.405684,269.4349,14.73823,260.9162,358.4581,-1
168.8299,2.405693,268.8412,14.97232,260.8848,358.472,-1
164.9295,2.405901,268.2216,15.15459,260.793,358.8567,-1
161.0749,2.405514,267.5938,15.14927,259.8975,359.376,-1
157.087,2.405897,266.8156,14.62696,258.177,358.8521,-1
153.5916,1.031517,266.0796,0,330,0,enter2
153.5557,2.405502,266.1054,15.80468,260.1512,358.1102,-1
153.4948,2.406533,266.0938,15.44846,257.1873,0.02997733,-1
153.4852,2.410149,266.0897,5.558921,238.9781,6.54811,-1
153.4728,2.410561,266.0753,3.915074,204.0573,7.276682,-1
153.4705,2.408443,266.0566,8.255096,169.7786,3.487399,-1
153.4714,2.40803,266.0529,3.986835,162.5291,2.717017,-1
153.4719,2.407956,266.0515,1.510361,159.8448,2.578163,-1
153.471,2.405687,266.0544,1.261156,165.0902,358.5127,-1
153.471,2.406247,266.0541,0.8798595,164.6223,359.5156,-1
153.4706,2.406313,266.0559,356.6065,168.0296,359.6343,-1
153.4706,2.406379,266.0559,357.0097,168.0021,359.7518,-1
153.4706,2.4068,266.0561,357.9028,168.2896,0.5075591,-1
153.4706,2.40662,266.0556,1.359508,167.4434,0.1841282,-1
153.5019,1.031517,266.0626,0,330,0,exit2
154.094,2.406185,263.2719,3.444721,167.5556,359.404,-1
155.0445,2.40903,259.297,12.6556,165.0621,4.617311,-1
156.1881,2.409999,255.0014,16.00864,163.8463,6.500103,-1
157.3829,2.409766,250.9532,17.63958,162.9489,6.116197,-1
158.562,2.409375,247.1628,19.73062,162.4567,5.444949,-1
159.9143,2.406482,243.0101,21.6342,160.9911,4.589672,-1
161.3632,2.408344,238.9358,20.85361,160.9618,3.502294,-1
162.9575,2.404679,234.4254,20.34414,160.5784,3.79872,-1
164.3877,2.4081,230.3497,20.60421,160.6549,3.029728,-1
165.8225,2.408115,226.2475,21.00108,160.4129,3.065653,-1
167.3023,2.407135,222.0557,21.23452,160.7923,3.319783,-1
168.7734,2.407721,217.9469,21.03703,159.2974,2.310494,-1
170.3097,2.407712,213.8643,21.53223,159.6924,2.446167,-1
171.8224,2.40777,209.7933,21.8847,159.5558,2.418673,-1
173.3212,2.407677,205.7564,22.34823,160.1183,2.245956,-1
174.8119,2.406331,201.6548,22.13837,159.9471,2.297158,-1
176.2141,2.40245,197.8188,21.84189,159.8466,2.210317,-1
177.6047,2.408011,193.9836,21.21542,161.0281,2.870296,-1
179.0153,2.403402,189.8703,21.09889,161.2357,2.449982,-1
180.1869,2.408228,186.26,18.121,163.3333,3.224586,-1
181.5565,2.406699,181.6202,18.10152,164.1808,2.018481,-1
181.6194,1.031517,181.5175,0,330,0,enter0
