*Subject
6
*Layout
5
*Condition
False,True,False
*Marks
135.0495,0,221.4925
174.5358,0,317.6209
230.0354,0,294.8253
*Path
x,y,z,flag
261.6055,2.407672,152.1425,345.0622,115.7464,2.141567,-1
261.6082,2.405972,152.1409,342.4944,120.8653,358.9775,-1
261.6025,2.408732,152.1453,345.2306,132.5724,4.10466,-1
261.5997,2.408612,152.1483,345.9422,140.0037,3.870736,-1
261.5951,2.407299,152.1559,344.8993,156.6043,1.450519,-1
261.5927,2.406363,152.1659,344.3994,175.6066,359.7133,-1
261.5933,2.404043,152.1748,343.7579,192.8971,355.3801,-1
261.5943,2.403597,152.1786,341.396,200.2941,354.4742,-1
261.5933,2.403281,152.1744,341.2389,192.7813,353.8698,-1
261.593,2.403596,152.1639,342.9529,173.5079,354.5208,-1
261.5964,2.404162,152.1535,343.7643,153.2575,355.6041,-1
261.5956,2.40433,152.1548,344.7955,155.9059,355.9386,-1
261.5944,2.405817,152.1577,345.3441,160.7805,358.7034,-1
261.5939,2.40637,152.1591,345.6712,163.2221,359.7281,-1
261.5943,2.406534,152.1579,346.6048,160.7154,0.03173911,-1
261.5942,2.406386,152.1582,346.4385,161.4381,359.7585,-1
261.594,2.406478,152.1589,346.56,162.6749,359.9286,-1
261.5941,2.406613,152.1588,346.5962,162.3977,0.1758306,-1
261.5941,2.406612,152.1588,346.5962,162.3977,0.1758306,-1
261.5941,2.406731,152.1587,346.7699,162.1907,0.3928111,-1
261.5941,2.406981,152.1586,346.6715,161.963,0.8545233,-1
261.5941,2.407179,152.1586,346.2577,161.7528,1.220383,-1
261.5941,2.407226,152.1585,346.0373,161.6806,1.307484,-1
261.5941,2.40742,152.1585,346.161,161.5715,1.664922,-1
261.5941,2.407536,152.1585,346.2019,161.4225,1.878919,-1
261.5942,2.407589,152.1584,346.1003,161.2901,1.978115,-1
261.5941,2.407495,152.1585,346.1666,161.5124,1.803181,-1
261.5941,2.40713,152.1585,345.6092,161.6979,1.133609,-1
135.0193,2.406631,221.4819,343.9443,160.4965,0.2112361,-1
135.0194,2.406438,221.4816,344.9622,160.0511,359.8542,-1
135.0233,2.406435,221.4742,348.25,145.1484,359.8504,-1
135.0417,2.403687,221.4616,347.7444,105.3036,354.808,-1
135.0659,2.405019,221.4651,346.0762,59.73186,357.2359,-1
135.0797,2.406928,221.4821,349.806,18.9466,0.7470673,-1
135.0803,2.404544,221.4841,348.212,16.00834,356.3896,-1
135.0797,2.404068,221.4822,351.4639,19.59444,355.5612,-1
135.0782,2.403213,221.4788,346.4403,26.96035,353.9025,-1
135.078,2.402369,221.4785,344.7013,28.25524,352.2763,-1
135.0774,2.403366,221.4771,345.8185,30.35706,354.1713,-1
135.078,2.403863,221.4782,348.5729,27.63239,355.1465,-1
135.0495,1.031517,221.4925,0,315,0,exit0
135.0469,2.403845,221.4169,347.2408,25.84112,355.0881,-1
134.9199,2.404667,221.135,350.0489,27.9277,356.635,-1
136.5172,2.405975,224.1142,350.1981,27.59243,359.0155,-1
137.2446,2.406132,225.5026,351.5073,26.88805,359.3021,-1
137.5163,2.409122,226.0611,359.2947,22.56169,4.668501,-1
138.7756,2.402761,228.8742,1.03983,22.89788,3.206776,-1
140.9341,2.405468,233.7206,1.84769,25.28159,0.9092197,-1
142.5918,2.406346,237.2053,1.796428,25.97056,359.6938,-1
144.1193,2.402116,240.2828,1.872891,24.68867,358.9865,-1
146.3533,2.405985,244.6103,2.059211,25.11141,359.0461,-1
148.451,2.40629,248.7769,2.458368,24.74036,359.5928,-1
150.5,2.400169,252.9902,2.522817,24.37218,0.2218425,-1
152.5588,2.407091,257.3653,2.217109,23.2666,1.028214,-1
154.5038,2.407366,261.8323,1.244582,22.17542,1.52044,-1
156.3968,2.40766,266.4477,0.4302769,21.44689,2.047543,-1
158.2584,2.406927,271.1204,359.2654,20.95742,1.892266,-1
159.868,2.407011,275.5385,354.7026,19.02655,0.8875096,-1
161.4789,2.405932,280.1076,354.0654,19.3846,358.9464,-1
163.1364,2.402236,284.4622,352.8201,21.4088,353.0309,-1
165.0294,2.399141,289.0315,351.5146,23.61648,346.865,-1
167.0233,2.398493,293.4585,351.6611,23.45367,345.3286,-1
168.9482,2.398706,297.6534,351.7022,23.55965,345.7191,-1
170.7956,2.398984,301.6527,351.8181,23.07091,347.5996,-1
172.7663,2.400868,306.0147,351.8341,22.35907,349.7263,-1
174.6187,2.402006,310.5083,351.2182,21.4778,351.7993,-1
176.4182,2.402286,314.0471,352.1348,22.22885,352.3297,-1
177.3306,1.031517,315.739,0,315,0,enter1
177.5847,2.401886,316.2451,351.8186,22.55725,352.3954,-1
177.5916,2.402245,316.2611,352.0731,27.70554,353.7401,-1
177.5835,2.401606,316.251,350.3689,51.66556,352.5351,-1
177.57,2.402705,316.2443,351.1095,78.58239,354.5569,-1
177.5558,2.402939,316.2444,351.276,104.3325,354.9846,-1
177.552,2.404737,316.2455,347.99,111.032,358.2294,-1
177.5515,2.405268,316.2457,346.9675,111.7637,359.1984,-1
177.5503,2.406779,316.2462,343.4542,113.2774,2.008012,-1
177.5491,2.406619,316.2467,344.0091,115.8426,1.704481,-1
177.5472,2.406289,316.2477,345.0788,119.7238,1.083104,-1
177.5482,2.406497,316.2472,345.2344,117.7634,1.467504,-1
177.5492,2.405871,316.2467,344.9868,115.9443,0.3081199,-1
177.5632,1.030704,316.2754,0,315,0,exit1
177.8687,2.407557,316.1098,349.877,112.0611,1.892672,-1
181.5439,2.406968,314.7281,358.5977,109.4908,0.8067946,-1
187.725,2.403926,312.5123,359.8913,110.5523,358.5703,-1
193.8244,2.405228,310.1983,359.4488,111.152,357.6913,-1
199.9105,2.405111,307.8577,359.1338,110.8905,357.4815,-1
205.8921,2.402639,305.5529,358.9755,110.4741,357.4771,-1
212.0357,2.405023,303.1978,358.5634,110.3287,357.3233,-1
218.0547,2.404745,300.8827,358.4823,110.5813,356.8238,-1
224.0564,2.403874,298.6046,358.371,111.5275,355.261,-1
227.0393,2.403069,296.0604,357.0486,112.7141,353.8072,-1
229.5187,1.030815,294.4683,0,315,0,enter2
230.0565,2.403527,294.0835,355.6074,115.5539,354.6222,-1
230.0842,2.40284,294.0655,352.465,123.0147,353.3439,-1
230.08,2.401055,294.069,346.5389,134.5043,349.8911,-1
230.0723,2.400568,294.08,344.563,159.8115,348.8798,-1
230.0697,2.401115,294.0948,344.1417,187.2084,349.8927,-1
230.071,2.402389,294.1024,345.6097,200.2007,352.3474,-1
230.0719,2.401897,294.1046,344.9204,204.987,351.4003,-1
230.072,2.403678,294.1053,345.0023,205.1566,354.7312,-1
230.0712,2.404118,294.1033,345.8638,200.9919,355.5651,-1
230.0723,2.401619,294.1054,345.4507,206.5449,350.9016,-1
230.0745,2.403269,294.1098,348.5923,214.2229,354.0568,-1
230.0744,2.406377,294.11,349.6288,213.2953,359.7444,-1
230.1012,1.031517,294.0924,0,315,0,exit2
230.0745,2.404606,294.11,354.4908,213.8087,356.56,-1
229.7891,2.40434,293.6991,359.2583,215.0719,356.099,-1
226.6553,2.404796,289.5793,0.4502843,214.6113,356.9166,-1
224.1846,2.395121,285.8922,359.7964,213.3124,357.2891,-1
221.6121,2.403937,282.0028,357.1905,213.6003,355.3705,-1
218.9277,2.403223,277.947,355.8092,213.1143,354.0756,-1
216.1969,2.403152,273.7576,355.8307,213.0406,353.9481,-1
213.4474,2.403063,269.5474,356.0864,213.1517,353.7899,-1
210.8473,2.403039,265.5646,355.9995,213.1515,353.746,-1
208.3538,2.403297,261.7138,356.3145,212.516,354.2128,-1
205.7316,2.40118,257.5984,356.2028,212.5925,354.2193,-1
203.1139,2.402954,253.5436,356.2624,212.5845,354.0439,-1
200.4344,2.402271,249.3506,356.3424,212.0335,354.1372,-1
197.7834,2.403373,245.1112,356.6021,211.6555,354.3517,-1
195.1546,2.403395,240.8583,356.3925,211.6942,354.3893,-1
192.5952,2.395233,236.7133,356.378,211.5088,354.8277,-1
189.9706,2.403697,232.4378,356.3351,211.5413,354.9332,-1
187.3933,2.403902,228.2385,356.5154,211.4815,355.3043,-1
184.675,2.403888,224.7675,356.4718,211.0975,355.3634,-1
182.0076,2.403882,221.4632,356.0502,211.1187,355.2645,-1
179.6272,2.404085,217.4897,355.1217,209.8229,355.6256,-1
178.8041,1.022768,215.9881,0,315,0,enter0
