*Subject
5
*Layout
6
*Condition
False,False,True
*Marks
315.4495,0,243.9672
218.9209,0,282.4648
233.8479,0,179.6202
*Path
x,y,z,flag
173.7577,2.409878,202.801,5.048381,158.342,6.051707,-1
173.7584,2.407934,202.799,5.761016,158.6506,2.550165,-1
173.7571,2.406678,202.8031,1.863228,166.0815,0.288879,-1
173.7564,2.406424,202.8064,0.9807917,172.0445,359.8328,-1
173.7563,2.403428,202.8106,359.7874,179.7119,354.4601,-1
173.7565,2.402556,202.8136,1.308707,184.8752,352.8872,-1
173.7573,2.40013,202.8164,2.488936,189.75,348.4751,-1
173.758,2.399294,202.8186,2.317053,194.0735,346.9435,-1
173.7578,2.400956,202.8193,0.9196189,195.6059,349.9906,-1
173.7572,2.403461,202.8185,359.4189,194.1595,354.5201,-1
173.7572,2.40701,202.819,356.6885,194.7785,0.8833299,-1
173.7576,2.407418,202.8202,353.2162,196.9866,1.624337,-1
173.758,2.407211,202.8215,352.5784,199.422,1.253482,-1
173.7582,2.406548,202.8221,353.7403,200.5991,0.05591093,-1
173.7578,2.406953,202.8211,2.604337,198.8472,0.781867,-1
173.7577,2.406778,202.8206,2.665032,197.8992,0.4679464,-1
173.7574,2.406985,202.8197,0.4901659,196.2325,0.837977,-1
173.7572,2.407012,202.8189,0.8210434,194.7991,0.887235,-1
173.7571,2.406927,202.8186,1.411022,194.2102,0.7348211,-1
173.7571,2.407002,202.8187,1.820162,194.2758,0.8686214,-1
173.757,2.407166,202.8182,2.168377,193.5166,1.163574,-1
173.7567,2.407664,202.8167,2.268331,190.7431,2.054946,-1
315.4178,2.406465,243.9717,2.764058,188.1789,0.6126111,-1
315.4175,2.405105,243.9673,2.48094,180.0113,358.1742,-1
315.4175,2.406069,243.966,2.841158,177.7871,359.9017,-1
315.4175,2.406091,243.966,3.047909,177.7977,359.9428,-1
315.4175,2.405972,243.9656,3.292815,177.0835,359.729,-1
315.4255,2.404961,243.9461,354.9982,138.8193,357.9107,-1
315.4404,2.405492,243.9366,354.459,106.6067,358.8637,-1
315.4178,2.404559,243.9635,0.774927,173.348,357.1984,-1
315.4259,2.40466,243.9888,4.450046,222.2123,357.3707,-1
315.4282,2.404111,243.9909,3.171986,227.7849,356.3891,-1
315.4282,2.404111,243.9909,3.171986,227.7849,356.3891,-1
315.4285,2.40537,243.9913,2.793351,228.8504,358.6498,-1
315.4495,1.031123,243.9672,0,315,0,exit0
315.1481,2.405891,243.7157,4.351662,225.2394,358.8753,-1
313.9202,2.406761,242.6157,2.932951,241.3741,0.4370775,-1
312.6298,2.406984,242.108,4.368167,272.5878,0.8381969,-1
312.0529,2.405553,242.1986,4.322004,284.9485,358.2687,-1
310.8924,2.407192,242.5633,2.314564,292.1258,1.353932,-1
310.0349,2.404027,242.73,1.952855,242.5696,356.6271,-1
309.6449,2.399603,242.568,5.561873,278.9872,356.2652,-1
308.455,2.401709,243.2381,6.509768,318.4193,356.4014,-1
307.6007,2.408736,244.1605,5.555362,314.5838,5.139248,-1
306.1643,2.41406,245.5063,4.430549,310.6235,13.67532,-1
303.9363,2.411654,247.3448,4.314814,304.4817,10.7528,-1
302.1536,2.410436,248.3722,3.009309,292.8357,7.043422,-1
300.3201,2.410485,249.1619,2.538283,294.0808,7.130079,-1
298.2393,2.403174,250.1113,3.613442,295.6755,6.316843,-1
294.868,2.410275,251.7581,4.708132,296.2777,6.768115,-1
291.3196,2.410489,253.5133,4.968115,296.5133,7.157278,-1
287.8607,2.411011,255.2407,4.91881,295.834,8.102788,-1
284.2095,2.411083,256.9757,5.418887,294.7301,8.766855,-1
279.9299,2.411018,258.9453,5.542498,294.8987,8.124385,-1
275.7081,2.410882,260.9174,6.155247,295.0845,7.886709,-1
271.3937,2.410733,262.9173,5.899456,294.8531,7.611924,-1
267.0287,2.410458,264.9437,5.516561,295.1035,7.107078,-1
262.5717,2.410048,267.0458,5.812575,295.4855,6.367604,-1
258.009,2.409803,269.2231,5.593191,295.5682,5.921711,-1
253.6983,2.409684,271.2899,5.707195,295.8106,5.708374,-1
249.4344,2.409734,273.352,5.651033,295.896,5.799012,-1
245.0238,2.404304,275.4943,5.444009,295.5476,6.167798,-1
240.692,2.411457,277.5019,6.17942,292.0808,8.93195,-1
236.0978,2.413742,279.2333,6.838677,288.1233,13.14322,-1
231.5741,2.413818,280.6463,7.261795,285.5549,13.29786,-1
226.9809,2.412986,281.8882,7.110757,283.6425,11.7548,-1
222.2855,2.406866,282.9455,5.800048,279.2421,7.406404,-1
218.9297,1.031517,283.3511,0,315,0,enter1
218.6705,2.407882,283.3985,2.99929,269.0832,2.44773,-1
218.4808,2.406723,283.4063,0.8054187,246.2304,0.3690699,-1
218.4673,2.406116,283.3954,1.152324,214.8739,359.283,-1
218.4616,2.407448,283.3762,3.316092,178.4597,1.669624,-1
218.4629,2.405833,283.368,4.317129,163.3852,358.771,-1
218.4701,2.404409,283.3553,1.259674,137.0011,356.2222,-1
218.475,2.404469,283.351,0.5928926,125.3466,356.3313,-1
218.4772,2.403914,283.3497,1.493039,120.6831,355.3327,-1
218.4647,2.405549,283.3633,0.1595979,154.3957,358.2666,-1
218.462,2.407303,283.3714,1.101835,169.8857,1.407287,-1
218.4629,2.412449,283.3698,5.385707,167.6072,10.73006,-1
218.4626,2.41178,283.3709,7.36503,170.0436,9.545165,-1
218.4618,2.407578,283.3728,8.648495,172.6452,1.9216,-1
218.4935,1.031517,283.3771,0,315,0,exit1
218.7577,2.407049,280.6943,10.22472,175.2965,3.816636,-1
219.1625,2.409232,275.6502,11.04674,175.745,4.958792,-1
219.5796,2.407732,270.5644,10.82887,174.0438,9.013797,-1
220.1609,2.412312,265.2889,10.13313,172.8688,10.6003,-1
220.8267,2.412571,260.1631,10.55281,172.2073,11.09553,-1
221.5818,2.412653,254.8052,10.46171,171.9483,11.24488,-1
222.3372,2.413272,249.5004,10.41448,171.2101,12.39321,-1
223.1574,2.411031,244.1845,10.644,171.199,12.88445,-1
224.007,2.413363,238.6983,10.644,171.199,12.88445,-1
224.8617,2.41353,233.1784,10.644,171.199,12.88445,-1
225.6721,2.40727,227.7579,11.12521,171.9796,12.05929,-1
226.4318,2.412678,222.2867,11.44169,172.4658,11.32811,-1
227.1498,2.41233,216.7183,11.30077,172.9235,10.67492,-1
227.8401,2.412272,211.1176,11.41891,172.9908,10.57268,-1
228.5164,2.411312,205.5508,11.22553,173.0388,10.66474,-1
229.1878,2.408295,200.0046,11.29509,173.2666,10.28955,-1
229.8434,2.412107,194.4412,11.28212,173.3636,10.26141,-1
230.4964,2.408478,188.8637,11.3742,173.193,9.972535,-1
231.2027,2.411389,183.3356,10.82281,171.1001,8.916608,-1
232.1611,1.031517,177.9578,0,315,0,enter2
232.1305,2.411077,177.9498,8.880969,166.6612,8.292594,-1
232.2701,2.411376,177.2863,5.28806,161.131,8.770702,-1
232.2769,2.407387,177.2739,4.038129,136.28,1.562118,-1
232.2933,2.404714,177.2648,2.483782,101.9297,356.766,-1
232.3141,2.401662,177.2678,2.290846,63.01755,351.2666,-1
232.3305,2.403024,177.2872,357.7166,16.32235,353.7282,-1
232.3307,2.403822,177.3045,358.5003,344.7857,355.1677,-1
232.3292,2.404427,177.3089,358.4938,336.3966,356.2536,-1
232.3225,2.405063,177.3187,357.2033,315.0138,357.3929,-1
232.3176,2.40531,177.3228,358.6785,303.4344,357.8376,-1
232.3097,2.405122,177.3265,358.511,287.7368,357.5009,-1
232.328,2.404862,177.3114,2.190835,331.2386,357.0325,-1
232.3309,2.404235,177.2881,5.585345,13.93789,355.8916,-1
232.3,1.031517,177.2961,0,315,0,exit2
232.3893,2.408215,177.653,6.530884,2.088135,3.062198,-1
232.4038,2.409226,178.6835,8.509711,359.5252,5.344093,-1
232.4243,2.408882,181.1829,9.901307,3.592864,4.301956,-1
232.6986,2.408004,184.8463,10.90471,5.909996,3.769628,-1
233.1433,2.408402,188.7,10.78541,7.694874,3.438438,-1
233.6396,2.40731,192.2915,11.08918,8.361229,1.446258,-1
234.234,2.407035,196.4778,11.84428,6.670277,0.9473286,-1
234.6507,2.401854,200.5453,11.95481,4.866128,2.341195,-1
235.0179,2.40978,204.8795,12.26936,4.323913,5.989561,-1
235.2775,2.408556,209.2881,13.19036,2.048349,3.753098,-1
235.3625,2.407445,213.563,11.3915,359.9359,1.695107,-1
235.3386,2.405263,217.9803,10.03664,1.05925,357.719,-1
235.5056,2.404818,222.6155,9.528722,4.173032,356.9129,-1
235.901,2.40423,227.3837,9.097219,5.628995,355.8491,-1
236.3218,2.403942,231.7272,9.32411,5.438056,355.3233,-1
236.7498,2.403831,236.2323,9.284781,5.542737,355.1198,-1
237.2126,2.403616,240.9121,9.158216,5.965983,354.7322,-1
237.6732,2.403465,245.2462,9.355052,6.381264,354.4523,-1
238.174,2.403712,249.7696,10.18403,6.166491,354.8904,-1
238.6929,2.404141,254.6175,10.28973,6.05652,355.6724,-1
239.1778,2.40477,259.4506,10.24941,3.119046,356.8199,-1
239.1485,2.405208,264.3113,8.499116,353.145,357.6301,-1
238.614,2.405664,269.0613,8.589318,353.8516,358.4557,-1
238.1099,2.405315,273.8408,8.714058,354.2635,357.8225,-1
237.6434,2.40525,278.6294,8.43777,354.9521,357.7049,-1
237.2569,2.404859,283.1574,8.422762,356.0359,357.9223,-1
236.9521,2.405169,287.8721,8.766191,356.8304,357.5576,-1
236.7256,2.405684,292.5101,6.96681,357.3676,358.497,-1
236.5588,2.406441,295.3431,3.376981,353.7863,359.8629,-1
236.3351,2.398176,296.9681,0.1684386,346.7395,359.3926,-1
235.9949,2.405105,298.1455,1.702747,337.0636,357.4706,-1
235.139,2.403541,299.9591,4.610663,333.6393,354.6452,-1
233.5085,2.396898,303.2501,6.415913,332.4698,354.7638,-1
231.9548,2.403736,306.1207,5.412493,329.9578,354.9925,-1
230.7286,2.404314,308.2152,4.858157,328.8447,356.0378,-1
229.6302,2.405182,309.9904,5.132332,326.9352,357.5997,-1
228.607,2.400737,311.5714,5.045952,327.4888,358.8105,-1
228.0831,2.406855,312.3733,3.840502,322.9385,0.6063285,-1
227.8409,1.031517,312.6289,0,315,0,enter0
