*Subject
15
*Layout
3
*Condition
False,True,False
*Marks
234.8908,0,326.0652
232.0599,0,266.1334
282.5478,0,233.7171
*Path
x,y,z,flag
141.4381,2.405812,183.0182,12.42306,210.7958,358.7076,-1
141.4387,2.405124,183.019,8.838562,214.4462,357.4744,-1
141.4387,2.40525,183.019,9.009975,214.3913,357.702,-1
141.439,2.406031,183.0194,9.023428,215.5171,359.1186,-1
141.4383,2.404915,183.0184,9.441404,212.9096,357.0904,-1
141.4376,2.40441,183.0172,8.650204,210.4485,356.1821,-1
141.4373,2.406584,183.0168,10.84513,210.1633,0.1216473,-1
141.4365,2.407847,183.0154,6.658187,207.4812,2.39757,-1
141.4372,2.407175,183.0166,7.790224,209.8052,1.188772,-1
141.4372,2.406691,183.0167,8.566557,209.7692,0.3146713,-1
141.4375,2.406141,183.0172,9.141385,210.647,359.3175,-1
141.4382,2.404996,183.0183,9.665864,212.7898,357.2364,-1
141.4378,2.405193,183.0176,11.20204,211.3339,357.5831,-1
141.4377,2.40415,183.0173,10.62721,210.4668,355.6841,-1
141.438,2.403868,183.0179,11.78332,211.4156,355.1482,-1
141.4377,2.403562,183.0172,12.0489,209.8674,354.5811,-1
141.4382,2.403466,183.0181,12.62344,211.6192,354.3936,-1
141.4382,2.403677,183.0181,11.8831,211.8612,354.7972,-1
141.4383,2.404113,183.0183,12.85866,212.2315,355.5803,-1
141.4389,2.404422,183.0192,13.51681,214.2775,356.1392,-1
141.4394,2.404519,183.0199,14.58481,215.7576,356.301,-1
141.4396,2.404243,183.0201,14.55178,216.2319,355.7895,-1
141.4396,2.403962,183.0201,14.11269,216.1466,355.2772,-1
141.4394,2.404213,183.0199,13.47303,215.7487,355.7549,-1
141.4391,2.404595,183.0196,13.04748,215.2556,356.4661,-1
141.439,2.404577,183.0193,12.78576,214.7743,356.4365,-1
141.4391,2.404418,183.0195,12.77419,214.9909,356.1436,-1
141.4391,2.404484,183.0195,13.04814,215.0095,356.26,-1
141.4388,2.404542,183.0191,13.89871,214.176,356.3551,-1
141.4387,2.404472,183.019,13.48794,213.8896,356.2322,-1
141.4386,2.404482,183.0189,13.41973,213.5793,356.2511,-1
141.4387,2.404331,183.019,13.68434,213.7047,355.9673,-1
141.4385,2.404281,183.0187,13.72016,213.1645,355.8761,-1
141.4385,2.404327,183.0187,13.88268,213.1045,355.9584,-1
141.4388,2.404194,183.0191,14.93059,213.8857,355.6913,-1
141.4384,2.405305,183.0185,15.40765,213.1256,357.7493,-1
141.4381,2.405538,183.0182,16.24899,212.4481,358.1734,-1
141.4378,2.405858,183.0177,16.00489,211.5865,358.7728,-1
141.4372,2.406151,183.0167,15.34547,209.6965,359.3208,-1
141.4365,2.406471,183.0155,16.26481,207.3067,359.9144,-1
141.4365,2.405884,183.0153,16.35829,206.6421,358.8181,-1
141.4366,2.405467,183.0156,16.70453,207.0148,358.0366,-1
141.4367,2.404799,183.0157,16.14784,206.9298,356.7956,-1
141.4359,2.405027,183.0142,15.68169,204.0055,357.2285,-1
141.4371,2.405221,183.0165,18.24393,208.7171,357.5572,-1
141.4366,2.405657,183.0157,16.52824,207.2798,358.3932,-1
141.4364,2.405941,183.0152,16.40236,206.4699,358.9242,-1
141.4355,2.406994,183.0133,24.14815,203.5024,0.9367257,-1
141.4362,2.407935,183.0148,34.23216,207.7051,3.072001,-1
141.4365,2.407584,183.0153,31.51058,208.1808,2.241424,-1
141.4377,2.409164,183.0174,29.14149,214.0176,5.435242,-1
141.4388,2.409015,183.019,24.12988,216.9158,4.906909,-1
141.442,2.409446,183.0229,23.8738,226.3456,5.743958,-1
141.4444,2.411269,183.0249,26.1853,233.7946,9.525435,-1
141.4387,2.409124,183.0189,25.76193,216.9227,5.18999,-1
141.4352,2.398781,183.0095,5.183928,194.9253,345.9517,-1
141.433,2.407467,183.0027,26.76618,184.2026,1.906278,-1
141.4331,2.40903,183.0001,30.1142,181.3704,5.208963,-1
141.4331,2.403678,183.0021,31.43689,179.205,354.0313,-1
141.4526,2.409048,182.9714,27.15425,115.0828,5.099382,-1
141.451,2.405203,182.972,34.71265,114.2645,357.1364,-1
141.4394,2.406656,182.9816,16.71406,143.1414,0.2604831,-1
141.444,2.407572,182.9766,33.42834,132.1519,2.26315,-1
141.4412,2.408749,182.9795,24.06191,140.0238,4.381312,-1
141.4423,2.40775,182.9782,28.24717,136.283,2.505993,-1
141.4367,2.408423,182.986,26.89471,154.0759,3.82938,-1
141.4374,2.407496,182.9846,26.37984,150.4503,1.956511,-1
141.4355,2.407304,182.9883,25.45114,157.6767,1.560928,-1
141.436,2.407786,182.9872,26.57425,156.0164,2.542326,-1
141.4356,2.407691,182.988,25.90634,157.5016,2.338468,-1
141.4356,2.40786,182.9882,26.54535,157.9116,2.688208,-1
141.4355,2.407821,182.9885,24.8716,158.416,2.575203,-1
141.4341,2.405321,183.0091,25.56087,194.0328,357.626,-1
141.4344,2.41201,183.0085,26.67645,199.1951,11.0758,-1
141.4333,2.405727,182.9963,27.82107,171.1447,358.4001,-1
141.434,2.405782,182.9926,27.7422,164.5609,358.5131,-1
141.4336,2.408158,182.9948,27.12031,170.6982,3.302406,-1
141.4337,2.409109,183.0069,21.967,192.8651,5.010845,-1
141.4438,2.408406,183.0247,25.93842,230.0572,3.762828,-1
141.4485,2.411397,183.0278,33.60406,244.6227,10.55015,-1
141.4657,2.41568,183.0314,33.65117,282.7884,20.12046,-1
141.4814,2.422569,183.0231,18.84738,317.714,32.00933,-1
141.4959,2.414515,182.9989,19.38032,8.775524,15.36497,-1
141.4961,2.413517,182.9984,22.56186,9.805413,13.70203,-1
141.4968,2.405206,183.0034,14.22731,354.602,357.5786,-1
141.4966,2.404603,182.9963,9.444365,7.54381,356.5248,-1
141.4936,2.405449,182.9865,9.05002,26.26471,358.0639,-1
141.4909,2.406976,182.9821,7.869558,35.92087,0.8288507,-1
141.4917,2.406739,182.9832,8.425962,33.44899,0.4013332,-1
141.4915,2.406726,182.9829,8.391408,33.92519,0.3791202,-1
141.4914,2.406732,182.9827,8.211219,34.47813,0.3880076,-1
141.4915,2.406684,182.9829,8.307974,34.04172,0.301574,-1
141.4914,2.406713,182.9828,8.258782,34.278,0.3550355,-1
141.4915,2.40679,182.9829,7.944816,34.12466,0.4936786,-1
141.4915,2.406793,182.9828,8.043666,34.20934,0.4984375,-1
141.4915,2.406799,182.9828,7.971881,34.15123,0.5094462,-1
141.4915,2.406832,182.9829,7.822242,34.13464,0.5696823,-1
141.4915,2.406505,182.9829,7.564114,34.03318,359.9781,-1
141.4915,2.406619,182.9828,8.107831,34.16474,0.1836171,-1
141.4914,2.406663,182.9827,7.880006,34.44299,0.2644341,-1
141.4914,2.406637,182.9827,7.867701,34.43014,0.2178924,-1
141.4914,2.406634,182.9827,7.88765,34.36102,0.2115748,-1
141.4914,2.406625,182.9827,7.821562,34.37544,0.1948591,-1
141.4914,2.406625,182.9828,7.858657,34.34795,0.195906,-1
141.4914,2.4066,182.9827,7.834986,34.36794,0.1509741,-1
141.4914,2.406613,182.9828,7.802607,34.3217,0.1740063,-1
141.4914,2.406607,182.9828,7.780122,34.31488,0.1620698,-1
141.4914,2.406625,182.9828,7.756821,34.30251,0.1951588,-1
141.4914,2.406642,182.9828,7.744467,34.29226,0.225397,-1
141.4914,2.406665,182.9828,7.725486,34.28774,0.2675843,-1
141.4914,2.406666,182.9828,7.712534,34.27,0.2686171,-1
141.4914,2.406648,182.9828,7.69593,34.24835,0.236555,-1
141.4914,2.406631,182.9828,7.685938,34.2244,0.2049543,-1
141.4914,2.406615,182.9828,7.682732,34.19844,0.1761543,-1
141.4915,2.406603,182.9828,7.694403,34.17041,0.1551349,-1
141.4915,2.406598,182.9828,7.717603,34.13849,0.1464701,-1
141.4915,2.406588,182.9828,7.71919,34.11898,0.1273134,-1
141.4915,2.406585,182.9828,7.712891,34.09755,0.1231832,-1
141.4915,2.406584,182.9829,7.726285,34.06948,0.1204281,-1
141.4915,2.40659,182.9829,7.738733,34.04505,0.1328881,-1
141.4915,2.406591,182.9829,7.742095,34.01506,0.1345022,-1
141.4915,2.4066,182.9829,7.747087,33.98957,0.1498896,-1
141.4915,2.406601,182.9829,7.746143,33.96934,0.1520275,-1
141.4915,2.406607,182.9829,7.750523,33.95695,0.1631486,-1
141.4915,2.406613,182.9829,7.756264,33.93496,0.1740577,-1
141.4915,2.40662,182.9829,7.754262,33.90831,0.1854383,-1
141.4915,2.406628,182.983,7.750778,33.88391,0.2009159,-1
141.4915,2.406627,182.983,7.746964,33.8613,0.1990956,-1
141.4915,2.406629,182.983,7.746093,33.83556,0.2016911,-1
141.4916,2.406631,182.983,7.743897,33.80566,0.2046918,-1
141.4916,2.406629,182.983,7.741261,33.78085,0.2018542,-1
141.4916,2.406631,182.983,7.740925,33.75851,0.2060172,-1
141.4916,2.406629,182.983,7.743711,33.72579,0.2027827,-1
141.4916,2.40663,182.983,7.747482,33.69624,0.2033881,-1
141.4916,2.406626,182.9831,7.749249,33.6672,0.1963879,-1
141.4916,2.406626,182.9831,7.748121,33.64563,0.1975977,-1
141.4916,2.406629,182.9831,7.744374,33.62791,0.2014747,-1
141.4916,2.406628,182.9831,7.742698,33.60647,0.2005174,-1
141.4916,2.406626,182.9831,7.741026,33.58837,0.1960891,-1
141.4916,2.40662,182.9831,7.745229,33.56728,0.1866631,-1
141.4916,2.406616,182.9831,7.747004,33.54429,0.1795712,-1
141.4917,2.406616,182.9831,7.746165,33.51846,0.1792021,-1
141.4917,2.406619,182.9831,7.747514,33.50031,0.1847409,-1
141.4917,2.406621,182.9832,7.748523,33.47789,0.1869116,-1
141.4917,2.406621,182.9832,7.756815,33.46351,0.1887254,-1
141.4917,2.406618,182.9832,7.768093,33.44286,0.1825785,-1
141.4917,2.40662,182.9832,7.773763,33.42115,0.1857363,-1
141.4917,2.406626,182.9832,7.772169,33.39954,0.1974897,-1
141.4917,2.406628,182.9832,7.767874,33.38208,0.2001934,-1
141.4917,2.406629,182.9832,7.768809,33.36324,0.2018384,-1
141.4917,2.40663,182.9832,7.765603,33.33133,0.2039725,-1
141.4917,2.406627,182.9832,7.762488,33.30082,0.1995512,-1
141.4917,2.406631,182.9832,7.757506,33.28296,0.2056777,-1
141.4917,2.406648,182.9832,7.74323,33.26957,0.2367924,-1
141.4917,2.406698,182.9833,7.715605,33.2488,0.3264361,-1
141.4917,2.406721,182.9833,7.709813,33.23,0.3689958,-1
141.4918,2.406725,182.9833,7.700295,33.20662,0.3758546,-1
141.4918,2.406689,182.9833,7.756951,33.17255,0.3111092,-1
141.4918,2.406667,182.9833,7.741162,33.13854,0.2717768,-1
141.4918,2.406637,182.9833,7.747163,33.0766,0.2163844,-1
141.4918,2.406616,182.9833,7.769801,33.14191,0.1786859,-1
141.4918,2.40671,182.9833,7.723415,33.13863,0.3486669,-1
141.4918,2.406807,182.9833,7.646208,33.15862,0.5236387,-1
141.4918,2.406819,182.9833,7.678893,33.08842,0.545074,-1
141.4918,2.406831,182.9833,7.664519,33.089,0.5675598,-1
141.4918,2.406804,182.9834,7.675164,33.01931,0.5181141,-1
141.4918,2.406694,182.9834,7.744928,32.93407,0.3190846,-1
141.4918,2.406633,182.9834,7.800161,32.9427,0.2100533,-1
141.4919,2.406641,182.9834,7.752889,32.90653,0.2246387,-1
141.4919,2.406641,182.9834,7.756787,32.87613,0.2244174,-1
141.4919,2.406634,182.9835,7.768474,32.84326,0.2118419,-1
141.4919,2.406629,182.9835,7.772371,32.82557,0.2030402,-1
141.4919,2.406628,182.9835,7.781354,32.79406,0.1998844,-1
141.4919,2.406618,182.9835,7.784473,32.76781,0.1830171,-1
141.4919,2.406649,182.9835,7.759833,32.74583,0.2390244,-1
141.4919,2.406771,182.9835,7.723688,32.74824,0.4592166,-1
141.4919,2.40681,182.9835,7.725402,32.75843,0.5289094,-1
141.4919,2.406821,182.9836,7.651844,32.64065,0.5501027,-1
141.4919,2.406781,182.9836,7.655689,32.61601,0.4771067,-1
141.4919,2.406722,182.9836,7.643016,32.57956,0.3692816,-1
141.4919,2.406641,182.9836,7.674147,32.55936,0.2231533,-1
141.4919,2.406557,182.9836,7.710067,32.55717,0.07221317,-1
141.4919,2.40656,182.9836,7.65006,32.54498,0.07779846,-1
141.4919,2.40654,182.9836,7.661813,32.51549,0.04097083,-1
141.492,2.406524,182.9836,7.699691,32.49093,0.01269654,-1
141.492,2.406551,182.9836,7.680637,32.46157,0.06124467,-1
141.492,2.406748,182.9836,7.636448,32.47942,0.4175265,-1
141.492,2.406782,182.9836,7.695421,32.43834,0.4790801,-1
141.492,2.40681,182.9837,7.529224,32.40491,0.5291858,-1
141.492,2.40674,182.9836,7.504179,32.46801,0.4030869,-1
141.492,2.406615,182.9836,7.551103,32.41363,0.1768921,-1
141.492,2.406634,182.9837,7.587759,32.38002,0.2116931,-1
141.492,2.406631,182.9837,7.682078,32.33796,0.2071077,-1
141.492,2.406653,182.9837,7.77053,32.29391,0.2455772,-1
141.492,2.40666,182.9837,7.782269,32.27747,0.2585342,-1
141.492,2.406705,182.9837,7.597594,32.28599,0.3403729,-1
141.492,2.406696,182.9837,7.61245,32.26466,0.3230436,-1
141.4921,2.406719,182.9838,7.568225,32.19262,0.3639377,-1
141.4921,2.406619,182.9838,7.695164,32.16139,0.1848791,-1
141.4921,2.406624,182.9838,7.581075,32.17356,0.1923832,-1
141.4921,2.406647,182.9838,7.508172,32.14478,0.2354524,-1
141.4921,2.406575,182.9838,7.751817,32.17926,0.1056781,-1
141.4921,2.406759,182.9838,7.698198,32.19227,0.4366249,-1
141.4919,2.406726,182.9836,8.037788,32.63105,0.3778634,-1
141.4921,2.406825,182.9838,7.140924,32.23188,0.5555712,-1
141.492,2.406597,182.9836,7.983355,32.44683,0.1444333,-1
141.492,2.406676,182.9836,7.456127,32.52966,0.2874493,-1
141.492,2.40665,182.9836,7.580976,32.45512,0.2398165,-1
141.492,2.406611,182.9836,7.611624,32.43052,0.1707914,-1
141.492,2.406637,182.9837,7.513306,32.38209,0.2167389,-1
141.492,2.406583,182.9836,7.626109,32.39035,0.1189065,-1
141.492,2.406543,182.9836,7.739717,32.39585,0.04729621,-1
141.492,2.406579,182.9837,7.512625,32.33495,0.1126307,-1
141.492,2.406553,182.9837,7.648383,32.33282,0.06473704,-1
141.492,2.406589,182.9836,7.884689,32.47124,0.1288178,-1
141.492,2.406788,182.9837,7.326385,32.35287,0.4897074,-1
141.492,2.406793,182.9837,7.578548,32.30898,0.4975868,-1
141.492,2.406708,182.9837,7.679583,32.31047,0.345447,-1
141.492,2.406659,182.9837,7.597507,32.29677,0.256275,-1
141.4921,2.406562,182.9838,7.635591,32.09797,0.08093826,-1
141.492,2.406541,182.9837,7.680968,32.21017,0.04366897,-1
141.4921,2.406593,182.9838,7.539751,32.16986,0.1373502,-1
141.4921,2.406705,182.9838,7.520377,32.15904,0.3396932,-1
141.4921,2.406819,182.9838,7.588509,32.07911,0.5453105,-1
141.4921,2.406871,182.9838,7.645136,32.0855,0.6399622,-1
141.4921,2.406859,182.9838,7.571195,32.06551,0.6179026,-1
141.4921,2.406734,182.9839,7.614214,32.01949,0.3915538,-1
141.4921,2.406606,182.9838,7.626448,32.04424,0.1605103,-1
141.4921,2.406567,182.9839,7.654088,31.96359,0.08967084,-1
141.4921,2.406576,182.9839,7.609639,31.96848,0.1068678,-1
141.4921,2.406579,182.9839,7.579624,31.94882,0.1131025,-1
141.4921,2.406547,182.9839,7.596657,31.93028,0.05406354,-1
141.4921,2.406699,182.9839,7.53761,31.91449,0.3289796,-1
141.4922,2.406837,182.9839,7.540532,31.81863,0.5787194,-1
141.4922,2.406776,182.9839,7.613186,31.88293,0.4675693,-1
141.4922,2.406751,182.9839,7.539754,31.83102,0.4226689,-1
141.4922,2.406743,182.9839,7.555944,31.80952,0.4080776,-1
141.4922,2.406736,182.9839,7.583264,31.78252,0.3963105,-1
141.4922,2.40675,182.984,7.569099,31.75991,0.420756,-1
141.4922,2.40691,182.984,7.331821,31.63696,0.7104343,-1
141.4921,2.406584,182.9839,8.007873,31.93586,0.1206961,-1
141.4922,2.406629,182.9839,7.401465,31.8557,0.2025357,-1
141.4921,2.40659,182.9839,7.663211,31.90937,0.1314077,-1
141.4922,2.406577,182.9839,7.670307,31.8666,0.1087098,-1
141.4922,2.406579,182.9839,7.606854,31.87039,0.1127493,-1
141.4922,2.406577,182.9839,7.591106,31.84957,0.108368,-1
141.4922,2.406581,182.9839,7.603365,31.82497,0.1155474,-1
141.4922,2.406573,182.9839,7.604125,31.80617,0.1017193,-1
141.4922,2.406569,182.9839,7.611209,31.77949,0.09337993,-1
141.4922,2.406568,182.9839,7.557773,31.75396,0.09164323,-1
141.4922,2.406539,182.9839,7.668216,31.72182,0.0397867,-1
141.4922,2.406726,182.984,7.434409,31.63502,0.3782529,-1
141.4922,2.406809,182.984,7.6523,31.67306,0.5280108,-1
141.4922,2.406859,182.984,7.651351,31.66883,0.6180725,-1
141.4922,2.406893,182.984,7.532777,31.63728,0.6791217,-1
141.4922,2.40688,182.9841,7.650466,31.61135,0.6553434,-1
141.4922,2.406905,182.9841,7.672146,31.56256,0.7011027,-1
141.4923,2.406914,182.9841,7.637424,31.5513,0.7174473,-1
141.4922,2.406784,182.9841,7.753186,31.57735,0.4819475,-1
141.4923,2.406838,182.9841,7.448337,31.43098,0.5797109,-1
141.4923,2.406767,182.9841,7.815524,31.49255,0.4522386,-1
141.4923,2.406839,182.9841,7.660891,31.4808,0.5811669,-1
141.4923,2.406873,182.9842,7.760779,31.39762,0.6428628,-1
141.4923,2.406834,182.9841,7.801876,31.45073,0.5729825,-1
141.4923,2.406812,182.9842,7.75179,31.34726,0.5322945,-1
141.4923,2.406759,182.9842,7.782865,31.32861,0.4374677,-1
141.4923,2.406712,182.9842,7.824429,31.28526,0.3513787,-1
141.4923,2.406711,182.9842,7.781298,31.27161,0.3503929,-1
141.4923,2.406709,182.9842,7.790282,31.23985,0.3469092,-1
141.4923,2.406734,182.9842,7.74308,31.24116,0.3919977,-1
141.4923,2.406698,182.9842,7.797516,31.27026,0.3271599,-1
141.4923,2.406714,182.9842,7.809136,31.22603,0.3558498,-1
141.4924,2.406709,182.9843,7.858642,31.1554,0.3467979,-1
141.4924,2.406704,182.9843,7.859004,31.13853,0.3385508,-1
141.4924,2.406799,182.9843,7.723193,31.07009,0.5098403,-1
141.4924,2.406824,182.9843,7.865204,31.07967,0.5541429,-1
141.4924,2.406926,182.9843,7.724736,31.10787,0.73838,-1
141.4924,2.406845,182.9843,7.464555,31.04552,0.5925391,-1
141.4925,2.40688,182.9844,8.082068,30.81737,0.6563455,-1
141.4925,2.406966,182.9844,7.822422,30.89381,0.8111226,-1
141.4925,2.406836,182.9844,7.870944,30.85196,0.5761741,-1
141.4925,2.406775,182.9844,7.84359,30.79927,0.4658303,-1
141.4925,2.406726,182.9844,7.8518,30.78126,0.3777735,-1
141.4925,2.406699,182.9844,7.902952,30.7913,0.3289335,-1
141.4925,2.406704,182.9844,7.846875,30.77205,0.3379326,-1
141.4925,2.406704,182.9845,7.868792,30.73341,0.3377908,-1
141.4925,2.406719,182.9845,7.878587,30.7107,0.3655948,-1
141.4925,2.406764,182.9845,7.904886,30.69707,0.4463283,-1
141.4925,2.406859,182.9845,7.778159,30.68129,0.6188667,-1
141.4925,2.406876,182.9845,7.772288,30.69086,0.6483968,-1
141.4925,2.406892,182.9845,7.736195,30.59909,0.6783612,-1
141.4925,2.406847,182.9845,7.858757,30.62886,0.5973635,-1
141.4925,2.406853,182.9846,7.851807,30.5817,0.6073594,-1
141.4925,2.406878,182.9846,7.818635,30.56736,0.6518424,-1
141.4925,2.406899,182.9846,7.786346,30.58938,0.6908598,-1
141.4926,2.406903,182.9846,7.639884,30.54014,0.6980107,-1
141.4926,2.406807,182.9846,7.847524,30.48616,0.5247564,-1
141.4926,2.40674,182.9846,8.046208,30.38594,0.4030659,-1
141.4925,2.406716,182.9846,7.904598,30.55047,0.3605623,-1
141.4926,2.406865,182.9846,7.651134,30.52932,0.6280296,-1
141.4926,2.406857,182.9846,7.954307,30.50193,0.6147408,-1
141.4926,2.406935,182.9846,7.817432,30.55587,0.755885,-1
141.4926,2.406896,182.9846,7.816968,30.52394,0.6841037,-1
141.4926,2.406873,182.9846,7.788143,30.51929,0.6439215,-1
141.4926,2.406838,182.9846,7.84425,30.47626,0.579529,-1
141.4926,2.406811,182.9846,7.861158,30.47359,0.53206,-1
141.4926,2.406829,182.9846,7.850923,30.45995,0.5643817,-1
141.4926,2.406854,182.9846,7.845429,30.44465,0.6086187,-1
141.4926,2.406883,182.9846,7.82779,30.42778,0.6618394,-1
141.4926,2.406867,182.9846,7.864112,30.4118,0.6320522,-1
141.4926,2.406851,182.9846,7.857871,30.39732,0.603501,-1
141.4926,2.406882,182.9846,7.814023,30.38725,0.6597337,-1
141.4926,2.406793,182.9846,7.929022,30.33367,0.4982363,-1
141.4926,2.406742,182.9846,7.756499,30.4327,0.4067954,-1
141.4926,2.406778,182.9846,7.866606,30.34086,0.4710192,-1
141.4926,2.406826,182.9846,7.917098,30.40406,0.5589076,-1
141.4926,2.406962,182.9846,7.770458,30.36693,0.8036067,-1
141.4926,2.407016,182.9847,7.798429,30.35277,0.9020942,-1
141.4926,2.406989,182.9846,7.751373,30.40637,0.8518749,-1
141.4926,2.406916,182.9846,7.810965,30.38291,0.7211453,-1
141.4926,2.40685,182.9846,7.851418,30.42588,0.6021971,-1
141.4926,2.406854,182.9846,7.804055,30.36027,0.6087584,-1
141.4926,2.406835,182.9846,7.861632,30.38102,0.5740681,-1
141.4926,2.406831,182.9846,7.870355,30.36956,0.5666807,-1
141.4926,2.406849,182.9846,7.837768,30.37466,0.5992961,-1
141.4926,2.40687,182.9846,7.80107,30.36931,0.6371519,-1
141.4926,2.406892,182.9847,7.669941,30.231,0.6779282,-1
141.4926,2.406813,182.9846,7.942391,30.36856,0.5353976,-1
141.4926,2.406873,182.9846,7.791066,30.35595,0.6434657,-1
141.4926,2.40684,182.9847,7.877379,30.32544,0.583406,-1
141.4926,2.406878,182.9846,7.830261,30.34393,0.6518754,-1
141.4926,2.406898,182.9846,7.884,30.38034,0.6896198,-1
141.4926,2.406987,182.9846,7.820084,30.39646,0.8502564,-1
141.4926,2.407124,182.9847,7.636943,30.3251,1.096101,-1
141.4926,2.407002,182.9847,8.010681,30.31497,0.8767395,-1
141.4927,2.40694,182.9848,7.939445,30.12492,0.7642748,-1
141.4926,2.40688,182.9847,8.109738,30.28292,0.6574013,-1
141.4926,2.407093,182.9847,7.579821,30.29324,1.04077,-1
141.4926,2.406882,182.9846,7.89583,30.43036,0.6600438,-1
141.4926,2.406864,182.9847,8.074734,30.32014,0.6282644,-1
141.4926,2.406816,182.9846,7.832533,30.44998,0.5394343,-1
141.4926,2.406829,182.9846,7.916774,30.3391,0.5647677,-1
141.4926,2.406864,182.9846,7.902181,30.36478,0.6266786,-1
141.4926,2.406934,182.9846,7.805535,30.36297,0.7544308,-1
141.4926,2.406944,182.9847,7.854933,30.35511,0.772058,-1
141.4926,2.406944,182.9847,7.894414,30.34175,0.7716889,-1
141.4926,2.406909,182.9847,7.904815,30.32624,0.7090032,-1
141.4926,2.406898,182.9847,7.853447,30.34628,0.6892049,-1
141.4926,2.406858,182.9847,7.835961,30.32213,0.6169409,-1
141.4926,2.4068,182.9846,7.900749,30.38172,0.5108609,-1
141.4926,2.406809,182.9846,7.8797,30.34783,0.5269699,-1
141.4926,2.406861,182.9847,7.969446,30.32659,0.6221747,-1
141.4926,2.406966,182.9846,7.858718,30.40733,0.8117323,-1
141.4926,2.407024,182.9847,7.678612,30.28985,0.9165858,-1
141.4926,2.406896,182.9847,8.062289,30.27521,0.6858361,-1
141.4925,2.406843,182.9845,8.002751,30.61792,0.5895607,-1
141.4927,2.406856,182.9848,7.556425,30.12141,0.6113974,-1
141.4926,2.406673,182.9846,8.136822,30.32867,0.2825613,-1
141.4926,2.406803,182.9847,7.931131,30.26723,0.5173921,-1
141.4927,2.406917,182.9848,7.874874,30.134,0.7221501,-1
141.4926,2.406886,182.9847,8.024646,30.21583,0.6662422,-1
141.4926,2.406964,182.9847,7.980268,30.22388,0.8079532,-1
141.4927,2.407026,182.9848,7.768857,30.18627,0.9199387,-1
141.4926,2.406968,182.9847,7.896555,30.19588,0.814648,-1
141.4926,2.406895,182.9847,7.854642,30.26116,0.683812,-1
141.4926,2.406851,182.9847,7.7999,30.21448,0.6030033,-1
141.4926,2.40684,182.9847,7.913014,30.20841,0.5830757,-1
141.4926,2.406756,182.9847,7.984117,30.23151,0.4325577,-1
141.4926,2.406767,182.9847,7.940733,30.21703,0.4520027,-1
141.4926,2.406809,182.9847,7.926299,30.24149,0.5287709,-1
141.4926,2.406915,182.9847,7.840252,30.23732,0.7193389,-1
141.4926,2.406922,182.9847,7.881674,30.25986,0.7324291,-1
141.4926,2.406909,182.9847,7.928975,30.26927,0.7081677,-1
141.4926,2.40691,182.9847,7.909178,30.2362,0.7110288,-1
141.4926,2.406926,182.9847,7.815154,30.25299,0.7392228,-1
141.4926,2.406895,182.9847,7.863219,30.23721,0.6834186,-1
141.4926,2.406907,182.9847,7.933402,30.25007,0.704518,-1
141.4926,2.406896,182.9847,7.952338,30.24063,0.6850781,-1
141.4926,2.406902,182.9847,7.918865,30.24895,0.6958231,-1
141.4926,2.406896,182.9847,7.898869,30.28439,0.6855372,-1
141.4926,2.406891,182.9847,7.904714,30.22832,0.6760994,-1
141.4926,2.406843,182.9847,7.945697,30.28801,0.588877,-1
141.4926,2.406773,182.9847,7.951549,30.29519,0.4631533,-1
141.4926,2.40677,182.9847,7.944458,30.29085,0.4578055,-1
141.4926,2.406764,182.9847,7.933845,30.2889,0.4461492,-1
141.4926,2.406753,182.9847,7.968252,30.29288,0.4270939,-1
141.4926,2.40675,182.9846,7.972658,30.3103,0.4205389,-1
141.4926,2.406749,182.9846,7.96447,30.31516,0.4190656,-1
141.4926,2.406756,182.9846,7.955555,30.32285,0.4328874,-1
141.4926,2.406778,182.9846,7.928153,30.33101,0.4723229,-1
141.4926,2.406774,182.9846,7.924911,30.34021,0.4641944,-1
141.4926,2.406771,182.9846,7.894485,30.35497,0.459078,-1
141.4926,2.406776,182.9846,7.922994,30.38066,0.4677501,-1
141.4926,2.406843,182.9846,7.899676,30.40154,0.5900908,-1
141.4926,2.406911,182.9846,7.872844,30.41092,0.7117699,-1
141.4926,2.406938,182.9846,7.837609,30.44051,0.7614731,-1
141.4926,2.406931,182.9846,7.832738,30.45379,0.7482408,-1
141.4926,2.406902,182.9846,7.823229,30.45455,0.6958679,-1
141.4926,2.406871,182.9846,7.836814,30.4534,0.6399089,-1
141.4926,2.406834,182.9846,7.866862,30.43622,0.5733329,-1
141.4926,2.406754,182.9846,7.920261,30.43455,0.4276048,-1
141.4926,2.406727,182.9846,7.879304,30.44141,0.3797353,-1
141.4926,2.406725,182.9846,7.897211,30.44036,0.3762353,-1
141.4926,2.40672,182.9846,7.883673,30.45509,0.3663951,-1
141.4926,2.406722,182.9846,7.877223,30.46002,0.3702078,-1
141.4926,2.40669,182.9846,7.887684,30.49641,0.3133447,-1
141.4926,2.406728,182.9846,7.89308,30.51044,0.3805907,-1
141.4926,2.406773,182.9846,7.978885,30.47793,0.4634269,-1
141.4926,2.406901,182.9846,7.850952,30.56072,0.6942199,-1
141.4925,2.406927,182.9846,7.885722,30.59648,0.7401522,-1
141.4926,2.406904,182.9846,7.789126,30.50982,0.6996101,-1
141.4925,2.406715,182.9845,7.97641,30.64828,0.3585587,-1
141.4925,2.406712,182.9845,7.875698,30.59674,0.3523859,-1
141.4925,2.406691,182.9845,7.857966,30.62219,0.313933,-1
141.4925,2.406683,182.9845,7.874159,30.6333,0.3002119,-1
141.4925,2.406766,182.9845,7.831417,30.67195,0.4501027,-1
141.4925,2.406858,182.9845,7.770012,30.69407,0.6169955,-1
141.4925,2.40685,182.9845,7.822351,30.67607,0.6025923,-1
141.4925,2.406857,182.9845,7.820846,30.68822,0.6150135,-1
141.4925,2.406842,182.9845,7.858904,30.68901,0.5870506,-1
141.4925,2.406767,182.9845,7.864122,30.69945,0.4514026,-1
141.4925,2.406693,182.9845,7.851475,30.70808,0.318113,-1
141.4925,2.406666,182.9845,7.862049,30.72404,0.2686883,-1
141.4925,2.406665,182.9844,7.853801,30.73429,0.2674747,-1
141.4925,2.406655,182.9844,7.876554,30.74486,0.2499725,-1
141.4925,2.406668,182.9844,7.849978,30.76276,0.2726097,-1
141.4925,2.406669,182.9844,7.837276,30.78246,0.2749199,-1
141.4925,2.406672,182.9844,7.839453,30.80232,0.280846,-1
141.4925,2.406712,182.9844,7.830502,30.81267,0.3526255,-1
141.4925,2.406765,182.9844,7.814957,30.84366,0.4477661,-1
141.4925,2.406823,182.9844,7.805581,30.86759,0.551919,-1
141.4925,2.406849,182.9844,7.813276,30.88036,0.5994379,-1
141.4924,2.40685,182.9844,7.80288,30.89942,0.6022059,-1
141.4924,2.406879,182.9844,7.730064,30.90846,0.6545677,-1
141.4924,2.406827,182.9844,7.806911,30.91232,0.5612019,-1
141.4924,2.406781,182.9843,7.79791,30.98574,0.4764952,-1
141.4924,2.406714,182.9843,7.842303,30.93872,0.3569788,-1
141.4924,2.406679,182.9843,7.887685,30.96513,0.2930239,-1
141.4924,2.406697,182.9843,7.85649,30.98611,0.3251561,-1
141.4924,2.406697,182.9843,7.85649,30.98611,0.3251561,-1
141.4924,2.406697,182.9843,7.85649,30.98611,0.3251561,-1
141.4924,2.406681,182.9843,7.864862,30.96981,0.296023,-1
141.4924,2.406669,182.9843,7.862559,31.01742,0.2736053,-1
141.4924,2.406755,182.9843,7.831963,31.01322,0.4307593,-1
141.4924,2.406817,182.9843,7.828016,31.03941,0.5420827,-1
141.4924,2.406841,182.9843,7.845189,31.05056,0.5860055,-1
141.4924,2.406844,182.9843,7.836362,31.06499,0.5914244,-1
141.4924,2.406844,182.9843,7.787954,31.10505,0.5904703,-1
141.4924,2.40685,182.9843,7.817647,31.09529,0.6013963,-1
141.4924,2.406807,182.9843,7.809608,31.1089,0.5246819,-1
141.4924,2.406744,182.9843,7.86652,31.10231,0.4096795,-1
141.4924,2.406696,182.9843,7.919213,31.1419,0.3240042,-1
141.4924,2.40672,182.9843,7.881876,31.14064,0.3663882,-1
141.4924,2.406702,182.9843,7.870695,31.17058,0.3341962,-1
141.4923,2.406677,182.9842,7.880243,31.20866,0.2888415,-1
141.4923,2.406686,182.9842,7.875151,31.22408,0.3061843,-1
141.4923,2.406678,182.9842,7.879893,31.24125,0.2914953,-1
141.4923,2.406681,182.9842,7.869692,31.26803,0.2956136,-1
141.4923,2.406687,182.9842,7.874171,31.27531,0.307728,-1
141.4923,2.406711,182.9842,7.894684,31.29768,0.3503207,-1
141.4923,2.406763,182.9842,7.942479,31.30575,0.4449574,-1
141.4923,2.406852,182.9842,7.849474,31.35917,0.6061062,-1
141.4923,2.406842,182.9842,7.875686,31.35565,0.5884648,-1
141.4923,2.406846,182.9842,7.830418,31.392,0.5949723,-1
141.4923,2.406805,182.9841,7.873628,31.41539,0.520543,-1
141.4923,2.406813,182.9841,7.787252,31.4147,0.5352196,-1
141.4922,2.406659,182.9841,8.269264,31.52965,0.2571228,-1
141.4923,2.40676,182.9841,7.848495,31.4976,0.4387996,-1
141.4922,2.406768,182.9841,7.947821,31.58038,0.4529675,-1
141.4922,2.406885,182.9841,7.775698,31.61271,0.6650548,-1
141.4922,2.406869,182.984,7.88882,31.63697,0.6364634,-1
141.4922,2.406865,182.984,7.935368,31.65421,0.6285443,-1
141.4922,2.406964,182.9841,7.706031,31.57584,0.8073477,-1
141.4922,2.406862,182.984,8.019934,31.73035,0.6249076,-1
141.4922,2.406936,182.984,7.776178,31.78317,0.757231,-1
141.4922,2.406905,182.984,7.929036,31.77299,0.700931,-1
141.4922,2.406889,182.9839,7.876423,31.8522,0.6727954,-1
141.4922,2.406806,182.9839,7.880981,31.81676,0.5222751,-1
141.4922,2.406826,182.9839,7.818592,31.851,0.5572044,-1
141.4921,2.406861,182.9838,8.074732,32.22223,0.6220781,-1
141.4923,2.407126,182.9842,8.162273,31.4415,1.101037,-1
141.4923,2.406943,182.9841,7.764524,31.50977,0.7704296,-1
141.4922,2.406923,182.984,7.78582,31.66576,0.7339938,-1
141.4922,2.406769,182.9839,8.044805,31.86785,0.456166,-1
141.4922,2.406831,182.9839,7.822028,31.9264,0.5666943,-1
141.4922,2.406802,182.9839,7.851752,31.91748,0.5153329,-1
141.4921,2.406746,182.9839,8.110869,31.99545,0.4148732,-1
141.4921,2.406782,182.9839,7.958135,31.98068,0.4787552,-1
141.4922,2.406818,182.9839,7.745758,31.85876,0.5444134,-1
141.4921,2.406774,182.9839,7.974556,32.00396,0.4650611,-1
141.4921,2.406817,182.9838,7.993511,32.08933,0.5432532,-1
141.4921,2.406987,182.9839,7.483834,32.06906,0.8480259,-1
141.492,2.406629,182.9837,8.119814,32.30083,0.2024525,-1
141.4921,2.406668,182.9837,7.999505,32.20922,0.273884,-1
141.492,2.406721,182.9837,8.280855,32.3807,0.3696089,-1
141.492,2.406696,182.9837,8.257885,32.33257,0.3242571,-1
141.492,2.406719,182.9837,7.981716,32.30927,0.3656618,-1
141.492,2.406698,182.9836,8.112617,32.41574,0.3272259,-1
141.492,2.406799,182.9837,7.809768,32.29444,0.5088748,-1
141.492,2.406673,182.9836,8.214835,32.42526,0.2816887,-1
141.492,2.406733,182.9836,7.984782,32.45381,0.3911351,-1
141.492,2.406695,182.9836,8.032593,32.47622,0.3215442,-1
141.492,2.406686,182.9836,8.064105,32.50357,0.3054741,-1
141.492,2.406675,182.9836,8.062917,32.53569,0.2858956,-1
141.4919,2.406712,182.9836,7.966016,32.665,0.3518445,-1
141.4921,2.406997,182.9839,7.848634,31.98531,0.8671505,-1
141.4927,2.406444,182.9848,7.972662,29.90193,359.8687,-1
141.4959,2.414246,183.0032,25.54512,2.341418,15.52704,-1
141.4875,2.404158,183.0234,14.87131,313.8452,355.6257,-1
141.4934,2.410713,183.0148,32.68782,338.6614,8.963128,-1
141.4913,2.402985,183.0186,46.98829,319.1868,350.6865,-1
141.4791,2.411097,183.0291,32.98003,301.7971,9.823884,-1
141.4773,2.409411,183.0302,28.03765,295.5733,5.880709,-1
141.4901,2.408837,183.0204,30.93504,324.5598,4.848725,-1
141.493,2.410051,183.0158,75.76016,357.7516,26.67815,-1
141.4878,2.408289,183.0232,74.06032,326.7192,11.63373,-1
141.4876,2.400434,183.0226,29.32808,309.913,347.4055,-1
141.4861,2.40412,183.0247,21.11661,309.8024,355.3942,-1
141.4954,2.404688,183.0107,343.8576,342.9628,356.5883,-1
141.4966,2.40373,183.0051,313.157,357.6449,352.6854,-1
141.4961,2.403539,183.0075,308.3789,354.6766,351.3776,-1
141.4963,2.40765,183.007,320.3716,347.1471,2.633466,-1
141.4956,2.409965,183.0093,330.6304,340.9478,7.101898,-1
141.4957,2.410749,183.0086,340.7681,343.0717,8.052094,-1
141.4955,2.41043,183.0096,353.2998,342.9897,7.072251,-1
141.4952,2.408226,183.0111,3.122016,341.2704,3.066214,-1
141.4946,2.407256,183.0128,7.071774,338.0114,1.332741,-1
141.4941,2.406416,183.0139,9.026136,335.7204,359.8162,-1
141.4935,2.407471,183.0152,12.10617,333.5745,1.747763,-1
141.4936,2.407612,183.0151,14.85474,333.8997,2.028308,-1
141.494,2.407577,183.0141,16.99186,336.045,1.984989,-1
141.4942,2.410874,183.0129,17.8574,340.0019,8.224556,-1
141.4935,2.415679,183.0119,17.47664,344.0809,17.4666,-1
141.493,2.406365,183.0162,16.28724,331.0471,359.7164,-1
141.4914,2.403123,183.0185,15.95702,324.3565,353.6661,-1
141.4898,2.403144,183.0207,17.52322,319.2603,353.6531,-1
141.4919,2.409217,183.0179,17.2787,329.0447,5.070345,-1
141.493,2.409616,183.0159,9.080103,332.5783,5.628582,-1
141.4923,2.406887,183.0175,1.486996,328.5938,0.6620192,-1
141.4928,2.406831,183.0166,359.0284,330.4016,0.5620947,-1
141.493,2.408045,183.0161,2.454153,331.3737,2.738554,-1
141.4933,2.407309,183.0157,4.278103,332.3993,1.422061,-1
141.4935,2.407273,183.0153,6.463031,333.2038,1.3624,-1
141.4935,2.40715,183.0153,7.72701,333.287,1.144024,-1
141.4937,2.407997,183.0147,9.146346,334.6518,2.684833,-1
141.4945,2.408206,183.0129,9.64321,338.1471,3.068178,-1
141.4955,2.40938,183.0099,7.847507,344.0622,5.18192,-1
141.4955,2.410529,183.0095,7.725513,345.0995,7.268099,-1
141.4953,2.407602,183.0109,11.13076,341.8923,1.980972,-1
141.495,2.407339,183.0117,10.85871,340.3165,1.499602,-1
141.4951,2.406713,183.0117,11.66035,340.231,0.3572886,-1
141.495,2.406312,183.0119,9.065824,339.5602,359.6293,-1
141.4949,2.405944,183.0121,7.355359,339.0652,358.9664,-1
141.4937,2.407275,183.0149,6.983522,333.9842,1.366697,-1
141.4946,2.40719,183.0128,7.200373,338.0844,1.215184,-1
141.4954,2.406123,183.0107,6.901909,341.977,359.2883,-1
141.4948,2.407122,183.0122,9.345834,339.2016,1.097569,-1
141.4928,2.407419,183.0166,8.705276,330.6366,1.634606,-1
141.4941,2.406744,183.014,8.563574,335.6575,0.4114144,-1
141.4934,2.406875,183.0155,7.957922,332.6349,0.646727,-1
141.4933,2.409223,183.0154,7.994235,333.3852,4.899323,-1
141.4937,2.408005,183.0147,8.595368,334.5809,2.695622,-1
141.4943,2.405053,183.0134,4.888008,336.5385,357.3679,-1
141.4945,2.405154,183.013,3.487557,337.3351,357.5549,-1
141.4946,2.405669,183.0129,4.724967,337.5795,358.4761,-1
141.4947,2.404771,183.0126,5.790955,338.0463,356.8571,-1
141.4955,2.404393,183.0103,2.680356,342.5825,356.1907,-1
141.4954,2.406447,183.0106,3.124228,342.2306,359.8755,-1
141.4948,2.407272,183.0124,2.069231,338.8014,1.352473,-1
141.4946,2.407101,183.0129,4.556097,337.7661,1.04835,-1
141.4949,2.405817,183.012,4.657575,339.4766,358.7413,-1
141.4947,2.406119,183.0126,6.052236,338.2583,359.2829,-1
141.4943,2.405522,183.0135,6.079872,336.3132,358.2079,-1
141.4948,2.406595,183.0123,5.947394,338.8544,0.1400575,-1
141.4943,2.406265,183.0136,3.198834,336.4112,359.5472,-1
141.4944,2.406377,183.0134,3.640227,336.7003,359.7491,-1
141.494,2.406509,183.0143,3.426204,335.0542,359.9864,-1
141.4941,2.406545,183.0141,4.196955,335.4575,0.05081002,-1
141.4944,2.406213,183.0134,4.774524,336.6617,359.4539,-1
141.4937,2.406964,183.015,3.217915,333.7782,0.8019968,-1
141.4932,2.407666,183.0159,1.276922,331.8698,2.057659,-1
141.4934,2.4073,183.0155,1.863325,332.7181,1.403991,-1
141.4938,2.407179,183.0147,1.230952,334.2364,1.185709,-1
141.4939,2.407297,183.0145,0.9087626,334.6401,1.396139,-1
141.4939,2.407023,183.0144,0.9746691,334.7674,0.9062575,-1
234.9197,2.406905,326.0791,359.7762,334.3673,0.6948754,-1
234.92,2.406802,326.0785,3.077153,335.4873,0.5111079,-1
234.9222,2.407275,326.0714,4.273855,349.1177,1.360845,-1
234.9218,2.406861,326.0571,5.132803,14.73948,0.6184466,-1
234.9157,2.405522,326.0451,5.071683,38.90572,358.2112,-1
234.9085,2.40524,326.0386,6.044892,56.29636,357.7001,-1
234.9051,2.405929,326.0366,8.310568,63.3442,358.9353,-1
234.8987,2.408369,326.0343,8.239414,76.19964,3.351941,-1
234.8907,2.407908,326.0333,8.088033,90.59345,2.516438,-1
234.8802,2.408376,326.0351,10.05564,110.1043,3.38215,-1
234.8708,2.40979,326.0406,9.54905,130.1013,5.953661,-1
234.8662,2.409147,326.045,10.80475,141.5803,4.798852,-1
234.8908,1.031517,326.0652,0,15.00002,0,exit0
234.8621,2.40804,326.0512,10.18313,154.4386,2.772246,-1
234.8599,2.409043,326.0576,8.923348,166.8657,4.583654,-1
234.8627,2.407256,326.0371,9.06089,173.9397,1.339768,-1
234.8648,2.407307,326.0179,8.047783,178.3313,1.428611,-1
234.8697,2.407679,325.7177,7.927054,182.819,2.101024,-1
234.8697,2.406957,325.7143,8.682572,181.9709,0.796345,-1
234.8693,2.406957,325.7025,8.682572,181.9709,0.796345,-1
234.8304,2.406957,324.5782,8.682572,181.9709,0.796345,-1
234.8165,2.406831,323.6208,9.384495,178.6633,0.5694095,-1
234.8319,2.406684,323.0945,9.231928,178.0082,0.3035505,-1
234.8562,2.406684,322.3999,9.231928,178.0082,0.3035505,-1
234.9388,2.403318,320.0128,11.02999,178.6782,0.2855907,-1
234.9888,2.406357,316.5737,12.57041,180.0427,359.7057,-1
234.9903,2.405807,312.6563,11.74235,179.4928,358.7022,-1
235.0268,2.405856,309.0186,11.91717,179.6485,358.7905,-1
235.0422,2.405482,305.6577,18.92019,179.9079,358.0401,-1
235.044,2.405124,302.1888,14.46603,180.8664,357.4228,-1
234.976,2.404321,298.8541,9.738743,182.1337,357.1011,-1
234.8586,2.40467,295.7498,8.6217,182.689,356.6535,-1
234.7073,2.397558,293.0542,8.722594,184.0622,356.2995,-1
234.5239,2.404598,290.3925,9.238265,184.1291,356.5164,-1
234.2815,2.404166,287.0775,10.80541,184.397,356.3719,-1
233.9725,2.404338,283.3682,11.65325,186.0343,356.0134,-1
233.5523,2.404486,279.2128,11.50245,185.7505,356.2866,-1
233.1579,2.40471,274.9251,11.33705,184.01,356.6978,-1
232.8965,2.405036,270.6248,10.61092,181.3309,357.3017,-1
232.8258,2.405396,267.2498,9.680907,180.5055,357.9637,-1
232.8268,2.405621,266.249,8.100372,175.8947,358.3785,-1
232.8869,2.405792,265.7756,7.715841,164.9693,358.6895,-1
233.1757,2.406112,264.9004,7.969975,150.6302,359.2681,-1
233.4104,1.031374,264.5706,0,15.00002,0,enter1
233.4577,2.400712,264.4418,7.821621,137.8254,2.006522,-1
233.4627,2.400354,264.4358,6.490238,130.3407,1.964707,-1
233.4652,2.39947,264.434,7.283866,124.6036,0.3768333,-1
233.4669,2.397481,264.4329,8.111753,120.5407,356.7791,-1
233.4684,2.399113,264.432,8.184678,117.6217,359.7306,-1
233.4696,2.400955,264.4314,8.607695,115.8123,3.06765,-1
233.4709,2.40228,264.431,11.7278,113.9642,5.528909,-1
233.4729,2.402813,264.4303,15.35892,110.8261,6.609189,-1
233.4723,2.400685,264.4303,9.252015,110.5723,2.583571,-1
233.4695,2.399184,264.4315,5.67861,115.6366,359.8594,-1
233.4702,2.398867,264.4311,7.648399,114.0608,359.2874,-1
233.4698,2.398943,264.4313,7.540582,114.9281,359.4253,-1
233.4833,1.024262,264.4603,0,15.00002,0,exit1
233.6678,2.406346,264.3433,7.908511,114.2221,359.6913,-1
235.4435,2.40645,263.551,10.03429,114.1392,359.878,-1
238.4879,2.406514,262.1497,11.87077,116.067,-0.005430013,-1
242.2368,2.401983,260.2178,11.90407,119.3991,359.4904,-1
245.6561,2.405206,258.1702,11.26062,125.352,357.6068,-1
248.6903,2.405101,256.0119,11.48972,124.4048,357.4115,-1
251.7444,2.399161,253.956,11.1335,123.2321,357.2783,-1
255.2401,2.404803,251.658,11.14991,123.141,356.8712,-1
258.4965,2.404603,249.5154,11.45147,123.952,356.5005,-1
261.5595,2.404777,247.4599,11.50821,123.574,356.8183,-1
264.8384,2.404776,245.2811,11.27531,123.7271,356.82,-1
267.988,2.397929,243.2225,11.11239,122.4163,357.7024,-1
271.2603,2.405451,241.1707,11.19168,121.4859,358.0533,-1
274.4374,2.403699,239.2426,11.17038,120.8509,358.0475,-1
277.6112,2.396876,237.3711,10.15829,119.9633,358.6936,-1
280.7097,2.405887,235.6016,9.552056,119.3565,358.8557,-1
283.2834,2.397574,234.1313,8.986726,120.8905,0.8946029,-1
284.5017,2.404432,233.4292,8.223545,117.0108,2.628812,-1
285.1788,2.406479,233.0879,7.540174,114.3171,2.225044,-1
285.2328,1.025615,233.0981,0,15.00002,0,enter2
285.2762,2.408344,233.0432,6.935905,107.8592,3.297109,-1
285.2841,2.409446,233.0419,6.429226,93.83965,5.285321,-1
285.2943,2.410388,233.0431,5.598641,75.29397,6.981688,-1
285.3047,2.407862,233.0479,6.121365,54.12726,2.423306,-1
285.3118,2.407397,233.0549,6.926624,36.13867,1.586771,-1
285.3149,2.407599,233.0602,7.300269,25.23959,1.953405,-1
285.3178,2.407487,233.0717,9.806131,3.826994,1.76319,-1
285.3178,2.407976,233.0747,10.36699,358.7339,2.656882,-1
285.3177,2.407457,233.0774,8.11987,353.6231,1.701004,-1
285.3176,2.406234,233.0782,7.265682,351.9161,359.4891,-1
285.3175,2.407252,233.0786,7.020366,351.4807,1.325926,-1
285.3174,2.408081,233.0792,7.39021,350.4881,2.82497,-1
285.2859,1.031517,233.0737,0,15.00002,0,exit2
285.3173,2.407006,233.0799,7.7356,348.9661,0.8828026,-1
285.3175,2.405567,233.0787,7.305168,350.8836,358.2852,-1
285.2798,2.397468,233.2812,8.953284,348.8569,359.1269,-1
285.0034,2.405255,234.7325,10.77195,350.1943,357.7001,-1
284.5374,2.405452,237.4502,10.71903,350.7592,358.0593,-1
283.9796,2.405371,240.7046,10.89492,350.9881,357.909,-1
283.4842,2.405395,243.9092,11.09148,351.9283,357.9516,-1
283.0143,2.405138,247.344,11.26079,352.2648,357.4811,-1
282.542,2.40491,250.8292,11.67438,352.5557,357.06,-1
282.0967,2.404773,254.2279,12.20546,352.6012,356.8025,-1
281.6524,2.404715,257.7175,12.2437,352.7479,356.6974,-1
281.1864,2.404635,261.3964,11.79655,352.7647,356.5555,-1
280.7402,2.404448,265.0509,10.6459,353.5224,356.2282,-1
280.3476,2.40284,268.5632,10.49291,353.7043,356.6296,-1
279.9673,2.404799,271.9331,11.07151,353.099,356.8641,-1
279.5344,2.404539,275.4128,12.03892,352.4775,356.9927,-1
279.0123,2.404737,279.2096,12.42716,351.4183,356.7335,-1
278.4084,2.401681,283.0919,12.3259,350.6181,357.0085,-1
277.7534,2.404978,287.0653,12.63374,350.6534,357.175,-1
277.0496,2.405023,291.3231,12.68708,350.6563,357.2571,-1
276.371,2.405097,295.5082,12.69812,351.0825,357.393,-1
275.7059,2.405195,299.7419,12.64236,351.2646,357.5729,-1
275.0756,2.405342,303.8199,12.479,351.0859,357.844,-1
274.4301,2.405573,307.9034,12.36468,350.9045,358.2695,-1
273.8519,2.405771,311.5309,12.13849,351.0897,358.6464,-1
273.351,2.40599,314.721,11.60116,351.1039,359.0376,-1
272.8865,2.406085,317.7103,11.21786,351.5348,359.2115,-1
272.5382,2.403792,320.0406,11.72814,352.1131,358.8154,-1
272.3343,2.406018,321.5018,11.45867,352.0765,359.0876,-1
272.2602,1.031517,321.8022,0,15.00002,0,enter0
