*Subject
5
*Layout
3
*Condition
True,True,True,True,True
*Marks
175.1909,0,204.9311
233.0221,0,220.9121
248.0963,0,278.9863
*Path
x,y,z,flag
138.3125,2.407266,242.3127,346.3037,327.9211,1.38018,-1
138.2954,2.407325,242.3401,345.1568,328.2337,1.496999,-1
138.2956,2.407682,242.3397,344.0176,328.8927,2.171373,-1
138.2957,2.407773,242.3395,344.5846,329.1794,2.334628,-1
138.2957,2.407593,242.3395,344.5934,329.4035,1.998421,-1
138.2957,2.407726,242.3394,344.7007,329.3698,2.244696,-1
138.2957,2.40782,242.3394,345.2127,329.4393,2.413031,-1
138.2957,2.4081,242.3395,345.6027,329.1177,2.92752,-1
138.2959,2.407959,242.3391,346.0328,329.943,2.661394,-1
138.2959,2.407922,242.3391,345.7687,329.9674,2.596873,-1
138.2959,2.407927,242.3391,345.5758,329.9993,2.606373,-1
138.2959,2.407991,242.3391,345.4546,329.9191,2.727443,-1
138.2959,2.40804,242.3391,345.1779,329.9999,2.821849,-1
138.2959,2.408038,242.3391,345.2171,330.0606,2.817955,-1
138.2961,2.407867,242.3388,345.3333,330.5721,2.49946,-1
138.2961,2.407839,242.3389,345.2863,330.4813,2.447738,-1
138.2961,2.407884,242.3388,345.4963,330.5952,2.529434,-1
138.2961,2.407995,242.3388,345.5453,330.546,2.73401,-1
138.2961,2.407948,242.3388,345.2383,330.632,2.651587,-1
138.2961,2.4081,242.3388,345.1122,330.5679,2.934378,-1
138.2961,2.408334,242.3388,344.9869,330.3857,3.370826,-1
138.296,2.408823,242.3388,345.6083,330.1686,4.267389,-1
138.2961,2.408946,242.3387,345.6727,330.2646,4.493803,-1
138.2962,2.408887,242.3386,345.3488,330.6124,4.389598,-1
138.2962,2.408803,242.3385,344.4771,330.6628,4.250945,-1
138.293,2.402723,242.3432,335.82,324.6917,352.5324,-1
138.2925,2.400345,242.3431,334.4199,326.5395,347.6523,-1
138.2928,2.400107,242.3427,335.1167,327.5608,347.2443,-1
138.2926,2.400135,242.343,334.9033,326.9042,347.278,-1
138.2929,2.39986,242.3425,334.6487,328.359,346.6905,-1
138.2931,2.399813,242.3422,334.6624,329.0006,346.5977,-1
138.2931,2.399879,242.3423,334.68,328.7882,346.7327,-1
138.2932,2.40016,242.3422,334.3118,328.86,347.264,-1
138.2932,2.400194,242.3422,334.3845,328.8659,347.3419,-1
138.2933,2.400358,242.3422,334.5918,328.7356,347.6973,-1
138.2933,2.400403,242.3422,334.6231,328.7534,347.7919,-1
138.2933,2.40041,242.3421,334.6924,328.836,347.8118,-1
138.2934,2.40033,242.342,334.7568,329.015,347.6577,-1
138.2934,2.400321,242.342,334.3946,329.2016,347.6006,-1
138.2936,2.400815,242.3418,336.5175,328.904,348.797,-1
138.297,2.40511,242.3371,358.8102,334.7394,357.4802,-1
138.2967,2.406621,242.3377,2.57881,333.4591,0.185473,-1
138.2955,2.406374,242.34,1.868952,328.9202,359.7432,-1
138.2948,2.406265,242.341,0.2162829,326.7872,359.5483,-1
138.2945,2.406082,242.3414,5.148359,325.7097,359.2176,-1
138.2941,2.405821,242.342,8.108418,324.4109,358.7411,-1
138.2931,2.405365,242.3434,8.41412,321.1194,357.9151,-1
138.2934,2.406377,242.3429,8.777895,322.4635,359.7456,-1
138.2932,2.406401,242.3433,6.326696,321.7067,359.7905,-1
138.2939,2.40573,242.3423,357.1045,323.9867,358.5891,-1
138.2939,2.405788,242.3423,356.8884,324.026,358.6925,-1
138.2948,2.406106,242.3411,357.8561,326.6167,359.2639,-1
138.2958,2.406212,242.3394,354.0994,330.2514,359.4514,-1
138.2957,2.406104,242.3395,352.2072,329.8985,359.2531,-1
138.2957,2.406073,242.3395,351.453,329.9684,359.196,-1
138.2957,2.405982,242.3396,351.1434,329.7905,359.0297,-1
138.2955,2.405978,242.3398,350.9087,329.3374,359.023,-1
138.2955,2.405848,242.3399,350.6068,329.1944,358.7848,-1
138.2953,2.405928,242.3401,351.0119,328.693,358.9315,-1
138.2952,2.405682,242.3404,351.1851,328.245,358.4857,-1
138.295,2.405934,242.3406,353.4167,327.6225,358.9484,-1
138.2945,2.40574,242.3415,354.5198,325.7727,358.6022,-1
138.2944,2.405651,242.3415,355.5902,325.7184,358.445,-1
138.2941,2.404349,242.3419,359.8013,324.782,356.1156,-1
138.2948,2.403532,242.3407,6.153237,326.6745,354.6153,-1
138.2954,2.405162,242.34,14.12851,328.273,357.4971,-1
138.2952,2.404772,242.3403,16.41665,327.2025,356.7417,-1
138.2947,2.405075,242.3411,17.94512,325.7089,357.2856,-1
138.2947,2.406261,242.3411,20.14007,326.2808,359.5112,-1
138.295,2.404793,242.3406,19.00099,326.4423,356.7336,-1
138.2966,2.403059,242.3375,17.3719,331.7616,353.4997,-1
138.2971,2.403293,242.3365,22.90687,333.2654,353.7209,-1
138.2973,2.403909,242.3361,30.36547,333.9284,354.58,-1
138.2968,2.403344,242.3372,30.84684,331.0631,353.368,-1
138.2967,2.402789,242.3373,30.53155,330.2187,352.2256,-1
138.2963,2.40061,242.3372,29.84527,327.8576,347.7122,-1
138.2929,2.395683,242.3404,31.74628,312.8754,336.539,-1
138.2859,2.399316,242.349,40.42967,293.6503,342.8038,-1
138.2716,2.411573,242.3548,63.32192,295.0859,20.60442,-1
138.259,2.416558,242.3524,47.62546,273.9623,27.74759,-1
138.2552,2.419404,242.3498,41.70769,266.9665,32.64531,-1
138.2459,2.409077,242.3464,70.42641,239.0445,13.81212,-1
138.2514,2.406787,242.3508,78.02777,241.0253,2.329383,-1
138.2532,2.405007,242.3517,79.01124,228.2014,345.672,-1
138.2529,2.406111,242.3516,90,241.7017,0,-1
138.254,2.407213,242.3522,90,243.971,0,-1
138.2555,2.407789,242.3528,87.00971,17.26789,130.3437,-1
138.2555,2.407973,242.3528,87.08288,3.443151,116.6112,-1
138.2555,2.408051,242.3528,86.98929,1.072437,114.1019,-1
138.2556,2.408088,242.3529,86.85764,3.55371,116.4324,-1
138.2557,2.40811,242.3529,86.82751,3.162055,115.9219,-1
138.2558,2.408139,242.3529,86.8147,1.621783,114.2143,-1
138.2558,2.408171,242.353,86.73865,2.239408,114.6841,-1
138.2559,2.408338,242.353,86.54866,356.7353,109.0408,-1
138.2559,2.408359,242.353,86.48988,357.7023,109.9602,-1
138.256,2.408374,242.353,86.45,358.218,110.4332,-1
138.256,2.408388,242.353,86.42286,358.2625,110.4404,-1
138.256,2.408404,242.353,86.39196,358.2706,110.4121,-1
138.256,2.408418,242.353,86.36294,358.4419,110.5483,-1
138.256,2.408428,242.3531,86.33638,358.7694,110.8348,-1
138.256,2.408422,242.3531,86.33553,359.2601,111.2987,-1
138.2561,2.40836,242.3531,86.44152,359.9607,111.943,-1
138.2562,2.408299,242.3531,86.59751,358.3751,110.1935,-1
138.2561,2.408241,242.3531,86.70296,358.599,110.4739,-1
138.2561,2.408185,242.3531,86.80586,358.8494,110.7294,-1
138.2561,2.408131,242.3531,86.91358,358.614,110.5087,-1
138.2561,2.408086,242.3531,87.00461,358.3534,110.2754,-1
138.2561,2.408043,242.3531,87.08879,358.1816,110.1214,-1
138.2561,2.408,242.3531,87.16953,358.3076,110.2721,-1
138.2561,2.407964,242.3531,87.23417,358.4391,110.4333,-1
138.256,2.407936,242.3531,87.2879,358.3835,110.4063,-1
138.256,2.407908,242.3531,87.33913,358.4734,110.5061,-1
138.256,2.407887,242.3531,87.37714,358.6224,110.6644,-1
138.2561,2.40787,242.3531,87.42671,357.6342,109.6548,-1
138.256,2.407849,242.3531,90,247.976,0,-1
138.256,2.407834,242.3531,90,247.9684,0,-1
138.256,2.407819,242.3531,90,247.9619,0,-1
138.256,2.407804,242.3531,90,247.9574,0,-1
138.256,2.407795,242.3531,90,247.9538,0,-1
138.256,2.407781,242.3531,90,247.9603,0,-1
138.256,2.407768,242.3531,90,247.9672,0,-1
138.256,2.407761,242.3531,90,247.9711,0,-1
138.256,2.407753,242.3531,90,247.9759,0,-1
138.2561,2.407746,242.3531,90,247.9831,0,-1
138.2561,2.407743,242.3531,90,247.9949,0,-1
138.2561,2.407737,242.3531,90,248.002,0,-1
138.2561,2.407735,242.3531,90,248.004,0,-1
138.2561,2.407731,242.3531,90,248.0109,0,-1
138.2561,2.407724,242.3531,90,248.0197,0,-1
138.2561,2.407718,242.3531,90,248.032,0,-1
138.2561,2.407712,242.3531,90,248.0432,0,-1
138.2561,2.407708,242.3531,90,248.0454,0,-1
138.2561,2.407704,242.3531,90,248.0504,0,-1
138.2561,2.407702,242.3531,90,248.0551,0,-1
138.2561,2.407698,242.3531,90,248.0531,0,-1
138.2561,2.407695,242.3531,90,248.0595,0,-1
138.2561,2.407689,242.3531,90,248.0685,0,-1
138.2561,2.407686,242.3531,90,248.0796,0,-1
138.2561,2.407683,242.3531,90,248.0835,0,-1
138.2561,2.407686,242.3531,90,248.0842,0,-1
138.2561,2.407693,242.3531,90,248.0838,0,-1
138.2562,2.407673,242.3531,90,248.3187,0,-1
138.2563,2.407706,242.3532,90,248.5413,0,-1
138.2564,2.407754,242.3532,90,248.5808,0,-1
138.2564,2.40777,242.3532,90,248.5965,0,-1
138.2564,2.407768,242.3532,90,248.6195,0,-1
138.2564,2.407773,242.3532,90,248.6296,0,-1
138.2564,2.407774,242.3532,90,248.6405,0,-1
138.2564,2.407774,242.3532,90,248.6475,0,-1
138.2564,2.407776,242.3532,90,248.6603,0,-1
138.2564,2.407775,242.3532,90,248.6693,0,-1
138.2564,2.407775,242.3532,90,248.6825,0,-1
138.2564,2.407775,242.3532,90,248.6933,0,-1
138.2564,2.407774,242.3532,90,248.7056,0,-1
138.2564,2.407773,242.3532,90,248.7121,0,-1
138.2564,2.407773,242.3532,90,248.7144,0,-1
138.2564,2.407774,242.3532,90,248.7247,0,-1
138.2564,2.407773,242.3532,90,248.7344,0,-1
138.2565,2.407771,242.3532,90,248.7495,0,-1
138.2565,2.407773,242.3532,90,248.762,0,-1
138.2565,2.407774,242.3532,90,248.772,0,-1
138.2565,2.407773,242.3532,90,248.7802,0,-1
138.2565,2.407777,242.3532,90,248.7859,0,-1
138.2565,2.407779,242.3532,90,248.7942,0,-1
138.2565,2.40778,242.3533,90,248.8054,0,-1
138.2565,2.40778,242.3533,90,248.8199,0,-1
138.2565,2.407783,242.3533,90,248.823,0,-1
138.2565,2.407782,242.3533,90,248.8268,0,-1
138.2565,2.407783,242.3533,90,248.8327,0,-1
138.2565,2.407782,242.3533,90,248.8374,0,-1
138.2565,2.407782,242.3533,90,248.8437,0,-1
138.2565,2.407781,242.3533,90,248.8505,0,-1
138.2565,2.407783,242.3533,90,248.8642,0,-1
138.2565,2.407784,242.3533,90,248.8725,0,-1
138.2565,2.407782,242.3533,90,248.8873,0,-1
138.2565,2.40778,242.3533,90,248.8972,0,-1
138.2565,2.407776,242.3533,90,248.9129,0,-1
138.2565,2.407775,242.3533,90,248.9194,0,-1
138.2565,2.407776,242.3533,90,248.9321,0,-1
138.2566,2.407776,242.3533,90,248.9472,0,-1
138.2566,2.407773,242.3533,90,248.9589,0,-1
138.2566,2.407773,242.3533,90,248.9714,0,-1
138.2566,2.407775,242.3533,90,248.9793,0,-1
138.2566,2.407772,242.3533,90,248.9858,0,-1
138.2566,2.407773,242.3533,90,248.9988,0,-1
138.2566,2.407769,242.3533,90,249.0022,0,-1
138.2566,2.40777,242.3533,90,249.0096,0,-1
138.2566,2.407766,242.3533,90,249.0117,0,-1
138.2566,2.407772,242.3533,90,249.0168,0,-1
138.2566,2.407771,242.3533,90,249.0156,0,-1
138.2566,2.407773,242.3533,90,249.0273,0,-1
138.2566,2.407773,242.3533,90,249.0372,0,-1
138.2566,2.407774,242.3533,90,249.0404,0,-1
138.2566,2.407775,242.3533,90,249.0507,0,-1
138.2566,2.407773,242.3533,90,249.0566,0,-1
138.2566,2.407773,242.3533,90,249.0591,0,-1
138.2566,2.407775,242.3533,90,249.0653,0,-1
138.2566,2.407777,242.3533,90,249.07,0,-1
138.2566,2.407777,242.3533,90,249.0727,0,-1
138.2566,2.40778,242.3533,90,249.0783,0,-1
138.2566,2.407776,242.3533,90,249.0867,0,-1
138.2566,2.407773,242.3533,90,249.0903,0,-1
138.2566,2.407769,242.3533,90,249.0921,0,-1
138.2566,2.407765,242.3533,90,249.0941,0,-1
138.2566,2.407765,242.3533,90,249.0954,0,-1
138.2566,2.407762,242.3533,90,249.1046,0,-1
138.2567,2.407762,242.3533,90,249.1179,0,-1
138.2567,2.407763,242.3533,90,249.1262,0,-1
138.2567,2.407763,242.3533,90,249.1311,0,-1
138.2567,2.407763,242.3533,90,249.1393,0,-1
138.2567,2.407759,242.3533,90,249.1433,0,-1
138.2567,2.407759,242.3533,90,249.1564,0,-1
138.2567,2.407758,242.3533,90,249.1549,0,-1
138.2567,2.407761,242.3533,90,249.1606,0,-1
138.2567,2.40776,242.3533,90,249.1685,0,-1
138.2567,2.40776,242.3533,90,249.1741,0,-1
138.2567,2.407762,242.3533,90,249.18,0,-1
138.2567,2.40776,242.3533,90,249.1843,0,-1
138.2567,2.407758,242.3533,90,249.1895,0,-1
138.2567,2.407758,242.3533,90,249.1931,0,-1
138.2567,2.407759,242.3533,90,249.198,0,-1
138.2567,2.407761,242.3533,90,249.207,0,-1
138.2567,2.407763,242.3533,90,249.2145,0,-1
138.2567,2.407768,242.3533,90,249.2166,0,-1
138.2567,2.407771,242.3533,90,249.2175,0,-1
138.2567,2.407772,242.3533,90,249.2272,0,-1
138.2567,2.407772,242.3533,90,249.2321,0,-1
138.2567,2.407772,242.3533,90,249.2353,0,-1
138.2567,2.407772,242.3533,90,249.2425,0,-1
138.2567,2.407773,242.3533,90,249.2476,0,-1
138.2567,2.407775,242.3533,90,249.2519,0,-1
138.2567,2.407774,242.3533,90,249.2538,0,-1
138.2567,2.407774,242.3533,90,249.2566,0,-1
138.2567,2.407773,242.3533,90,249.2533,0,-1
138.2567,2.407773,242.3534,90,249.2581,0,-1
138.2567,2.407774,242.3534,90,249.2596,0,-1
138.2567,2.407776,242.3534,90,249.2658,0,-1
138.2567,2.407777,242.3534,90,249.2652,0,-1
138.2567,2.407779,242.3534,90,249.2681,0,-1
138.2567,2.407779,242.3534,90,249.2686,0,-1
138.2567,2.407777,242.3534,90,249.2672,0,-1
138.2567,2.407776,242.3534,90,249.2634,0,-1
138.2567,2.407774,242.3534,90,249.271,0,-1
138.2567,2.407773,242.3534,90,249.2687,0,-1
138.2567,2.407773,242.3534,90,249.2761,0,-1
138.2567,2.407773,242.3534,90,249.2789,0,-1
138.2567,2.407771,242.3534,90,249.284,0,-1
138.2567,2.407769,242.3534,90,249.2947,0,-1
138.2567,2.407767,242.3534,90,249.291,0,-1
138.2567,2.40777,242.3534,90,249.3021,0,-1
138.2567,2.407772,242.3534,90,249.3033,0,-1
138.2567,2.407771,242.3534,90,249.3098,0,-1
138.2567,2.407773,242.3534,90,249.3145,0,-1
138.2567,2.407774,242.3534,90,249.3149,0,-1
138.2567,2.407775,242.3534,90,249.3218,0,-1
138.2567,2.407774,242.3534,90,249.3158,0,-1
138.2567,2.407774,242.3534,90,249.3146,0,-1
138.2567,2.407773,242.3534,90,249.3205,0,-1
138.2567,2.407771,242.3534,90,249.3215,0,-1
138.2567,2.407774,242.3534,90,249.3209,0,-1
138.2567,2.407775,242.3534,90,249.3233,0,-1
138.2567,2.407777,242.3534,90,249.3209,0,-1
138.2567,2.407777,242.3534,90,249.3208,0,-1
138.2567,2.407777,242.3534,90,249.3231,0,-1
138.2567,2.407777,242.3534,90,249.3277,0,-1
138.2567,2.407773,242.3534,90,249.328,0,-1
138.2568,2.407775,242.3534,90,249.3302,0,-1
138.2568,2.407774,242.3534,90,249.3359,0,-1
138.2568,2.407773,242.3534,90,249.3334,0,-1
138.2567,2.407773,242.3534,90,249.3293,0,-1
138.2568,2.407771,242.3534,90,249.3313,0,-1
138.2567,2.407769,242.3534,90,249.3251,0,-1
138.2567,2.407772,242.3534,90,249.3243,0,-1
138.2567,2.40777,242.3534,90,249.3213,0,-1
138.2567,2.407771,242.3534,90,249.3245,0,-1
138.2568,2.407767,242.3534,90,249.3342,0,-1
138.2568,2.407767,242.3534,90,249.3358,0,-1
138.2568,2.40777,242.3534,90,249.3382,0,-1
138.2568,2.407771,242.3534,90,249.3452,0,-1
138.2568,2.40777,242.3534,90,249.3476,0,-1
138.2568,2.407771,242.3534,90,249.3448,0,-1
138.2568,2.407769,242.3534,90,249.3462,0,-1
138.2568,2.407767,242.3534,90,249.3467,0,-1
138.2568,2.407768,242.3534,90,249.3422,0,-1
138.2568,2.407766,242.3534,90,249.3362,0,-1
138.2568,2.407769,242.3534,90,249.333,0,-1
138.2568,2.407773,242.3534,90,249.3338,0,-1
138.2568,2.407773,242.3534,90,249.3321,0,-1
138.2568,2.407774,242.3534,90,249.3349,0,-1
138.2568,2.407772,242.3534,90,249.3335,0,-1
138.2567,2.407773,242.3534,90,249.3287,0,-1
138.2567,2.40777,242.3534,90,249.3248,0,-1
138.2567,2.407772,242.3534,90,249.3284,0,-1
138.2567,2.407774,242.3534,90,249.3288,0,-1
138.2567,2.407776,242.3534,90,249.3251,0,-1
138.2567,2.407777,242.3534,90,249.3212,0,-1
138.2567,2.407778,242.3534,90,249.3222,0,-1
138.2567,2.407777,242.3534,90,249.3193,0,-1
138.2567,2.407777,242.3534,90,249.3122,0,-1
138.2567,2.407777,242.3534,90,249.3018,0,-1
138.2567,2.407776,242.3534,90,249.2993,0,-1
138.2567,2.407777,242.3534,90,249.2936,0,-1
138.2567,2.407778,242.3534,90,249.2914,0,-1
138.2567,2.407776,242.3534,90,249.2861,0,-1
138.2567,2.407775,242.3534,90,249.2864,0,-1
138.2567,2.407771,242.3534,90,249.285,0,-1
138.2567,2.407768,242.3534,90,249.2868,0,-1
138.2567,2.407767,242.3534,90,249.2885,0,-1
138.2567,2.407769,242.3534,90,249.2915,0,-1
138.2567,2.407766,242.3534,90,249.2874,0,-1
138.2567,2.407764,242.3534,90,249.285,0,-1
138.2567,2.407763,242.3534,90,249.2788,0,-1
138.2567,2.407759,242.3534,90,249.2774,0,-1
138.2567,2.407759,242.3534,90,249.2781,0,-1
138.2567,2.407758,242.3534,90,249.2707,0,-1
138.2567,2.407762,242.3534,90,249.2753,0,-1
138.2567,2.407764,242.3534,90,249.2721,0,-1
138.2567,2.407765,242.3534,90,249.2759,0,-1
138.2567,2.407765,242.3534,90,249.275,0,-1
138.2567,2.407768,242.3534,90,249.2726,0,-1
138.2567,2.40777,242.3534,90,249.2693,0,-1
138.2567,2.407771,242.3534,90,249.2645,0,-1
138.2567,2.407774,242.3534,90,249.2623,0,-1
138.2567,2.407774,242.3534,90,249.2618,0,-1
138.2567,2.407776,242.3534,90,249.2599,0,-1
138.2567,2.407773,242.3533,90,249.2554,0,-1
138.2567,2.407773,242.3533,90,249.2545,0,-1
138.2567,2.407773,242.3533,90,249.2554,0,-1
138.2567,2.407775,242.3533,90,249.2535,0,-1
138.2567,2.407775,242.3533,90,249.2505,0,-1
138.2567,2.407771,242.3533,90,249.2473,0,-1
138.2567,2.407773,242.3533,90,249.2429,0,-1
138.2567,2.407772,242.3533,90,249.2397,0,-1
138.2567,2.407775,242.3533,90,249.2398,0,-1
138.2567,2.407777,242.3533,90,249.2381,0,-1
138.2567,2.407779,242.3533,90,249.2415,0,-1
138.2567,2.40778,242.3533,90,249.239,0,-1
138.2567,2.407778,242.3533,90,249.237,0,-1
138.2567,2.407776,242.3533,90,249.2298,0,-1
138.2567,2.407778,242.3533,90,249.2333,0,-1
138.2567,2.407774,242.3533,90,249.2299,0,-1
138.2567,2.407768,242.3533,90,249.2275,0,-1
138.2567,2.407754,242.3533,90,249.2234,0,-1
138.2567,2.407741,242.3533,90,249.2202,0,-1
138.2567,2.407738,242.3533,90,249.2203,0,-1
138.2567,2.407756,242.3533,90,249.2157,0,-1
138.2567,2.40776,242.3533,90,249.2138,0,-1
138.2567,2.407762,242.3533,90,249.2093,0,-1
138.2567,2.40776,242.3533,90,249.2031,0,-1
138.2567,2.407759,242.3533,90,249.2002,0,-1
138.2567,2.407763,242.3533,90,249.1957,0,-1
138.2567,2.407761,242.3533,90,249.1958,0,-1
138.2567,2.407759,242.3533,90,249.1903,0,-1
138.2567,2.407758,242.3533,90,249.1826,0,-1
138.2567,2.407759,242.3533,90,249.1792,0,-1
138.2567,2.40776,242.3533,90,249.1685,0,-1
138.2567,2.407763,242.3533,90,249.1613,0,-1
138.2567,2.40776,242.3533,90,249.1614,0,-1
138.2567,2.407757,242.3533,90,249.161,0,-1
138.2567,2.407755,242.3533,90,249.1577,0,-1
138.2567,2.407756,242.3533,90,249.1586,0,-1
138.2567,2.407754,242.3533,90,249.151,0,-1
138.2567,2.407757,242.3533,90,249.1445,0,-1
138.2567,2.407758,242.3533,90,249.1403,0,-1
138.2567,2.407758,242.3533,90,249.138,0,-1
138.2567,2.40776,242.3533,90,249.1314,0,-1
138.2567,2.407762,242.3533,90,249.1305,0,-1
138.2567,2.407763,242.3533,90,249.1221,0,-1
138.2567,2.407762,242.3533,90,249.1197,0,-1
138.2567,2.407761,242.3533,90,249.1127,0,-1
138.2566,2.407763,242.3533,90,249.1059,0,-1
138.2566,2.407759,242.3533,90,249.1003,0,-1
138.2566,2.407759,242.3533,90,249.0936,0,-1
138.2566,2.407762,242.3533,90,249.0888,0,-1
138.2566,2.40776,242.3533,90,249.0843,0,-1
138.2566,2.407759,242.3533,90,249.0785,0,-1
138.2566,2.407758,242.3533,90,249.0719,0,-1
138.2566,2.407758,242.3533,90,249.066,0,-1
138.2566,2.407757,242.3533,90,249.0548,0,-1
138.2566,2.407758,242.3533,90,249.0484,0,-1
138.2566,2.407757,242.3533,90,249.0422,0,-1
138.2566,2.407757,242.3533,90,249.043,0,-1
138.2566,2.407758,242.3533,90,249.0414,0,-1
138.2566,2.407763,242.3533,90,249.0348,0,-1
138.2566,2.407749,242.3533,90,249.0287,0,-1
138.2566,2.407748,242.3533,90,249.0264,0,-1
138.2566,2.407746,242.3533,90,249.0179,0,-1
138.2566,2.407757,242.3533,90,249.0144,0,-1
138.2566,2.407762,242.3533,90,249.0137,0,-1
138.2566,2.407759,242.3533,90,249.0119,0,-1
138.2566,2.407757,242.3533,90,249.004,0,-1
138.2566,2.407755,242.3533,90,248.9973,0,-1
138.2566,2.407756,242.3533,90,248.987,0,-1
138.2566,2.407756,242.3533,90,248.9758,0,-1
138.2566,2.407755,242.3533,90,248.9685,0,-1
138.2566,2.407757,242.3533,90,248.96,0,-1
138.2566,2.407757,242.3533,90,248.958,0,-1
138.2566,2.407757,242.3533,90,248.9525,0,-1
138.2566,2.407754,242.3533,90,248.9533,0,-1
138.2566,2.40775,242.3533,90,248.9459,0,-1
138.2566,2.407752,242.3533,90,248.9426,0,-1
138.2565,2.40775,242.3533,90,248.9321,0,-1
138.2565,2.407744,242.3533,90,248.9309,0,-1
138.2565,2.407744,242.3533,90,248.9256,0,-1
138.2565,2.407744,242.3533,90,248.9148,0,-1
138.2565,2.407748,242.3533,90,248.9121,0,-1
138.2565,2.407745,242.3533,90,248.9061,0,-1
138.2565,2.407749,242.3533,90,248.9002,0,-1
138.2565,2.407751,242.3533,90,248.8892,0,-1
138.2565,2.407752,242.3533,90,248.8891,0,-1
138.2565,2.407752,242.3533,90,248.8861,0,-1
138.2565,2.407751,242.3533,90,248.8843,0,-1
138.2565,2.407753,242.3533,90,248.875,0,-1
138.2565,2.407752,242.3533,90,248.8694,0,-1
138.2565,2.407751,242.3533,90,248.8634,0,-1
138.2565,2.407751,242.3533,90,248.8528,0,-1
138.2565,2.407744,242.3533,90,248.8434,0,-1
138.2565,2.407738,242.3533,90,248.8421,0,-1
138.2565,2.407737,242.3533,90,248.8385,0,-1
138.2565,2.407737,242.3533,90,248.8338,0,-1
138.2565,2.40775,242.3533,90,248.8294,0,-1
138.2565,2.407755,242.3533,90,248.8252,0,-1
138.2565,2.407755,242.3533,90,248.8214,0,-1
138.2565,2.407758,242.3533,90,248.8137,0,-1
138.2565,2.407758,242.3533,90,248.8042,0,-1
138.2565,2.407761,242.3533,90,248.7979,0,-1
138.2565,2.407762,242.3533,90,248.7984,0,-1
138.2565,2.407761,242.3532,90,248.7884,0,-1
138.2565,2.40776,242.3532,90,248.7767,0,-1
138.2565,2.407759,242.3532,90,248.7728,0,-1
138.2565,2.407758,242.3532,90,248.7672,0,-1
138.2565,2.407759,242.3532,90,248.7612,0,-1
138.2565,2.40776,242.3532,90,248.7548,0,-1
138.2565,2.407761,242.3532,90,248.7468,0,-1
138.2564,2.407758,242.3532,90,248.7369,0,-1
138.2564,2.407755,242.3532,90,248.7255,0,-1
138.2564,2.407753,242.3532,90,248.7199,0,-1
138.2564,2.407752,242.3532,90,248.7145,0,-1
138.2564,2.407753,242.3532,90,248.706,0,-1
138.2564,2.407752,242.3532,90,248.7066,0,-1
138.2564,2.407754,242.3532,90,248.7041,0,-1
138.2564,2.407754,242.3532,90,248.6989,0,-1
138.2564,2.407755,242.3532,90,248.691,0,-1
138.2564,2.407756,242.3532,90,248.6822,0,-1
138.2564,2.407754,242.3532,90,248.6782,0,-1
138.2564,2.407759,242.3532,90,248.6763,0,-1
138.2564,2.407758,242.3532,90,248.6727,0,-1
138.2564,2.407753,242.3532,90,248.6651,0,-1
138.2564,2.407756,242.3532,90,248.6628,0,-1
138.2564,2.407758,242.3532,90,248.6586,0,-1
138.2564,2.407756,242.3532,90,248.6543,0,-1
138.2564,2.407755,242.3532,90,248.6411,0,-1
138.2564,2.407753,242.3532,90,248.6366,0,-1
138.2564,2.40775,242.3532,90,248.6324,0,-1
138.2564,2.407751,242.3532,90,248.6306,0,-1
138.2564,2.407751,242.3532,90,248.6262,0,-1
138.2564,2.40775,242.3532,90,248.6206,0,-1
138.2564,2.407751,242.3532,90,248.6172,0,-1
138.2564,2.407755,242.3532,90,248.611,0,-1
138.2564,2.407754,242.3532,90,248.6069,0,-1
138.2564,2.407757,242.3532,90,248.6044,0,-1
138.2564,2.407756,242.3532,90,248.5995,0,-1
138.2564,2.407754,242.3532,90,248.5937,0,-1
138.2564,2.407753,242.3532,90,248.5918,0,-1
138.2564,2.407753,242.3532,90,248.5863,0,-1
138.2564,2.407757,242.3532,90,248.5719,0,-1
138.2563,2.40776,242.3532,90,248.5647,0,-1
138.2563,2.407762,242.3532,90,248.5581,0,-1
138.2563,2.407757,242.3532,90,248.5449,0,-1
138.2563,2.407758,242.3532,90,248.5338,0,-1
138.2563,2.407756,242.3532,90,248.527,0,-1
138.2563,2.407756,242.3532,90,248.5165,0,-1
138.2563,2.407752,242.3532,90,248.5099,0,-1
138.2563,2.407749,242.3532,90,248.5033,0,-1
138.2563,2.407749,242.3532,90,248.4991,0,-1
138.2563,2.40775,242.3532,90,248.496,0,-1
138.2563,2.407751,242.3532,90,248.4952,0,-1
138.2563,2.407752,242.3532,90,248.4928,0,-1
138.2563,2.407753,242.3532,90,248.494,0,-1
138.2563,2.407755,242.3532,90,248.4858,0,-1
138.2563,2.407758,242.3532,90,248.4823,0,-1
138.2563,2.40776,242.3532,90,248.4802,0,-1
138.2563,2.40776,242.3532,90,248.4834,0,-1
138.2563,2.407762,242.3532,90,248.4837,0,-1
138.2563,2.40776,242.3532,90,248.4741,0,-1
138.2563,2.40776,242.3532,90,248.4672,0,-1
138.2563,2.407758,242.3532,90,248.4605,0,-1
138.2563,2.40776,242.3532,90,248.4595,0,-1
138.2563,2.407762,242.3532,90,248.4584,0,-1
138.2563,2.407765,242.3532,90,248.461,0,-1
138.2563,2.407766,242.3532,90,248.4553,0,-1
138.2563,2.407766,242.3532,90,248.4496,0,-1
138.2563,2.407763,242.3532,90,248.4448,0,-1
138.2563,2.407761,242.3532,90,248.4387,0,-1
138.2563,2.40776,242.3532,90,248.4352,0,-1
138.2563,2.407758,242.3532,90,248.4317,0,-1
138.2563,2.407757,242.3532,90,248.4255,0,-1
138.2563,2.407757,242.3532,90,248.4259,0,-1
138.2563,2.407756,242.3532,90,248.4228,0,-1
138.2563,2.407746,242.3532,90,248.4179,0,-1
138.2563,2.407743,242.3532,90,248.4158,0,-1
138.2563,2.407746,242.3532,90,248.4085,0,-1
138.2563,2.407743,242.3532,90,248.4055,0,-1
138.2563,2.407738,242.3532,90,248.406,0,-1
138.2563,2.407737,242.3532,90,248.3998,0,-1
138.2563,2.407737,242.3532,90,248.3997,0,-1
138.2563,2.407733,242.3532,90,248.3947,0,-1
138.2563,2.407734,242.3532,90,248.3837,0,-1
138.2563,2.407737,242.3532,90,248.3788,0,-1
138.2563,2.407738,242.3532,90,248.3783,0,-1
138.2563,2.407735,242.3532,90,248.3746,0,-1
138.2563,2.407738,242.3532,90,248.3684,0,-1
138.2563,2.40774,242.3532,90,248.3679,0,-1
138.2563,2.407737,242.3532,90,248.3666,0,-1
138.2563,2.407733,242.3532,90,248.3645,0,-1
138.2563,2.407743,242.3532,90,248.3632,0,-1
138.2563,2.407745,242.3532,90,248.3598,0,-1
138.2563,2.407744,242.3532,90,248.3587,0,-1
138.2563,2.407746,242.3532,90,248.3552,0,-1
138.2563,2.407746,242.3532,90,248.3516,0,-1
138.2562,2.407745,242.3531,90,248.344,0,-1
138.2562,2.407744,242.3531,90,248.3351,0,-1
138.2562,2.407741,242.3531,90,248.3302,0,-1
138.2562,2.407745,242.3531,90,248.3306,0,-1
138.2562,2.407746,242.3531,90,248.3226,0,-1
138.2562,2.407749,242.3531,90,248.3191,0,-1
138.2562,2.407742,242.3531,90,248.3078,0,-1
138.2562,2.407736,242.3531,90,248.3053,0,-1
138.2562,2.40774,242.3531,90,248.3088,0,-1
138.2562,2.407737,242.3531,90,248.3059,0,-1
138.2562,2.407744,242.3531,90,248.3025,0,-1
138.2562,2.407754,242.3531,90,248.3051,0,-1
138.2562,2.407757,242.3531,90,248.3029,0,-1
138.2562,2.407759,242.3531,90,248.3014,0,-1
138.2562,2.407749,242.3531,90,248.2919,0,-1
138.2562,2.407746,242.3531,90,248.29,0,-1
138.2562,2.407752,242.3531,90,248.2872,0,-1
138.2562,2.407757,242.3531,90,248.2888,0,-1
138.2562,2.407753,242.3531,90,248.2836,0,-1
138.2562,2.407752,242.3531,90,248.283,0,-1
138.2562,2.407753,242.3531,90,248.2845,0,-1
138.2562,2.407754,242.3531,90,248.2776,0,-1
138.2562,2.407752,242.3531,90,248.28,0,-1
138.2562,2.407753,242.3531,90,248.2757,0,-1
138.2562,2.407753,242.3531,90,248.2716,0,-1
138.2562,2.407754,242.3531,90,248.2659,0,-1
138.2562,2.407756,242.3531,90,248.2648,0,-1
138.2562,2.40776,242.3531,90,248.2646,0,-1
138.2562,2.407764,242.3531,90,248.2651,0,-1
138.2562,2.407763,242.3531,90,248.2579,0,-1
138.2562,2.407763,242.3531,90,248.2551,0,-1
138.2562,2.407763,242.3531,90,248.2552,0,-1
138.2562,2.407762,242.3531,90,248.2475,0,-1
138.2562,2.407759,242.3531,90,248.2468,0,-1
138.2562,2.407756,242.3531,90,248.241,0,-1
138.2562,2.407754,242.3531,90,248.2394,0,-1
138.2562,2.407753,242.3531,90,248.2339,0,-1
138.2562,2.407752,242.3531,90,248.2301,0,-1
138.2562,2.40775,242.3531,90,248.228,0,-1
138.2562,2.40775,242.3531,90,248.224,0,-1
138.2562,2.407751,242.3531,90,248.2255,0,-1
138.2562,2.407748,242.3531,90,248.2231,0,-1
138.2562,2.407753,242.3531,90,248.2233,0,-1
138.2562,2.407756,242.3531,90,248.2208,0,-1
138.2562,2.407758,242.3531,90,248.2167,0,-1
138.2562,2.407763,242.3531,90,248.2136,0,-1
138.2562,2.407764,242.3531,90,248.2188,0,-1
138.2562,2.407765,242.3531,90,248.2145,0,-1
138.2562,2.407767,242.3531,90,248.2127,0,-1
138.2562,2.407766,242.3531,90,248.2066,0,-1
138.2562,2.407767,242.3531,90,248.2089,0,-1
138.2562,2.407765,242.3531,90,248.2004,0,-1
138.2562,2.40776,242.3531,90,248.1972,0,-1
138.2562,2.407756,242.3531,90,248.1932,0,-1
138.2562,2.407754,242.3531,90,248.1924,0,-1
138.2562,2.407753,242.3531,90,248.1929,0,-1
138.2562,2.407751,242.3531,90,248.1913,0,-1
138.2562,2.407751,242.3531,90,248.1919,0,-1
138.2562,2.407749,242.3531,90,248.189,0,-1
138.2562,2.407747,242.3531,90,248.1883,0,-1
138.2562,2.407746,242.3531,90,248.1852,0,-1
138.2562,2.407745,242.3531,90,248.1802,0,-1
138.2562,2.407744,242.3531,90,248.1789,0,-1
138.2562,2.407748,242.3531,90,248.177,0,-1
138.2562,2.407748,242.3531,90,248.1776,0,-1
138.2562,2.407747,242.3531,90,248.1761,0,-1
138.2561,2.407749,242.3531,90,248.1713,0,-1
138.2561,2.40775,242.3531,90,248.1695,0,-1
138.2561,2.407752,242.3531,90,248.1698,0,-1
138.2561,2.407754,242.3531,90,248.1668,0,-1
138.2561,2.407753,242.3531,90,248.1618,0,-1
138.2561,2.407752,242.3531,90,248.1585,0,-1
138.2561,2.407754,242.3531,90,248.1577,0,-1
138.2561,2.407755,242.3531,90,248.1587,0,-1
138.2561,2.407757,242.3531,90,248.1626,0,-1
138.2561,2.407761,242.3531,90,248.1659,0,-1
138.2561,2.407762,242.3531,90,248.1627,0,-1
138.2561,2.407763,242.3531,90,248.1657,0,-1
138.2561,2.407762,242.3531,90,248.1667,0,-1
138.2561,2.40776,242.3531,90,248.1693,0,-1
138.2561,2.40776,242.3531,90,248.1709,0,-1
138.2561,2.407757,242.3531,90,248.1664,0,-1
138.2561,2.407755,242.3531,90,248.1655,0,-1
138.2561,2.407753,242.3531,90,248.1494,0,-1
138.2561,2.407753,242.3531,90,248.1456,0,-1
138.2561,2.407749,242.3531,90,248.1479,0,-1
138.2561,2.407749,242.3531,90,248.142,0,-1
138.2561,2.407746,242.3531,90,248.1471,0,-1
138.2561,2.40774,242.3531,90,248.1422,0,-1
138.2561,2.407741,242.3531,90,248.1319,0,-1
138.2561,2.407743,242.3531,90,248.1284,0,-1
138.2561,2.407742,242.3531,90,248.1204,0,-1
138.2561,2.407746,242.3531,90,248.1158,0,-1
138.2561,2.407751,242.3531,90,248.1146,0,-1
138.2561,2.407752,242.3531,90,248.1152,0,-1
138.2561,2.407754,242.3531,90,248.1205,0,-1
138.2561,2.407755,242.3531,90,248.1192,0,-1
138.2561,2.407751,242.3531,90,248.1178,0,-1
138.2561,2.407753,242.3531,90,248.124,0,-1
138.2561,2.407751,242.3531,90,248.1244,0,-1
138.2561,2.407751,242.3531,90,248.1198,0,-1
138.2561,2.407753,242.3531,90,248.1203,0,-1
138.2561,2.407751,242.3531,90,248.1272,0,-1
138.2561,2.407751,242.3531,90,248.1262,0,-1
138.2561,2.407753,242.3531,90,248.1212,0,-1
138.2561,2.407753,242.3531,90,248.1206,0,-1
138.2561,2.407723,242.3531,90,248.1215,0,-1
138.2562,2.407689,242.3531,90,248.2224,0,-1
138.2565,2.407531,242.3532,90,248.7471,0,-1
138.2605,2.406785,242.3546,83.8609,260.7706,4.482734,-1
138.2592,2.404496,242.3541,60.3727,247.4462,352.6599,-1
138.2545,2.404233,242.3524,64.77555,236.1516,350.3559,-1
138.2727,2.419033,242.3525,62.37154,333.4329,57.50338,-1
138.2736,2.414847,242.3539,59.06323,307.0958,30.42001,-1
138.2749,2.410236,242.3545,52.49154,291.2696,11.0029,-1
138.2746,2.413702,242.3539,67.50269,315.914,35.93245,-1
138.2812,2.411905,242.3521,67.85757,319.3585,26.53128,-1
138.2838,2.405947,242.3513,33.08574,298.8244,358.7812,-1
138.2863,2.403072,242.3495,27.45748,301.7343,353.0323,-1
138.2897,2.388952,242.3391,10.20304,317.4062,326.1001,-1
138.2918,2.389237,242.3362,356.0985,334.3755,327.2318,-1
138.2974,2.395882,242.3305,355.8719,347.9314,340.5362,-1
138.2985,2.397901,242.328,1.482726,351.0981,344.3739,-1
138.2986,2.397926,242.3274,4.693609,351.3067,344.3733,-1
138.299,2.399199,242.3273,4.707712,351.867,346.7345,-1
138.299,2.399199,242.3273,4.707712,351.867,346.7345,-1
138.299,2.399199,242.3273,4.707712,351.867,346.7345,-1
138.2992,2.399742,242.326,6.937414,353.8325,347.685,-1
138.2993,2.400497,242.3266,5.286288,353.2926,349.11,-1
138.2994,2.400419,242.3254,5.826837,355.3381,348.9566,-1
138.2994,2.400602,242.3253,8.989125,354.8156,349.2132,-1
138.2997,2.401662,242.3248,10.80738,355.8025,351.1147,-1
138.3,2.405046,242.3231,12.70347,0.1253953,357.2993,-1
138.3,2.406895,242.3212,9.526331,4.1546,0.6863499,-1
138.3,2.407134,242.3215,12.50146,3.649841,1.13105,-1
138.3,2.407873,242.3219,14.59819,3.37249,2.509928,-1
138.2999,2.408926,242.3223,13.49406,3.078912,4.441098,-1
138.3,2.406934,242.3242,9.643961,358.7276,0.7579783,-1
138.3,2.408234,242.3232,5.776217,0.8165443,3.091788,-1
138.3,2.406656,242.3246,4.37492,357.8703,0.2487796,-1
138.3,2.406456,242.3235,0.7325438,359.9449,359.8908,-1
138.3,2.405817,242.3224,1.177379,1.954536,358.745,-1
138.3,2.405388,242.3227,0.2120572,1.294347,357.9779,-1
138.3,2.40566,242.3224,359.0265,1.879584,358.4655,-1
138.3,2.405808,242.3222,356.7474,2.313617,358.7285,-1
138.3,2.406372,242.3223,355.2849,2.043984,359.7397,-1
138.3,2.406316,242.3211,355.3513,4.195406,359.6384,-1
138.3,2.406463,242.3215,354.6862,3.560923,359.9022,-1
138.3,2.406395,242.3224,353.1672,1.865138,359.7794,-1
138.3,2.405787,242.3223,352.2684,2.212185,358.6796,-1
138.3,2.405681,242.3216,351.4652,3.486241,358.4858,-1
138.3,2.405808,242.321,351.1588,4.515285,358.7159,-1
138.2999,2.405229,242.3211,350.3125,4.546619,357.6598,-1
138.2999,2.405013,242.3211,350.2444,4.68323,357.2669,-1
138.2999,2.405028,242.3212,350.7094,4.50791,357.2982,-1
138.2999,2.404851,242.3208,350.4781,5.233809,356.9746,-1
138.2999,2.404971,242.321,350.6343,4.835627,357.1932,-1
138.3,2.405074,242.3213,350.6863,4.272472,357.3809,-1
138.2999,2.404887,242.3212,351.0026,4.546055,357.0444,-1
138.3,2.405047,242.3214,351.4322,4.114306,357.3371,-1
138.3,2.405128,242.3214,351.7644,4.02775,357.4866,-1
138.3,2.405207,242.3214,352.356,3.991111,357.6324,-1
138.3,2.405396,242.3217,352.6586,3.43737,357.9765,-1
138.3,2.405566,242.3219,353.1515,2.901104,358.2841,-1
138.3,2.40552,242.3218,354.1398,3.079405,358.2061,-1
138.3,2.405468,242.3221,353.9864,2.72245,358.11,-1
138.3,2.40567,242.3221,354.2494,2.626366,358.4758,-1
138.3,2.405869,242.3228,355.1653,1.241736,358.8365,-1
138.3,2.406193,242.3226,355.7239,1.569742,359.4177,-1
138.3,2.406709,242.3222,355.4751,2.18244,0.3452159,-1
138.3,2.406732,242.3215,356.6719,3.461465,0.3849798,-1
138.3,2.406559,242.323,357.3311,0.7720061,0.07493941,-1
138.3,2.4064,242.3221,355.7492,2.362921,359.7906,-1
138.3,2.405739,242.3222,356.9599,2.244518,358.6052,-1
138.3,2.405438,242.323,357.4866,0.927702,358.0667,-1
138.3,2.405316,242.3228,357.7675,1.176915,357.8482,-1
138.3,2.404814,242.3231,357.8508,0.6912827,356.9478,-1
138.3,2.405019,242.3225,358.0512,1.786179,357.3154,-1
138.3,2.405403,242.3216,358.3418,3.302253,358.0048,-1
138.3,2.405405,242.3212,358.0518,4.043553,358.0063,-1
138.3,2.405395,242.3215,357.9213,3.53788,357.9884,-1
138.3,2.405647,242.3215,358.1558,3.532745,358.442,-1
138.3,2.405542,242.3215,357.8919,3.494685,358.2522,-1
138.3,2.405549,242.3216,357.8024,3.321544,358.264,-1
138.3,2.405227,242.3217,359.6228,3.235543,357.6891,-1
138.3,2.404429,242.3221,1.551496,2.290363,356.258,-1
138.3,2.40509,242.3231,0.4247301,0.6197838,357.4446,-1
138.3,2.40536,242.3225,0.4709928,1.698737,357.9275,-1
138.3,2.405505,242.3224,0.402622,1.81926,358.1871,-1
138.3,2.40555,242.3221,0.3875464,2.452306,358.2687,-1
138.3,2.405876,242.3222,358.9219,2.259528,358.8509,-1
138.3,2.406055,242.3222,359.3811,2.193436,359.1722,-1
138.3,2.406133,242.3222,359.7921,2.213061,359.3128,-1
138.3,2.40613,242.3226,1.60687,1.429618,359.306,-1
138.3,2.405975,242.3225,1.993235,1.568233,359.0295,-1
138.3,2.405839,242.3226,1.296493,1.539835,358.7856,-1
138.3,2.406112,242.3226,0.7120084,1.494256,359.2747,-1
138.3,2.406376,242.3223,0.6004417,2.102118,359.7476,-1
138.3,2.406095,242.322,0.2890507,2.562723,359.2439,-1
138.3,2.405922,242.322,359.9551,2.590543,358.9342,-1
138.3,2.406145,242.3228,359.2306,1.157101,359.3344,-1
138.3,2.406305,242.3235,358.9789,7.551572E-05,359.6205,-1
138.3,2.405959,242.3234,358.4064,0.08306909,359.0007,-1
138.3,2.405416,242.3235,358.1213,359.866,358.0277,-1
138.2999,2.406006,242.3264,358.108,354.8139,359.0847,-1
138.2968,2.405803,242.3375,357.6525,334.0048,358.7203,-1
138.29,2.405668,242.3467,355.9454,313.3617,358.4763,-1
138.2775,2.406303,242.354,356.7926,287.2129,359.6158,-1
138.2649,2.404061,242.3552,354.0605,264.7429,355.5749,-1
138.2569,2.403252,242.3532,351.0349,250.361,354.0712,-1
138.2494,2.404685,242.3494,351.8257,234.7645,356.6838,-1
138.2462,2.4045,242.3468,352.4552,227.3603,356.3545,-1
138.2521,2.405784,242.3512,346.6395,240.3868,358.6509,-1
138.2667,2.404669,242.3554,333.6147,269.2318,356.3042,-1
138.2814,2.404592,242.3525,336.3697,296.1938,356.2337,-1
138.2833,2.407353,242.3516,347.0605,298.1043,1.535248,-1
138.2831,2.406434,242.3517,353.3911,298.0123,359.85,-1
138.2813,2.405215,242.3525,357.2897,294.6743,357.6655,-1
138.2827,2.403967,242.3518,359.8357,297.424,355.43,-1
138.286,2.404677,242.3499,0.1286461,304.2279,356.7042,-1
138.2861,2.405674,242.3498,358.6674,304.4594,358.491,-1
138.2844,2.406349,242.3509,356.5419,300.8268,359.6992,-1
138.2843,2.406173,242.351,355.1243,300.5357,359.3817,-1
138.2886,2.406554,242.348,352.9878,309.8929,0.0668872,-1
138.289,2.40641,242.3477,351.0395,310.9113,359.805,-1
138.2877,2.406601,242.3487,349.7701,307.9376,0.1529884,-1
138.2867,2.406739,242.3495,351.2813,305.5276,0.4024994,-1
138.2861,2.406626,242.3499,351.0187,304.2564,0.1980465,-1
138.2861,2.406537,242.3499,350.7595,304.236,0.03517215,-1
138.2858,2.406378,242.3501,351.4616,303.7489,359.7478,-1
138.2839,2.406241,242.3512,354.2681,299.7895,359.5039,-1
138.2841,2.406742,242.3511,355.7149,300.1209,0.4047652,-1
138.2841,2.406376,242.3512,355.3513,300.0148,359.746,-1
138.2842,2.40622,242.3511,357.4316,300.271,359.4673,-1
138.2838,2.406165,242.3513,357.2354,299.4589,359.3694,-1
138.2875,2.405546,242.3488,353.0927,307.6566,358.2476,-1
138.2881,2.405449,242.3484,352.6655,309.0146,358.0722,-1
138.2881,2.405449,242.3484,352.6655,309.0146,358.0722,-1
138.2869,2.405281,242.3493,350.1818,306.4425,357.753,-1
138.2858,2.405521,242.35,350.1508,304.1143,358.1899,-1
138.2855,2.405454,242.3502,349.9836,303.4564,358.0664,-1
138.2855,2.405519,242.3503,349.9142,303.3308,358.1838,-1
138.2854,2.405493,242.3503,349.9384,303.2549,358.1382,-1
138.2855,2.405364,242.3503,349.84,303.3353,357.9011,-1
138.2853,2.405431,242.3504,349.8592,303.0354,358.0251,-1
138.2825,2.405574,242.352,350.4628,297.0893,358.2874,-1
138.2816,2.405395,242.3524,350.5185,295.3962,357.9626,-1
138.2804,2.40542,242.353,351.4783,292.9206,358.0136,-1
138.2799,2.405422,242.3531,351.567,292.1292,358.0177,-1
138.28,2.405488,242.3531,351.287,292.1315,358.1368,-1
138.2801,2.405487,242.3531,351.101,292.4132,358.1327,-1
138.2801,2.405561,242.3531,351.1933,292.3214,358.268,-1
138.28,2.405557,242.3531,351.1616,292.2777,358.2604,-1
138.2801,2.405468,242.3531,351.2324,292.4207,358.0981,-1
175.2029,2.405471,204.9608,351.2338,292.3728,358.1052,-1
175.2029,2.405597,204.9608,350.7219,292.2517,358.3308,-1
175.2168,2.406621,204.9499,349.8573,323.9545,0.1896748,-1
175.2222,2.406601,204.938,349.778,347.5797,0.1537247,-1
175.2012,2.408177,204.9614,353.3548,288.4947,2.994549,-1
175.1791,2.40846,204.9608,352.7492,247.8863,3.509877,-1
175.1644,2.406661,204.949,349.9652,214.0131,0.2613542,-1
175.1592,2.406591,204.9356,350.5901,188.1111,0.1347865,-1
175.1616,2.407113,204.9184,353.8635,156.3734,1.073384,-1
175.1737,2.407603,204.9041,354.0312,122.2831,1.955074,-1
175.1897,2.405791,204.8991,352.5801,92.24993,358.6892,-1
175.1998,2.404938,204.9004,352.6422,74.24677,357.1486,-1
175.1909,1.031517,204.9311,0,160,0,exit0
175.3521,2.406879,204.9185,352.9239,67.7542,0.6540549,-1
176.8008,2.40561,205.0605,356.2876,68.33275,0.3782172,-1
177.0937,2.401129,205.1246,356.2546,71.12367,0.9615076,-1
177.2532,2.406524,205.181,356.6376,72.96981,0.01248798,-1
178.1508,2.406168,205.4719,357.0098,71.68462,359.6594,-1
179.0043,2.406019,205.744,357.9041,74.05905,359.1076,-1
180.371,2.406119,206.1329,358.8307,74.14384,359.287,-1
181.8589,2.406294,206.5543,359.0818,74.14913,359.6006,-1
183.6474,2.400465,207.064,358.8878,73.95098,0.03747514,-1
185.0104,2.406268,207.4557,359.2674,74.18204,0.06575397,-1
186.9445,2.405741,208.0073,359.7523,73.99519,0.2467622,-1
188.912,2.406759,208.5728,359.7814,73.85981,0.4331166,-1
191.0004,2.406868,209.1828,359.5945,73.51452,0.628234,-1
193.0415,2.406946,209.7874,359.7398,73.40199,0.7679483,-1
195.1405,2.406897,210.4124,359.8589,73.45809,0.680062,-1
197.4254,2.406339,211.0898,359.7243,73.54649,0.6152447,-1
199.683,2.406927,211.7586,359.5253,73.50932,0.7339814,-1
201.8761,2.406825,212.4041,359.2375,73.72131,0.5520591,-1
204.177,2.402235,213.0709,358.8164,73.99541,0.3182322,-1
206.4886,2.406682,213.7329,358.1824,74.2097,0.2950334,-1
208.756,2.406535,214.3663,357.4513,74.83719,0.03185956,-1
210.8265,2.406223,214.9239,357.1869,75.21633,359.4733,-1
213.0564,2.406172,215.5122,357.5663,75.27681,359.382,-1
215.1451,2.406134,216.0666,357.8379,75.01015,359.3131,-1
217.45,2.40607,216.6841,357.7508,74.92127,359.1989,-1
219.5553,2.406013,217.2487,357.918,74.96241,359.0968,-1
221.9373,2.40599,217.8893,357.7479,74.97607,359.0551,-1
224.1763,2.40595,218.4915,357.5251,74.79906,358.9837,-1
226.2666,2.405894,219.0708,355.8115,73.85264,358.8822,-1
228.3271,2.406136,219.6781,354.6678,72.73396,359.3147,-1
229.6946,2.406896,220.117,354.1082,70.28928,0.6815903,-1
230.8187,2.406958,220.5326,353.2453,66.91898,0.7955589,-1
231.4554,2.407304,220.8145,353.7111,63.31987,1.416992,-1
231.4639,1.03117,220.8537,0,160,0,enter1
231.4785,2.406948,220.8252,353.7111,63.31987,1.416992,-1
231.4785,2.406946,220.825,353.7111,63.31987,1.416992,-1
231.4856,2.408343,220.83,354.9386,47.54364,3.928074,-1
231.4931,2.408089,220.8399,352.9989,25.01969,3.482429,-1
231.4941,2.407519,220.8423,351.8324,20.40151,2.460577,-1
231.4951,2.407993,220.8456,353.3697,14.28332,3.306511,-1
231.4948,2.407855,220.8445,354.6366,16.4647,3.050833,-1
231.4945,2.407866,220.8434,356.4242,18.46996,3.061831,-1
231.4944,2.407636,220.8431,357.8809,19.18797,2.646333,-1
231.4943,2.407234,220.8429,358.5467,19.64819,1.925618,-1
231.4944,2.407774,220.8432,0.218191,19.18717,2.891672,-1
231.4944,2.407378,220.8431,0.1374437,19.21865,2.182059,-1
231.4642,1.03116,220.8537,0,160,0,exit1
231.4944,2.407517,220.8431,0.1230096,19.23698,2.432379,-1
231.8093,2.401796,221.7471,359.7056,19.01206,2.469595,-1
232.2726,2.40818,223.1099,359.6051,18.19847,2.978261,-1
232.7086,2.408083,224.4334,359.4983,18.34828,2.805475,-1
233.1486,2.408063,225.7637,0.0866246,18.21786,2.76918,-1
233.6058,2.407716,227.1467,0.2226986,18.36441,2.14792,-1
234.0913,2.407582,228.6072,0.2731269,18.39774,1.906488,-1
234.6177,2.407629,230.1904,0.3250021,18.37506,1.992612,-1
235.1568,2.407811,231.8229,0.5652514,17.89603,2.317342,-1
235.7301,2.40803,233.613,0.2558046,17.56099,2.708906,-1
236.2955,2.400877,235.3993,0.0236935,17.46352,2.964943,-1
236.8604,2.408158,237.1961,0.1046796,17.46157,2.939859,-1
237.3853,2.405776,238.8711,0.08989707,17.19255,3.176119,-1
237.9269,2.408346,240.6159,0.06973625,17.15866,3.275878,-1
238.4717,2.407633,242.3813,0.2456538,17.07717,3.677984,-1
239.011,2.407759,244.1594,0.45138,16.4585,3.613044,-1
239.5421,2.408721,245.9738,0.5516537,15.64594,3.95033,-1
239.9942,2.408573,247.5966,0.5157957,15.77571,3.683144,-1
240.4787,2.405694,249.3015,0.6043742,15.93069,3.338781,-1
240.9915,2.408226,251.0938,0.810193,15.98453,3.062892,-1
241.4889,2.408564,252.8472,0.3615263,15.50655,3.668124,-1
241.9905,2.408476,254.653,0.7317898,15.58626,3.547914,-1
242.4194,2.398873,256.1892,0.9094627,15.41546,3.354988,-1
242.607,2.408027,257.9069,0.7823135,15.73388,2.705126,-1
243.1317,2.406493,259.7284,0.6541123,16.86879,1.055433,-1
243.7191,2.406594,261.6336,0.4970939,17.70186,0.1385339,-1
244.4055,2.406704,263.7784,0.1817837,18.23149,0.3354543,-1
245.123,2.406983,265.8578,0.2748441,17.97555,0.8353592,-1
245.759,2.407406,267.7617,359.688,16.70871,1.592004,-1
246.3501,2.407404,269.7706,359.5846,15.66464,2.042298,-1
246.9299,2.407736,271.8712,359.308,14.75312,2.183122,-1
247.4111,2.407458,273.7257,357.3893,14.21363,1.686641,-1
247.9248,2.407586,275.7852,356.3506,12.98075,1.917772,-1
248.0669,1.031116,276.5465,0,160,0,enter2
248.1233,2.405659,276.6535,355.7177,10.83263,2.105619,-1
248.128,2.40527,276.677,355.7391,2.600296,2.111162,-1
248.1241,2.404632,276.694,357.3247,331.0616,0.9634691,-1
248.1152,2.404929,276.7042,354.5866,306.5536,1.501019,-1
248.1044,2.404641,276.7094,355.7886,285.113,0.9824361,-1
248.0963,2.405742,276.7105,352.3199,270.1037,2.977909,-1
248.0869,2.40621,276.7092,354.1459,253.0376,3.810659,-1
248.0839,2.406029,276.7081,356.7048,247.4909,3.472221,-1
248.0833,2.405927,276.7078,356.6029,246.1968,3.288626,-1
248.0851,2.405774,276.7086,355.6402,249.771,3.018061,-1
248.086,2.405986,276.7089,357.3156,251.5577,3.392715,-1
248.0832,2.406262,276.7078,358.0061,246.1945,3.886455,-1
248.096,1.029094,276.6786,0,160,0,exit2
248.0674,2.407851,276.7008,358.8299,246.1565,4.391739,-1
247.4802,2.406223,276.4432,358.0155,247.1915,3.374675,-1
246.4104,2.409038,275.9859,358.1507,245.9397,4.519962,-1
245.2267,2.407644,275.4582,357.998,245.9824,4.66438,-1
244.1982,2.403805,274.9911,358.4798,245.1513,4.21383,-1
243.1954,2.399093,274.5243,358.9174,244.9801,2.251715,-1
242.0574,2.407696,273.9895,359.1888,244.8992,2.11195,-1
240.7565,2.407945,273.3871,359.876,245.1211,2.557046,-1
239.5564,2.4079,272.8278,0.6987127,245.2608,3.080242,-1
238.3696,2.408976,272.2949,0.1537386,246.5394,4.407216,-1
237.581,2.408013,271.953,359.3919,244.4833,2.679663,-1
235.9693,2.407381,271.1528,1.088583,242.7744,1.546967,-1
233.9138,2.407199,270.1022,1.30424,242.7163,1.361063,-1
232.1276,2.407482,269.1748,359.5041,242.3667,1.727409,-1
230.7132,2.407799,268.4332,358.8097,242.1544,2.29572,-1
229.1781,2.407363,267.6228,359.9599,241.9862,2.001413,-1
227.9108,2.407676,266.9342,0.3225633,238.4426,2.076107,-1
226.8094,2.408413,266.2243,359.8005,236.203,3.397049,-1
225.5918,2.408375,265.4086,0.2600643,236.1567,4.331113,-1
224.1605,2.408227,264.4562,0.4835852,237.1121,3.062663,-1
222.5339,2.408161,263.4017,0.367425,236.9036,2.94454,-1
220.6243,2.408831,262.1469,0.6450426,236.2472,4.147181,-1
219.2419,2.409853,261.2273,0.8199282,235.8733,5.983372,-1
217.7333,2.409973,260.1924,1.718158,236.1849,6.202347,-1
216.7451,2.409221,259.278,1.158973,236.5894,4.848186,-1
215.4673,2.408039,258.2589,0.3347645,236.8819,2.726717,-1
213.7206,2.406981,257.1366,359.5404,237.7305,0.830401,-1
212.1106,2.40662,256.1315,359.0431,238.5951,1.078967,-1
210.5349,2.407603,255.152,359.1455,237.7435,1.944893,-1
209.0151,2.405954,254.1974,0.1606684,237.8625,3.078831,-1
207.5774,2.407474,253.3083,0.1929535,238.3926,1.713243,-1
206.1003,2.403969,252.4058,0.6887111,239.1313,2.358124,-1
204.5714,2.405698,251.4699,2.186825,238.884,358.5327,-1
203.4905,2.394574,251.1857,2.471578,240.4487,355.4311,-1
201.8139,2.398228,250.8018,359.8882,238.7879,357.2602,-1
200.4905,2.407136,249.9654,0.2823181,235.4236,1.108993,-1
199.0098,2.405157,248.932,359.3658,235.4843,2.360239,-1
197.6306,2.407578,247.9998,357.9355,237.107,1.901682,-1
196.3134,2.402792,247.1501,356.1323,237.9089,1.389858,-1
195.6318,1.031517,246.6837,0,160,0,enter0
