*Subject
3
*Layout
1
*Condition
False,True,True,False,False
*Marks
368.7408,0,255.9881
279.7268,0,269.2736
272.0566,0,217.8829
*Path
x,y,z,flag
176.4377,2.404197,223.5039,0.4859646,267.162,355.8413,-1
176.4371,2.404496,223.5075,0.5351007,266.2811,356.3779,-1
176.4368,2.404611,223.5075,0.5116751,265.7466,356.5851,-1
176.4367,2.404611,223.5075,0.36825,265.667,356.5846,-1
176.4366,2.404636,223.5074,359.8972,265.369,356.6297,-1
176.4364,2.404744,223.5074,359.4448,265.1608,356.8232,-1
176.4363,2.404861,223.5074,359.7466,264.8395,357.0332,-1
176.4362,2.40495,223.5074,359.9907,264.6147,357.1937,-1
176.4362,2.404951,223.5074,359.9407,264.6582,357.1938,-1
176.436,2.405021,223.5074,359.7664,264.3523,357.321,-1
176.436,2.404915,223.5074,359.5885,264.409,357.1303,-1
176.4359,2.40485,223.5074,359.3901,264.2969,357.0138,-1
176.4359,2.40475,223.5074,359.3729,264.2805,356.8337,-1
176.4359,2.404801,223.5074,359.2992,264.1076,356.9256,-1
176.4356,2.40489,223.5074,359.2377,263.7196,357.0845,-1
176.4355,2.404865,223.5074,359.1806,263.5814,357.0401,-1
176.4355,2.404879,223.5074,359.1293,263.4206,357.0649,-1
176.4354,2.404847,223.5074,359.2568,263.3601,357.0074,-1
176.4355,2.404814,223.5074,359.4707,263.3718,356.9496,-1
176.4355,2.404722,223.5074,359.3684,263.4613,356.7843,-1
176.4355,2.404643,223.5074,359.4192,263.4414,356.6418,-1
176.4355,2.404636,223.5073,359.5209,263.3755,356.6297,-1
176.4355,2.40458,223.5074,359.4799,263.4596,356.5298,-1
176.4354,2.404593,223.5073,359.5452,263.368,356.5535,-1
176.4355,2.404506,223.5074,359.316,263.5855,356.3974,-1
176.4357,2.404348,223.5074,359.2635,263.9341,356.1137,-1
176.4357,2.404327,223.5074,359.1556,263.9014,356.0748,-1
176.4355,2.404472,223.5074,359.2559,263.5893,356.3362,-1
176.4354,2.404624,223.5073,359.3679,263.2954,356.6082,-1
176.4354,2.404443,223.5073,1.486426,263.1049,356.2817,-1
176.4357,2.405216,223.5074,353.9744,264.126,357.658,-1
176.4362,2.404441,223.5074,358.1449,264.8242,356.2789,-1
176.4352,2.404943,223.5073,358.924,262.8553,357.1791,-1
176.4347,2.404215,223.5072,345.4368,263.0188,355.7384,-1
176.437,2.404382,223.5075,350.3616,266.7349,356.1187,-1
176.4349,2.405114,223.5073,348.7679,262.9436,357.4385,-1
176.4364,2.404934,223.5074,348.6886,265.5891,357.1081,-1
176.4361,2.40495,223.5074,350.88,264.9846,357.1567,-1
176.4352,2.40611,223.5074,356.1498,262.9964,359.2688,-1
176.436,2.405596,223.5074,356.0193,264.4445,358.3465,-1
176.4361,2.405414,223.5074,355.2178,264.754,358.0173,-1
176.4358,2.405269,223.5074,353.6268,264.1891,357.7513,-1
176.4359,2.405115,223.5074,352.5231,264.3925,357.4669,-1
176.4364,2.40514,223.5074,351.7296,265.3416,357.5077,-1
176.4367,2.405168,223.5075,351.328,265.9922,357.5553,-1
176.436,2.406042,223.5074,354.111,264.3809,359.145,-1
176.4361,2.40566,223.5074,353.5727,264.6413,358.4557,-1
176.4362,2.405538,223.5075,353.161,265.014,358.2337,-1
176.4367,2.405175,223.5075,353.7221,265.8933,357.5817,-1
176.4366,2.40537,223.5075,353.622,265.7518,357.9325,-1
176.4364,2.405534,223.5075,353.9568,265.228,358.2289,-1
176.437,2.404827,223.5075,354.0162,266.533,356.9556,-1
176.4357,2.406322,223.5074,350.8053,263.8006,359.6456,-1
176.435,2.405077,223.5073,354.4994,262.8543,357.4082,-1
176.4361,2.404896,223.5074,0.336513,264.4348,357.0954,-1
176.436,2.404673,223.5074,3.946765,264.1876,356.688,-1
176.4361,2.404805,223.5074,4.524404,264.2299,356.9237,-1
176.4363,2.404652,223.5074,4.144739,264.6109,356.6499,-1
176.4367,2.404903,223.5075,2.675123,265.4743,357.1053,-1
176.4367,2.404945,223.5075,0.4605589,265.5408,357.1839,-1
176.4368,2.40481,223.5075,355.629,266.0218,356.9331,-1
176.4367,2.404741,223.5075,355.0439,265.8738,356.8072,-1
176.4379,2.404392,223.5075,2.158026,267.5476,356.1889,-1
176.438,2.404115,223.5075,0.8862554,267.9529,355.6953,-1
176.4374,2.404201,223.5075,359.0945,266.8777,355.8489,-1
176.4367,2.403984,223.5074,7.376184,265.0468,355.4209,-1
176.4362,2.404176,223.5074,9.94546,263.956,355.7401,-1
176.4364,2.404386,223.5074,11.031,264.2579,356.1091,-1
176.4374,2.404644,223.5075,8.056672,266.4534,356.6108,-1
176.4383,2.404606,223.5075,3.747951,268.2897,356.5695,-1
176.438,2.404837,223.5075,3.027979,267.7335,356.9865,-1
176.437,2.404858,223.5075,3.025687,265.9007,357.0242,-1
176.438,2.404795,223.5075,3.658468,267.7461,356.9091,-1
176.4377,2.404869,223.5075,3.023344,267.2446,357.0443,-1
176.4379,2.404798,223.5075,3.573215,267.5434,356.9138,-1
176.4383,2.404324,223.5075,2.837354,268.2654,356.0658,-1
176.4379,2.404048,223.5075,3.935148,267.4334,355.5644,-1
176.4375,2.405035,223.5075,3.805954,266.8669,357.3409,-1
176.4385,2.404948,223.5076,11.17126,268.2129,357.1353,-1
176.438,2.405098,223.5076,10.301,267.549,357.4178,-1
176.4381,2.404704,223.5075,5.359797,267.776,356.7383,-1
176.4385,2.404733,223.5075,5.369943,268.593,356.7893,-1
176.4387,2.404761,223.5076,5.986343,268.9199,356.8368,-1
176.4387,2.40478,223.5076,5.754198,268.8244,356.8719,-1
176.4387,2.404789,223.5076,6.104676,268.8727,356.8878,-1
176.4386,2.404708,223.5075,7.004333,268.6099,356.7353,-1
176.4386,2.404576,223.5075,6.886973,268.5639,356.4973,-1
176.4387,2.404619,223.5075,7.035507,268.816,356.5727,-1
176.4389,2.404588,223.5075,6.909734,269.1483,356.5194,-1
176.439,2.40448,223.5075,6.934332,269.3648,356.3245,-1
176.439,2.404552,223.5075,6.837335,269.371,356.4534,-1
176.439,2.40459,223.5075,6.933221,269.3078,356.5211,-1
176.4391,2.404539,223.5075,6.924416,269.493,356.4297,-1
176.4393,2.404494,223.5075,6.967682,269.8492,356.3475,-1
176.4393,2.404609,223.5075,6.861842,269.8498,356.5565,-1
176.4394,2.404558,223.5075,6.757801,270.0964,356.4662,-1
176.4395,2.404553,223.5075,6.809658,270.1507,356.4566,-1
176.4395,2.404546,223.5075,6.71457,270.205,356.444,-1
176.4396,2.404512,223.5075,6.662533,270.3823,356.383,-1
176.4405,2.404685,223.5075,6.722709,271.952,356.6948,-1
176.4422,2.405183,223.5074,6.672225,275.2221,357.5953,-1
176.442,2.404996,223.5074,6.207865,274.7391,357.26,-1
176.4419,2.405049,223.5074,6.070647,274.6045,357.356,-1
176.4418,2.405206,223.5075,5.926174,274.553,357.6389,-1
176.4418,2.40514,223.5075,6.03104,274.4683,357.5208,-1
176.4418,2.405026,223.5075,6.11783,274.4751,357.3134,-1
176.4419,2.404994,223.5074,6.129797,274.6963,357.2566,-1
176.442,2.405038,223.5074,6.097537,274.8135,357.3357,-1
176.442,2.405054,223.5074,5.910135,274.9495,357.3651,-1
176.4421,2.405063,223.5074,5.961431,275.0677,357.3809,-1
176.4422,2.404935,223.5074,5.925316,275.1532,357.1513,-1
176.442,2.404674,223.5074,5.919968,274.7477,356.6801,-1
176.442,2.40429,223.5074,5.302382,274.719,355.9928,-1
176.4418,2.404521,223.5074,5.070518,274.3899,356.4108,-1
176.4417,2.404251,223.5074,5.30344,274.2263,355.9218,-1
176.4418,2.404277,223.5074,4.435092,274.4797,355.9742,-1
176.442,2.404275,223.5074,4.026237,274.7586,355.9734,-1
176.442,2.404401,223.5074,4.270635,274.9164,356.1985,-1
176.4421,2.404708,223.5074,3.966034,275.0088,356.7509,-1
176.442,2.404788,223.5074,5.128685,274.8601,356.8913,-1
176.4418,2.403826,223.5074,11.78146,273.831,355.0726,-1
176.4421,2.404602,223.5074,355.2516,275.6662,356.5562,-1
176.4424,2.404325,223.5074,359.8948,275.8525,356.0719,-1
176.4426,2.404545,223.5074,358.1508,276.3068,356.4655,-1
176.4427,2.404485,223.5074,359.1289,276.4145,356.3595,-1
176.4428,2.404469,223.5073,359.2575,276.6689,356.3313,-1
176.4428,2.404387,223.5073,359.2411,276.7118,356.183,-1
176.4428,2.404312,223.5073,358.9217,276.5801,356.0483,-1
176.4427,2.404292,223.5073,358.5903,276.5412,356.0113,-1
176.4429,2.404151,223.5073,358.6046,276.9211,355.7583,-1
176.4432,2.404075,223.5073,358.8621,277.4408,355.6215,-1
176.4435,2.404038,223.5072,358.9441,277.8847,355.5555,-1
176.4435,2.40401,223.5072,358.8823,278.0115,355.5048,-1
176.4435,2.404028,223.5072,358.9563,277.9731,355.5392,-1
176.4437,2.403998,223.5072,359.1198,278.3401,355.4843,-1
176.4438,2.403958,223.5072,359.1555,278.5276,355.4119,-1
176.4439,2.40401,223.5071,358.7017,278.6972,355.5061,-1
176.4429,2.404164,223.5073,357.483,276.9643,355.7782,-1
176.4446,2.403116,223.507,357.9849,280.0621,353.8958,-1
176.4442,2.403748,223.5071,359.0915,279.145,355.0352,-1
176.444,2.404078,223.5071,357.7654,278.979,355.6251,-1
176.4432,2.404608,223.5073,358.0602,277.4046,356.5774,-1
176.4433,2.404268,223.5073,357.2318,277.7258,355.9647,-1
176.4433,2.404586,223.5073,357.8703,277.5819,356.5378,-1
176.4436,2.40447,223.5072,357.6332,278.155,356.3294,-1
176.4436,2.404642,223.5072,357.0146,278.1689,356.6366,-1
176.4438,2.404614,223.5072,356.8016,278.4893,356.5863,-1
176.4435,2.404858,223.5073,356.2086,278.0902,357.0222,-1
176.4434,2.404945,223.5073,356.0139,277.9032,357.1772,-1
176.4435,2.404976,223.5073,356.2415,278.0665,357.2341,-1
176.4419,2.404572,223.5074,357.9576,275.1149,356.5139,-1
176.4412,2.403803,223.5074,358.824,273.84,355.133,-1
176.4451,2.402349,223.5068,4.440428,280.2525,352.4939,-1
176.4461,2.402277,223.5066,8.000193,281.5569,352.3111,-1
176.446,2.402478,223.5066,8.178548,281.4344,352.6736,-1
176.447,2.403601,223.5065,8.442764,283.4218,354.7151,-1
176.4458,2.403833,223.5068,8.165131,281.3038,355.1389,-1
176.4455,2.403879,223.5069,8.418142,280.7875,355.22,-1
176.4462,2.404176,223.5067,8.478064,282.1477,355.7584,-1
176.4463,2.403874,223.5067,8.592653,282.2164,355.2085,-1
176.4462,2.403893,223.5067,8.010548,282.1522,355.2501,-1
176.4462,2.403806,223.5067,7.349458,282.1607,355.0989,-1
176.4467,2.403931,223.5066,7.290393,283.1302,355.3261,-1
176.4466,2.403729,223.5066,7.236088,282.8477,354.9618,-1
176.4467,2.403702,223.5066,7.229472,282.9862,354.9123,-1
176.4468,2.403958,223.5066,7.100035,283.3904,355.3783,-1
176.4467,2.403924,223.5066,7.210243,283.1931,355.3156,-1
176.4467,2.403688,223.5066,6.786582,283.0634,354.8924,-1
176.447,2.403055,223.5064,5.135716,283.6548,353.7632,-1
176.4473,2.401355,223.5061,5.961628,283.9705,350.6658,-1
176.4475,2.402603,223.5062,7.586284,284.3896,352.9118,-1
176.4472,2.402603,223.5063,7.384346,283.8529,352.9157,-1
176.4475,2.402693,223.5063,7.036092,284.3287,353.0848,-1
176.4476,2.402638,223.5062,6.904255,284.5774,352.986,-1
176.448,2.40277,223.5061,6.405768,285.4533,353.2328,-1
176.4478,2.40294,223.5062,6.918499,285.0356,353.534,-1
176.4479,2.402861,223.5062,5.313662,285.3257,353.4107,-1
176.4485,2.403091,223.506,6.504313,286.4195,353.8146,-1
176.4487,2.40315,223.506,6.721004,286.7554,353.9177,-1
176.4481,2.403242,223.5061,6.702004,285.6848,354.0851,-1
176.4485,2.403265,223.506,4.396071,286.5387,354.1489,-1
176.4496,2.4031,223.5056,4.854997,288.6707,353.8475,-1
176.4488,2.403023,223.5059,5.210646,287.0484,353.7051,-1
176.4491,2.402704,223.5058,5.123441,287.5387,353.1292,-1
176.4493,2.402667,223.5057,5.230859,287.9327,353.0605,-1
176.4494,2.402928,223.5057,5.543176,288.1698,353.5298,-1
176.4493,2.402813,223.5057,5.605219,287.9164,353.321,-1
176.4498,2.403255,223.5056,7.283126,288.7759,354.1006,-1
176.4496,2.40359,223.5057,6.46219,288.523,354.7185,-1
176.4497,2.403915,223.5057,6.524461,288.8255,355.3048,-1
176.4501,2.403594,223.5055,5.881738,289.6141,354.7323,-1
176.4502,2.403516,223.5055,6.140934,289.645,354.5878,-1
176.4503,2.403384,223.5055,6.050974,289.8363,354.3493,-1
176.4503,2.403498,223.5054,5.908175,290.0197,354.5573,-1
176.4508,2.403645,223.5053,6.185122,290.8416,354.8202,-1
176.4508,2.403585,223.5053,6.020892,290.8279,354.7138,-1
176.4509,2.403721,223.5052,6.524143,291.1161,354.9551,-1
176.4511,2.403696,223.5052,6.46732,291.4611,354.9091,-1
176.4511,2.403717,223.5052,6.509995,291.4,354.9482,-1
176.4511,2.403893,223.5052,4.883358,291.5616,355.2797,-1
176.4514,2.403929,223.505,5.253512,292.2354,355.3414,-1
176.4513,2.403981,223.5051,4.979694,291.9785,355.4373,-1
176.4514,2.403998,223.5051,4.217834,292.2113,355.4732,-1
176.4512,2.403755,223.5051,4.38488,291.7853,355.0337,-1
176.4512,2.403924,223.5051,3.869806,291.8975,355.3422,-1
176.4507,2.404075,223.5053,4.094509,290.9514,355.6124,-1
176.4525,2.404291,223.5046,5.189059,294.2586,355.9955,-1
176.4532,2.403337,223.5042,5.274273,295.7617,354.2729,-1
176.4533,2.403395,223.5042,5.173409,295.8159,354.3784,-1
176.4538,2.402987,223.5038,5.709213,296.7367,353.6358,-1
176.4525,2.404072,223.5046,2.697588,294.4493,355.6131,-1
176.45,2.406076,223.5057,3.261159,289.6758,359.2088,-1
176.4501,2.405964,223.5057,4.158151,289.9153,359.0071,-1
176.4503,2.405659,223.5056,4.514692,290.3348,358.4592,-1
176.4508,2.405845,223.5054,359.8301,291.4497,358.7969,-1
176.4505,2.409031,223.5054,348.665,289.8821,4.59652,-1
176.4488,2.409315,223.506,357.8383,287.3954,5.019997,-1
176.4517,2.405636,223.505,2.690525,293.0751,358.4212,-1
176.4539,2.404849,223.5039,2.432117,297.4612,357.0087,-1
176.4531,2.404975,223.5044,1.384654,295.7943,357.2375,-1
176.4523,2.405284,223.5048,357.9086,294.407,357.7904,-1
176.4524,2.40554,223.5047,358.2815,294.4346,358.2487,-1
176.4535,2.405156,223.5042,358.3241,296.7169,357.5618,-1
176.455,2.405101,223.5034,359.8177,299.6365,357.4632,-1
176.4552,2.405153,223.5033,359.8918,300.0492,357.5564,-1
176.4514,2.405002,223.5052,359.6754,292.4721,357.2863,-1
176.4517,2.405101,223.505,359.6981,293.1508,357.4641,-1
176.4526,2.405125,223.5046,359.9616,294.972,357.5069,-1
176.4534,2.405003,223.5042,0.7405141,296.3674,357.2871,-1
176.4532,2.404972,223.5043,0.3471998,296.1544,357.2329,-1
176.4529,2.405077,223.5045,359.8005,295.5849,357.4201,-1
176.4531,2.405049,223.5044,359.9364,295.8307,357.3712,-1
176.4531,2.405082,223.5044,0.1501956,295.8157,357.4293,-1
176.4532,2.404974,223.5043,0.2377736,296.1704,357.2362,-1
176.4532,2.404913,223.5043,358.3293,296.274,357.1259,-1
176.4529,2.404947,223.5045,358.0281,295.5136,357.1859,-1
176.4534,2.40509,223.5042,358.5603,296.5697,357.443,-1
176.4534,2.40509,223.5042,358.5603,296.5697,357.443,-1
176.4534,2.40509,223.5042,358.5603,296.5697,357.443,-1
176.4542,2.405002,223.5038,359.6563,298.0406,357.2863,-1
176.4539,2.405118,223.504,1.109483,297.4086,357.494,-1
176.4539,2.405382,223.504,0.7205402,297.3791,357.9665,-1
176.454,2.405106,223.5039,359.808,297.6683,357.4724,-1
176.4543,2.404858,223.5038,-0.0006707459,298.2359,357.0278,-1
176.455,2.404588,223.5033,358.1964,299.9782,356.5419,-1
176.4552,2.40392,223.5031,358.976,300.3669,355.3449,-1
176.4557,2.403867,223.5029,359.3248,301.3702,355.2487,-1
176.4558,2.404137,223.5028,359.5485,301.4732,355.7341,-1
176.4552,2.404988,223.5032,357.769,300.2791,357.2598,-1
176.4548,2.406489,223.5035,358.9374,299.3345,359.9504,-1
176.4543,2.406298,223.5038,0.8368261,298.2568,359.6077,-1
176.4533,2.40782,223.5043,0.9902117,296.3557,2.333612,-1
176.4524,2.409072,223.5046,358.9685,294.5469,4.58081,-1
176.4541,2.407589,223.5039,359.9828,297.822,1.92045,-1
176.4546,2.406237,223.5036,357.2527,298.841,359.4978,-1
176.4517,2.406569,223.505,4.121416,293.1463,0.09274219,-1
176.4512,2.405658,223.5052,4.922544,291.9196,358.4563,-1
176.4532,2.405188,223.5043,5.349023,295.8023,357.6097,-1
176.4535,2.405193,223.5042,4.78546,296.5465,357.62,-1
176.4541,2.405054,223.5039,4.376518,297.5942,357.3719,-1
176.4553,2.404171,223.5031,6.055432,299.9046,355.7719,-1
176.4586,2.404658,223.5009,5.869897,307.2538,356.6513,-1
176.4605,2.404944,223.4994,5.248724,311.7542,357.1705,-1
176.4613,2.40497,223.4987,8.176157,313.4261,357.1998,-1
176.4619,2.405338,223.4981,8.748725,315.0577,357.8641,-1
176.4626,2.405258,223.4973,14.5242,316.5589,357.6704,-1
176.4621,2.405899,223.4979,20.92896,315.4885,358.8152,-1
176.4616,2.406152,223.4984,24.0747,314.2062,359.2838,-1
176.4616,2.406337,223.4984,23.72313,314.4157,359.6486,-1
176.459,2.405387,223.5007,16.17095,307.7731,357.8923,-1
176.4543,2.406111,223.5038,353.2174,298.2751,359.2673,-1
176.452,2.407673,223.5049,354.9321,293.5092,2.078012,-1
176.4564,2.4038,223.5024,341.5473,304.3245,354.8657,-1
176.4562,2.403976,223.5025,356.8814,302.6409,355.4396,-1
176.4586,2.404576,223.5009,352.7044,307.9744,356.4943,-1
176.4601,2.404613,223.4997,351.7835,311.5759,356.5531,-1
176.4651,2.403667,223.4941,354.1773,325.0191,354.8634,-1
176.4533,2.404861,223.5043,353.5658,296.6296,357.0155,-1
176.4487,2.405139,223.5061,354.096,287.6942,357.5189,-1
176.4531,2.405178,223.5044,355.7524,295.9962,357.5951,-1
176.4554,2.404995,223.5032,356.1148,300.6495,357.2681,-1
368.7588,2.404954,256.0145,356.7429,304.3493,357.1967,-1
368.766,2.406135,256.0078,358.3454,321.8848,359.3159,-1
368.7663,2.405057,256.0074,357.3216,322.9496,357.3822,-1
368.767,2.405005,256.0063,355.6426,325.3298,357.2845,-1
368.7684,2.40506,256.0043,355.6581,329.5884,357.3835,-1
368.7715,2.40494,255.997,353.6685,344.0303,357.1584,-1
368.772,2.404261,255.9949,353.7404,348.002,355.9324,-1
368.7725,2.404336,255.9924,354.8595,352.5886,356.0757,-1
368.7698,2.40428,255.9748,356.7404,24.86026,355.9843,-1
368.7654,2.404084,255.9677,356.6027,40.03828,355.6326,-1
368.7619,2.404185,255.9641,356.5195,48.89371,355.814,-1
368.7542,2.403508,255.9591,356.8403,65.50777,354.5959,-1
368.7408,1.031517,255.9881,0,200.0017,0,exit0
368.7462,2.402292,255.9568,356.0454,80.79398,352.3943,-1
368.9015,2.402129,255.9576,358.1058,95.56947,352.1144,-1
369.233,2.393798,255.9286,3.395135,110.4203,354.9452,-1
369.2419,2.392741,255.9268,0.6809822,95.41504,353.0464,-1
369.2698,2.393929,255.9384,357.5599,39.07313,355.1798,-1
369.2667,2.398809,256.0038,0.6813632,336.7209,3.106969,-1
369.3447,2.40707,256.3603,2.086339,294.8196,0.9901344,-1
368.9564,2.402268,256.7629,1.239848,282.0767,359.1479,-1
367.9574,2.405208,257.0757,1.070582,277.2193,357.6557,-1
367.5944,2.404243,257.1487,359.4507,285.5569,355.9237,-1
367.6275,2.403949,257.2106,359.4468,299.4321,355.396,-1
367.688,2.404055,257.3318,359.9704,292.3333,355.5881,-1
367.7032,2.404303,257.3933,359.2814,280.8303,356.2673,-1
367.7336,2.403926,257.6115,356.339,277.5329,355.3465,-1
367.7455,2.404973,257.8211,358.3616,267.7888,357.2334,-1
367.7339,2.401303,257.9085,358.3939,255.2862,358.2749,-1
367.7209,2.404166,257.9843,357.9987,265.0593,355.7846,-1
367.6179,2.404558,258.0207,358.7393,268.8529,356.4885,-1
367.6165,2.404746,258.0748,356.2676,268.6817,356.82,-1
367.6141,2.404357,258.1805,356.1397,271.6044,356.1212,-1
367.6212,2.404283,258.1834,355.8582,284.5426,355.9854,-1
367.6256,2.404328,258.1819,355.8578,292.909,356.0668,-1
367.6205,2.404755,258.1836,357.7823,283.1541,356.8413,-1
367.5294,2.404471,258.2182,1.839581,276.7487,357.4892,-1
366.8188,2.405598,258.3425,7.960024,276.863,358.3375,-1
364.5642,2.405745,258.5916,9.244,276.2243,358.5986,-1
362.6419,2.405463,258.7981,9.412116,276.0933,358.0858,-1
360.7093,2.405067,259.0132,9.460818,276.9487,357.3676,-1
358.3311,2.404546,259.3086,9.830022,277.3775,356.4165,-1
355.7546,2.404265,259.6556,9.808535,277.9559,355.9055,-1
353.3456,2.404314,259.9892,10.03012,277.5175,355.9901,-1
350.8109,2.40454,260.3226,10.05663,277.3197,356.4014,-1
348.1475,2.404627,260.6657,10.0943,277.4052,356.5599,-1
345.3461,2.404452,261.0317,10.16675,277.6119,356.2401,-1
342.4161,2.403854,261.4229,10.16675,277.6119,356.2401,-1
339.8882,2.402746,261.7608,10.16675,277.6119,356.2401,-1
337.1328,2.404485,262.1282,10.19279,277.491,356.3014,-1
334.4186,2.40449,262.4885,10.12654,277.6154,356.311,-1
331.5174,2.404459,262.877,10.09782,277.6638,356.254,-1
328.5796,2.399727,263.2733,10.04814,277.6712,356.1458,-1
325.6519,2.404335,263.6691,10.00969,277.7625,356.0301,-1
322.7836,2.404348,264.0611,9.868945,277.8772,356.0556,-1
319.975,2.398277,264.448,9.73906,277.7183,356.1138,-1
317.2362,2.404404,264.8213,9.734272,277.7845,356.1578,-1
314.3641,2.40457,265.2079,7.915991,277.4154,356.4784,-1
312.0317,2.404541,265.5063,4.729166,277.1344,356.4469,-1
310.019,2.404544,265.7568,3.781806,276.9571,356.4569,-1
308.1531,2.404366,265.9837,5.159295,276.9221,356.131,-1
306.1446,2.399713,266.2279,4.944523,277.0602,355.8838,-1
304.1549,2.404152,266.4742,4.60683,277.0742,355.7482,-1
302.1989,2.397296,266.716,4.66708,276.978,355.8405,-1
300.3303,2.404312,266.9424,4.295887,276.775,356.0378,-1
298.1668,2.404314,267.1987,4.328938,276.7199,356.0416,-1
296.1489,2.404315,267.4357,4.178542,276.6587,356.0443,-1
294.2741,2.402191,267.6555,4.082326,276.6882,355.9854,-1
292.0186,2.403747,267.9192,4.080869,276.6782,355.9385,-1
290.0264,2.404282,268.1516,4.184623,276.5917,355.9836,-1
287.8148,2.399616,268.4075,4.070519,276.576,355.9465,-1
285.8208,2.401609,268.6376,4.058453,276.5849,355.9116,-1
283.7419,2.404356,268.8708,3.208984,275.2536,356.1223,-1
281.854,2.404821,269.0446,5.881848,274.2992,356.9455,-1
281.7372,2.404925,269.0606,5.409682,272.2034,357.1359,-1
281.7385,1.031517,269.0286,0,200.0017,0,enter1
281.7401,2.405102,269.0605,5.011419,271.0739,357.4552,-1
281.7395,2.405012,269.0605,3.919516,270.0279,357.2975,-1
281.7426,2.403671,269.0603,0.7086301,275.8828,354.8977,-1
281.7432,2.404115,269.0603,358.2839,276.9822,355.6923,-1
281.7297,2.406007,269.0591,358.6619,252.5558,359.0865,-1
281.7177,2.407048,269.0521,0.5317473,227.4042,0.9501631,-1
281.7123,2.4072,269.0457,1.27535,212.3361,1.223613,-1
281.7109,2.406723,269.0432,2.09143,207.2047,0.3688516,-1
281.712,2.405575,269.0453,2.274482,211.3391,358.3114,-1
281.7148,2.404544,269.049,2.418313,219.577,356.4616,-1
281.72,2.404351,269.054,1.620204,232.6073,356.1179,-1
281.7186,2.404911,269.0529,0.5625338,229.5117,357.1227,-1
281.7393,1.031517,269.0286,0,200.0017,0,exit1
281.7015,2.405705,269.0638,0.9059296,221.6846,358.6842,-1
281.4124,2.405668,269.2473,0.54664,205.8806,358.4797,-1
281.1663,2.404683,269.3501,357.7823,197.6177,356.7122,-1
281.0057,2.401484,269.3991,357.561,192.9364,355.8948,-1
281.0051,2.401814,269.398,359.2452,190.37,356.5587,-1
281.0051,2.401765,269.3978,2.769683,189.7201,356.4676,-1
281.0052,2.401656,269.3983,3.611471,190.5889,356.2678,-1
280.9523,2.39578,269.4082,5.170169,189.6063,357.9197,-1
280.8802,2.398351,269.3214,6.939666,188.9185,359.0918,-1
280.7276,2.405944,268.4661,7.866769,189.8624,358.9651,-1
280.4733,2.406019,267.0054,7.683286,189.8281,359.0997,-1
280.2203,2.405856,265.5369,8.311134,190.0355,358.8039,-1
279.9458,2.405703,263.9823,8.239023,189.8468,358.5264,-1
279.692,2.405591,262.523,7.918294,189.831,358.325,-1
279.3899,2.405538,260.756,8.068435,189.6497,358.3535,-1
279.0898,2.405475,258.9959,8.28653,189.6519,358.1151,-1
278.7912,2.405412,257.2503,8.260284,189.8086,358.0005,-1
278.4627,2.405385,255.357,8.23237,189.8584,357.9508,-1
278.1413,2.405414,253.5048,8.238018,189.8002,358.0033,-1
277.8223,2.405491,251.6508,8.20657,189.6566,358.1443,-1
277.4944,2.405498,249.7322,8.172041,189.7248,358.1562,-1
277.136,2.405456,247.6425,8.14397,189.7101,358.0804,-1
276.7885,2.405012,245.6056,7.829844,189.6265,358.0947,-1
276.4605,2.405481,243.6724,7.782636,189.5556,358.1273,-1
276.1138,2.405472,241.6063,7.67589,189.5462,358.1123,-1
275.7795,2.405458,239.6216,7.562598,189.5476,358.0871,-1
275.4086,2.402999,237.4165,7.562598,189.5476,358.0871,-1
275.0537,2.405458,235.3076,7.562598,189.5476,358.0871,-1
274.6765,2.405426,233.0494,7.528123,189.4284,358.0284,-1
274.3236,2.405406,230.9311,7.524502,189.4454,357.9925,-1
273.9501,2.405357,228.6889,7.415081,189.4576,357.9054,-1
273.5803,2.405334,226.4676,7.264717,189.4929,357.8637,-1
273.2312,2.405326,224.3715,7.191637,189.4531,357.8494,-1
272.8534,2.405082,222.1044,6.219448,189.4113,357.4151,-1
272.4868,2.40122,219.9169,8.674809,190.8071,356.3532,-1
272.3549,2.404297,219.27,13.57697,189.9943,355.9073,-1
272.3543,2.404684,219.2682,9.688417,190.229,356.6688,-1
272.3857,1.031517,219.2622,0,200.0017,0,enter2
272.3542,2.404688,219.2676,357.6474,189.951,356.7214,-1
272.3544,2.404355,219.2687,359.8983,191.7568,356.1266,-1
272.3548,2.404271,219.2702,0.5893814,194.5555,355.9758,-1
272.3557,2.404751,219.2734,350.9739,200.9621,356.797,-1
272.3553,2.404788,219.2723,352.8737,198.8187,356.8786,-1
272.3564,2.404409,219.2751,356.3611,203.9534,356.2151,-1
272.3574,2.404183,219.2769,356.1541,207.7771,355.8072,-1
272.3565,2.404544,219.2752,356.1591,204.267,356.4566,-1
272.3562,2.404918,219.2746,356.7145,203.0488,357.1308,-1
272.356,2.405046,219.2742,356.9711,202.1073,357.3607,-1
272.3557,2.405036,219.2733,357.5088,200.4829,357.3456,-1
272.3554,2.404924,219.2725,357.9573,198.8319,357.1444,-1
272.3553,2.405041,219.2722,358.0806,198.3967,357.3553,-1
272.3857,1.031517,219.2622,0,200.0017,0,exit2
272.3552,2.405064,219.2717,357.7859,197.3784,357.3957,-1
272.3548,2.404995,219.2704,357.252,194.9731,357.271,-1
272.3547,2.404943,219.2699,357.6725,194.0761,357.1779,-1
272.3547,2.404906,219.2701,357.917,194.4104,357.1115,-1
272.3547,2.404931,219.2701,358.0874,194.4864,357.1573,-1
272.3544,2.405099,219.2687,359.4043,191.7605,357.4597,-1
272.3412,2.404569,219.2747,359.7269,197.2821,356.5102,-1
272.073,2.404886,218.6298,358.7401,203.6205,357.0768,-1
272.0331,2.40537,218.6077,359.4633,183.1177,357.9459,-1
271.9277,2.405308,218.5833,358.2086,155.4797,357.8334,-1
271.6131,2.405463,218.386,357.7267,136.0813,358.1117,-1
271.208,2.402272,217.8058,358.9786,109.3795,359.4202,-1
270.8461,2.406198,216.6883,359.1733,106.8527,359.4283,-1
269.7861,2.406198,215.9387,359.1733,106.8527,359.4283,-1
269.588,2.403608,215.2467,0.8788765,77.44701,359.2497,-1
269.9095,2.40556,215.1707,2.233169,62.6531,358.284,-1
270.0981,2.405299,215.2706,2.399858,59.938,357.8161,-1
270.0934,2.404377,215.2688,2.294359,72.20114,356.1621,-1
270.0904,2.404523,215.2567,1.152275,82.35585,356.4275,-1
270.0917,2.404259,215.253,0.9346535,80.90321,355.9535,-1
270.1057,2.404429,215.1747,1.447867,78.84058,356.2583,-1
270.1163,2.40501,215.1306,4.921044,76.38145,357.2899,-1
270.12,2.405559,215.1308,5.732767,70.03962,358.2758,-1
270.7962,2.405366,215.3887,7.09634,66.66019,357.9226,-1
272.0739,2.405392,215.9545,7.207427,66.071,357.9698,-1
273.1577,2.405173,216.4254,7.662062,67.22794,357.5716,-1
274.3611,2.405156,216.927,7.912598,67.70784,357.5394,-1
275.6298,2.405099,217.4428,8.222651,67.81798,357.4333,-1
277.0032,2.405064,218.0032,8.505795,67.75703,357.369,-1
278.3289,2.404972,218.5513,8.386778,67.22977,357.2023,-1
279.6991,2.404827,219.1262,8.142197,66.97794,357.1657,-1
281.0591,2.404804,219.7087,8.277481,66.4483,357.1397,-1
282.375,2.405011,220.2885,8.427447,65.76089,357.2737,-1
283.7252,2.405024,220.8997,8.566447,65.27034,357.2962,-1
285.1263,2.404966,221.549,8.502077,64.84123,357.1913,-1
286.475,2.404989,222.1873,8.622533,64.25726,357.2322,-1
287.9235,2.404937,222.8897,8.682581,63.79172,357.1376,-1
289.3538,2.404898,223.5985,8.746822,63.3187,357.066,-1
290.6788,2.404086,224.2677,8.741258,62.91979,356.9011,-1
292.0731,2.400287,224.984,8.822493,62.61189,356.7429,-1
293.454,2.404934,225.6773,8.310637,64.50365,357.1346,-1
295.0375,2.404824,226.4248,8.00297,64.58211,356.9378,-1
296.6464,2.40538,227.1472,3.963435,67.4007,357.9586,-1
298.3167,2.405319,227.8749,3.914317,63.15584,357.85,-1
299.7932,2.405442,228.6402,4.169207,61.43604,358.0692,-1
301.4206,2.40142,229.5268,4.69999,61.10974,357.9292,-1
303.0136,2.405293,230.4079,4.670671,60.95453,357.8008,-1
304.3635,2.401807,231.1608,4.853413,60.49517,357.7498,-1
305.8781,2.405199,232.0188,4.793033,60.30912,357.6315,-1
307.5579,2.405149,232.9802,4.748158,59.94876,357.5417,-1
309.2391,2.405146,233.9565,4.648689,59.54296,357.5362,-1
310.8188,2.405165,234.844,4.534961,59.02317,357.571,-1
312.2874,2.405146,235.6835,4.469168,58.56044,357.5368,-1
313.8683,2.405119,236.6561,4.388006,57.93226,357.4892,-1
315.48,2.403708,237.6927,3.909178,54.7869,356.7912,-1
316.101,2.40394,238.1256,1.101771,50.0229,355.3804,-1
316.1155,2.405871,238.1365,358.7212,46.84344,358.8424,-1
316.1288,2.406372,238.1503,1.293339,43.68824,359.7408,-1
316.9987,2.405359,239.2697,5.021568,42.70816,359.9514,-1
318.0898,2.40556,241.1176,2.718891,45.91729,358.2838,-1
319.1933,2.404556,242.1735,3.079571,46.07792,356.6286,-1
320.1213,2.39499,243.067,5.590246,46.12435,356.9067,-1
321.4248,2.399466,244.3413,5.544621,44.7076,358.305,-1
322.686,2.39765,245.6194,3.035226,44.80737,358.6747,-1
323.8978,2.396702,246.8373,3.372739,44.62704,358.4424,-1
325.1428,2.399046,248.1045,3.802598,44.07072,358.1352,-1
326.4631,2.4056,249.4774,3.815691,43.40828,358.354,-1
327.718,2.405109,250.8217,6.600141,43.53386,357.4622,-1
328.067,2.405066,251.1906,1.566002,42.23476,357.4012,-1
328.0439,1.031517,251.2127,0,200.0017,0,enter0
