*Subject
2
*Layout
0
*Condition
True,True,True,False,True
*Marks
263.0833,0,176.1371
218.3895,0,254.2554
263.4897,0,280.0586
*Path
x,y,z,flag
236.4816,2.406121,222.0439,0.611622,244.7521,359.2908,-1
236.4817,2.406188,222.0439,3.654065,244.8997,359.4095,-1
236.4822,2.404908,222.0441,5.027544,245.536,357.1067,-1
236.4825,2.40377,222.0441,5.543692,245.8876,355.053,-1
236.4832,2.401409,222.0441,4.959435,246.7218,350.7801,-1
236.4828,2.403052,222.0442,6.017631,246.3282,353.7496,-1
236.4826,2.403581,222.0442,6.360243,245.9622,354.7036,-1
236.4829,2.404664,222.0444,6.158066,246.9194,356.6609,-1
236.4811,2.40766,222.0436,5.626571,243.9406,2.055531,-1
236.4809,2.408266,222.0435,6.18436,243.5765,3.151668,-1
236.4809,2.407486,222.0435,5.931571,243.5525,1.745558,-1
236.4813,2.407525,222.0437,5.292078,244.3151,1.812484,-1
236.481,2.407768,222.0435,6.079626,243.7431,2.253333,-1
236.4814,2.40727,222.0438,5.37991,244.5091,1.35468,-1
236.4817,2.407003,222.0439,4.085351,244.8865,0.8728344,-1
236.482,2.406785,222.044,4.061935,245.5299,0.4802875,-1
236.4858,2.405514,222.0455,0.6362366,252.7635,358.2031,-1
236.4911,2.40714,222.0466,0.3668484,262.4963,1.114769,-1
236.4986,2.408803,222.0467,359.0402,275.8447,4.097359,-1
236.4985,2.408716,222.0467,359.0319,275.6681,3.941443,-1
236.492,2.406795,222.0468,0.351752,264.1908,0.4969245,-1
236.4851,2.40519,222.0452,1.019704,251.4356,357.6228,-1
236.4854,2.40547,222.0453,1.573696,251.9553,358.1242,-1
236.4854,2.40544,222.0453,2.190837,251.9722,358.0698,-1
236.4833,2.404303,222.0445,1.952817,247.7664,356.0294,-1
236.4792,2.403282,222.0424,2.016218,239.4586,354.1935,-1
236.4794,2.403351,222.0425,2.096922,239.8922,354.3189,-1
236.4796,2.403429,222.0426,1.874876,240.273,354.4586,-1
236.4796,2.403457,222.0426,2.044533,240.2872,354.5093,-1
236.477,2.403026,222.041,2.963554,234.5818,353.7278,-1
236.4735,2.40124,222.0378,9.6601,224.8018,350.371,-1
236.4768,2.40083,222.0404,22.43524,229.8,348.9137,-1
236.4768,2.40083,222.0404,22.43524,229.8,348.9137,-1
236.4768,2.40083,222.0404,22.43524,229.8,348.9137,-1
236.4792,2.403291,222.0424,12.59078,238.3873,354.0703,-1
236.4783,2.401882,222.0417,9.544707,236.2073,351.5549,-1
236.4765,2.400226,222.04,8.303215,231.5055,348.5396,-1
236.477,2.400731,222.0405,8.735687,232.8677,349.4588,-1
236.4791,2.401101,222.042,9.12847,237.6376,350.1303,-1
236.479,2.404974,222.0424,4.623139,239.1312,357.2282,-1
236.4826,2.406312,222.0443,5.33312,246.5707,359.6317,-1
236.4832,2.40681,222.0446,7.827519,247.8805,0.5289807,-1
236.478,2.404216,222.0417,12.04915,236.2456,355.7835,-1
236.4767,2.403843,222.0408,16.71358,232.8625,354.994,-1
236.4767,2.403843,222.0408,16.71358,232.8625,354.994,-1
236.4769,2.404802,222.0411,14.40869,234.2151,356.8278,-1
236.4798,2.406656,222.0429,8.460018,241.166,0.2517192,-1
236.4769,2.410115,222.0409,44.69597,241.2008,9.10145,-1
236.4776,2.414258,222.0405,70.16272,279.0858,45.47126,-1
236.4812,2.412735,222.043,53.77428,259.0373,19.19762,-1
236.4846,2.422462,222.0405,44.80706,282.1263,44.61152,-1
236.4877,2.429951,222.0353,35.88097,300.7718,64.66725,-1
236.4878,2.432981,222.0313,28.51244,298.6293,70.24866,-1
236.4861,2.43254,222.0311,28.63358,290.1942,67.90241,-1
236.4884,2.433197,222.0312,26.71383,296.5738,68.96946,-1
236.4903,2.433989,222.0305,26.4347,308.7747,73.48592,-1
236.4953,2.433774,222.0317,24.53266,318.063,69.43681,-1
236.4993,2.43372,222.0313,24.11267,330.1433,68.6481,-1
236.5049,2.433417,222.0294,21.86522,342.0782,64.93022,-1
236.5053,2.434743,222.0262,15.42888,342.7764,66.21087,-1
236.5156,2.423172,222.0332,17.39202,329.0377,33.05138,-1
236.5184,2.415966,222.0349,16.97845,324.6405,17.98274,-1
236.5083,2.405784,222.0442,26.43899,293.2852,358.5342,-1
236.4963,2.407589,222.0469,2.478818,271.9813,1.920885,-1
236.4848,2.421144,222.0414,353.4645,245.1606,27.39244,-1
236.482,2.425643,222.0369,349.8209,231.1916,37.39167,-1
236.4845,2.42819,222.0358,349.4949,232.8483,43.53701,-1
236.4723,2.417925,222.034,11.57694,224.1653,21.33974,-1
236.4691,2.407005,222.0334,15.46671,215.4479,0.9058402,-1
236.4819,2.408142,222.0439,18.52227,246.183,3.069517,-1
236.492,2.403927,222.0466,14.38251,262.9596,355.2071,-1
236.5034,2.41519,222.0446,5.241423,286.8807,15.79443,-1
236.508,2.407634,222.0443,358.9637,293.3576,2.000035,-1
236.5224,2.409015,222.0317,8.114449,328.9759,4.52289,-1
236.527,2.408785,222.0182,354.4004,353.7894,4.08379,-1
236.527,2.409203,222.0184,353.9263,353.1723,4.841344,-1
236.527,2.40913,222.0183,354.3446,353.4286,4.706381,-1
236.527,2.408812,222.0183,354.5571,353.5527,4.131404,-1
236.5271,2.409395,222.017,354.8785,355.8475,5.180124,-1
236.5271,2.40935,222.0162,353.9281,357.1912,5.107288,-1
236.527,2.408978,222.0181,355.071,353.9119,4.427206,-1
236.5271,2.408621,222.0177,355.0313,354.6924,3.783829,-1
236.5271,2.408793,222.0173,354.7924,355.3029,4.096339,-1
236.5271,2.408651,222.0169,353.8997,355.9624,3.846049,-1
236.5271,2.408771,222.0171,354.226,355.6384,4.059317,-1
236.5271,2.408885,222.0171,353.8603,355.6788,4.267916,-1
236.5271,2.408789,222.0166,353.6374,356.4739,4.097337,-1
236.5271,2.408545,222.0168,353.5488,356.2453,3.656207,-1
236.5271,2.408635,222.0168,353.002,356.064,3.823666,-1
236.5271,2.408494,222.0168,353.175,356.1184,3.567614,-1
236.5271,2.408539,222.0168,352.8126,356.2126,3.651567,-1
236.5272,2.408469,222.0162,352.6587,357.2008,3.526652,-1
236.5272,2.408709,222.0162,352.0871,357.1378,3.965935,-1
236.5272,2.408519,222.0165,352.698,356.7287,3.616321,-1
236.5271,2.408437,222.0173,353.0694,355.3687,3.465704,-1
236.5271,2.408392,222.0174,353.1605,355.0752,3.382679,-1
236.5272,2.408462,222.0165,352.8465,356.6542,3.511916,-1
236.5271,2.408663,222.0167,352.2613,356.3104,3.881412,-1
236.5272,2.408282,222.0167,352.3971,356.3078,3.190614,-1
236.5271,2.40826,222.0171,352.9086,355.7029,3.147176,-1
236.5271,2.408296,222.0173,352.9619,355.2595,3.210443,-1
236.5271,2.409254,222.0169,351.6139,355.6799,4.958851,-1
236.5269,2.411046,222.0145,348.2442,359.091,8.311748,-1
236.5267,2.411768,222.0117,343.6776,2.945954,9.845906,-1
236.5271,2.405941,222.0121,355.5291,5.151443,358.9663,-1
236.527,2.405985,222.0109,357.2242,7.260463,359.0466,-1
236.5271,2.405685,222.0115,356.2864,6.287513,358.5081,-1
236.527,2.405137,222.011,355.9357,7.200309,357.5219,-1
236.5267,2.404612,222.0091,357.3818,10.72765,356.5836,-1
236.5267,2.402943,222.0099,357.8014,9.33637,353.5817,-1
236.5261,2.399616,222.0097,359.2282,9.814655,347.5442,-1
236.5224,2.391346,222.0073,353.9539,18.8902,331.5276,-1
236.5198,2.392233,222.0001,349.4231,36.49784,332.9939,-1
236.5197,2.392168,222,352.9473,34.93069,333.1399,-1
236.5225,2.390924,222.0085,353.5049,16.92356,330.6303,-1
236.522,2.389075,222.0172,354.7955,358.5667,326.8166,-1
236.5217,2.388529,222.0169,354.5953,359.348,325.6224,-1
236.5206,2.387254,222.0186,356.4475,354.4502,322.9048,-1
236.5195,2.386896,222.0222,357.1512,345.5743,322.1263,-1
236.5202,2.387442,222.0213,354.5783,349.5929,323.2177,-1
236.5195,2.386159,222.0197,353.9927,353.6887,320.2299,-1
236.5178,2.384529,222.0205,353.4534,352.2295,316.2408,-1
236.5181,2.384798,222.0205,352.5789,353.1371,316.8074,-1
236.5192,2.385799,222.0195,354.3375,353.9959,319.4114,-1
236.5179,2.385157,222.0223,352.4727,348.7284,317.6768,-1
236.5188,2.385198,222.019,352.053,357.4281,317.7244,-1
236.5183,2.384394,222.0164,351.6528,4.307642,315.6737,-1
236.5171,2.383305,222.0177,353.0959,0.1372528,313.0556,-1
236.5181,2.384354,222.0184,353.9369,357.1763,315.8529,-1
236.5191,2.385667,222.0193,355.5817,353.3591,319.1929,-1
236.5176,2.384114,222.02,357.6667,349.5437,315.5186,-1
236.5175,2.384088,222.0201,355.941,350.7847,315.3574,-1
236.5173,2.383848,222.0201,356.0427,350.7802,314.7574,-1
236.5171,2.383786,222.0205,354.7076,351.0832,314.4899,-1
236.5172,2.383486,222.0187,354.6991,355.6298,313.7122,-1
236.5172,2.383565,222.0187,353.7635,356.6335,313.8203,-1
236.5168,2.383257,222.0196,354.5851,353.5819,313.1022,-1
236.5165,2.383101,222.0201,353.2463,353.6488,312.535,-1
236.5166,2.38296,222.0186,353.8145,357.0024,312.2286,-1
236.5167,2.383086,222.0188,352.4085,357.9391,312.3787,-1
236.5159,2.382712,222.0204,350.8394,355.3127,311.1031,-1
236.5168,2.383553,222.0206,349.5201,356.1805,313.1288,-1
236.517,2.383677,222.0205,350.1996,355.6474,313.5881,-1
236.5172,2.383963,222.0208,349.0913,355.8747,314.1285,-1
236.5186,2.385009,222.0192,349.3539,359.3717,316.8506,-1
236.5213,2.38791,222.0132,358.8645,4.469284,324.4381,-1
236.5194,2.385566,222.0168,355.9177,359.1258,318.974,-1
236.5189,2.385071,222.0175,354.5174,358.5793,317.6794,-1
236.5155,2.382044,222.0188,355.827,354.2074,309.9313,-1
236.5145,2.381242,222.0188,353.6757,356.6627,307.3756,-1
236.5142,2.381121,222.0196,353.463,354.7495,306.9833,-1
236.5145,2.381266,222.0191,353.9062,355.4899,307.4781,-1
236.5146,2.381432,222.0193,352.6772,356.6108,307.7821,-1
236.5146,2.381398,222.0193,352.9503,356.3459,307.7263,-1
236.5144,2.381314,222.0196,352.6851,355.5937,307.4337,-1
236.5145,2.381244,222.0191,352.6689,357.2729,307.2232,-1
236.5148,2.38148,222.0191,351.9702,358.0956,307.7985,-1
236.5149,2.381603,222.019,351.7574,358.6423,308.1244,-1
236.5148,2.381577,222.0193,351.769,357.6648,308.0483,-1
236.5151,2.381742,222.0192,351.7965,357.8383,308.5344,-1
236.5145,2.381349,222.0193,353.0745,356.1619,307.5995,-1
236.5146,2.38141,222.0196,352.4684,355.9744,307.6827,-1
236.5146,2.381207,222.0183,353.9265,358.0016,307.3083,-1
236.515,2.381659,222.0189,353.6837,356.5294,308.5968,-1
236.5167,2.383269,222.0197,356.9956,350.6682,313.3236,-1
236.5171,2.383664,222.02,356.1976,350.8921,314.2963,-1
236.5161,2.382476,222.0184,356.9057,354.1385,311.2022,-1
236.5163,2.382805,222.0193,355.3698,353.3824,311.9767,-1
236.5161,2.38253,222.0187,356.3575,353.7736,311.3142,-1
236.5163,2.382896,222.0196,354.6451,353.427,312.1504,-1
236.5162,2.382682,222.0191,355.4683,353.652,311.6525,-1
236.5161,2.382507,222.0189,355.9614,353.8724,311.2206,-1
236.516,2.382511,222.0193,355.5941,353.1415,311.1997,-1
236.5163,2.382692,222.0188,355.8417,354.2544,311.7126,-1
236.5165,2.38299,222.0193,354.7457,354.2009,312.4107,-1
236.5164,2.382874,222.0193,354.9753,353.6302,312.1251,-1
236.5162,2.382711,222.0194,354.7743,353.7072,311.6651,-1
236.5162,2.382783,222.0197,354.2954,353.6208,311.8086,-1
236.5163,2.383089,222.0205,352.3073,353.5074,312.3717,-1
236.5163,2.38286,222.0198,353.467,354.2046,311.916,-1
236.5157,2.382559,222.0204,353.3614,352.4524,311.0837,-1
236.5146,2.381487,222.0198,354.9166,352.3352,308.2528,-1
236.5154,2.382068,222.0196,354.6933,353.3096,309.8851,-1
236.5156,2.382164,222.019,355.354,353.9862,310.2221,-1
236.5162,2.382565,222.0186,355.3858,355.3251,311.3267,-1
236.516,2.382406,222.0186,355.134,355.6335,310.8707,-1
236.5151,2.381845,222.0195,354.9469,353.119,309.2831,-1
236.5154,2.382193,222.0203,354.1915,351.8922,310.1769,-1
236.5154,2.382192,222.0203,354.2254,351.7946,310.1787,-1
236.5154,2.382072,222.0197,354.9102,352.8108,309.921,-1
236.5159,2.382363,222.0189,355.082,354.7146,310.7468,-1
236.5157,2.382349,222.0197,354.7994,352.948,310.6805,-1
236.5157,2.382266,222.0193,355.4788,353.1395,310.5168,-1
236.5147,2.381676,222.0203,354.2044,351.6782,308.7158,-1
236.5151,2.382007,222.0203,354.6003,351.2133,309.7033,-1
236.5153,2.382,222.0195,354.5759,353.6045,309.682,-1
236.5151,2.381866,222.0198,354.3381,352.9754,309.2737,-1
236.5154,2.382311,222.0206,353.2644,352.2208,310.385,-1
236.5155,2.382209,222.02,354.1456,352.8152,310.2166,-1
236.5153,2.382061,222.0199,355.2342,351.6193,309.9231,-1
236.5156,2.382467,222.0207,354.1852,350.6714,310.9348,-1
236.5152,2.382091,222.0205,354.4842,350.7337,309.9272,-1
236.5158,2.382556,222.0202,354.5917,351.697,311.2255,-1
236.5157,2.382666,222.0209,353.3929,351.0306,311.3798,-1
236.5153,2.382712,222.0223,352.2868,348.3494,311.349,-1
236.5154,2.382627,222.0218,353.134,348.8638,311.2406,-1
236.5157,2.382796,222.0216,353.0305,349.701,311.6848,-1
236.5156,2.382693,222.0215,353.1317,349.854,311.4188,-1
236.5154,2.382587,222.0217,353.0606,349.2778,311.1206,-1
236.5151,2.382364,222.0218,353.2569,348.83,310.5309,-1
236.515,2.382209,222.0217,353.0471,349.2061,310.0701,-1
236.5151,2.382372,222.0217,353.1955,348.9725,310.5451,-1
236.5155,2.382523,222.0211,353.6935,350.2984,311.0276,-1
236.5151,2.38223,222.0213,353.5424,349.7214,310.1979,-1
236.5155,2.382839,222.0223,353.0666,347.6862,311.8076,-1
236.5154,2.382496,222.0215,353.6296,349.2846,310.9461,-1
236.5155,2.382666,222.0217,352.9937,349.402,311.3264,-1
236.5154,2.382563,222.0217,353.288,348.921,311.0861,-1
236.5155,2.382701,222.0218,353.0219,349.1692,311.4272,-1
236.5154,2.382655,222.022,352.6862,348.8908,311.2531,-1
236.5152,2.382604,222.0223,352.2507,348.4937,311.0471,-1
236.5152,2.382599,222.0222,352.0495,349.0276,311.0026,-1
236.5154,2.382631,222.0218,352.8211,349.2096,311.2058,-1
236.5154,2.382616,222.0217,353.4638,348.8646,311.2526,-1
236.5153,2.382567,222.022,352.8818,348.5345,311.0405,-1
236.5151,2.382435,222.0221,352.9359,348.2927,310.6836,-1
236.515,2.382524,222.0225,352.3517,347.736,310.8406,-1
236.5149,2.382295,222.0221,352.6944,348.5555,310.258,-1
236.5148,2.382317,222.0225,352.3187,347.7325,310.2618,-1
236.5146,2.382244,222.0226,352.3244,347.3388,310.0572,-1
236.515,2.382387,222.0222,352.3452,348.5576,310.4621,-1
236.5148,2.38226,222.0223,352.4051,348.2123,310.1172,-1
236.5148,2.382267,222.0222,352.3873,348.4633,310.1321,-1
236.5151,2.382441,222.0222,352.2319,348.7889,310.5935,-1
236.5148,2.382254,222.0222,352.3861,348.5251,310.097,-1
236.5149,2.382255,222.0221,352.538,348.721,310.1221,-1
236.515,2.382301,222.0219,352.2304,349.7551,310.2018,-1
236.5152,2.382385,222.0215,352.4488,350.3957,310.4706,-1
236.515,2.382252,222.0216,352.559,349.9035,310.1187,-1
236.5149,2.382235,222.0219,352.7126,348.9382,310.0944,-1
236.515,2.382151,222.0215,352.8431,350.1299,309.878,-1
236.5151,2.382338,222.0217,352.7542,349.4306,310.386,-1
236.5148,2.382161,222.0218,352.6636,349.2455,309.8782,-1
236.5147,2.382017,222.0218,352.7473,349.3297,309.4833,-1
236.5148,2.382257,222.0222,352.3093,348.7488,310.0932,-1
236.5148,2.382143,222.022,352.5972,348.8848,309.8161,-1
236.5147,2.382111,222.0221,352.2848,348.9023,309.6775,-1
236.5147,2.382117,222.022,352.637,348.8747,309.7503,-1
236.5152,2.382431,222.0216,352.45,350.1728,310.5999,-1
236.5152,2.382304,222.0213,352.6774,350.7253,310.283,-1
236.5151,2.382253,222.0215,352.7336,350.2083,310.1482,-1
236.5147,2.38205,222.0219,352.6371,349.0001,309.5601,-1
236.515,2.382364,222.022,352.2377,349.2253,310.3801,-1
236.5149,2.382233,222.022,352.3362,349.2401,310.0295,-1
236.5147,2.38211,222.0221,352.101,349.2463,309.6428,-1
236.514,2.381573,222.0221,352.3533,348.704,308.1407,-1
236.5142,2.381719,222.022,352.2915,349.1469,308.5546,-1
236.5148,2.382211,222.0221,352.0852,349.2241,309.9273,-1
236.5145,2.382166,222.0227,351.627,347.9878,309.7213,-1
236.5145,2.382091,222.0224,351.6226,348.7321,309.5067,-1
236.5144,2.381984,222.0223,351.6973,348.8419,309.2144,-1
236.5145,2.381959,222.0222,351.853,349.0643,309.1715,-1
236.5145,2.381976,222.0221,351.8555,349.4879,309.2212,-1
236.5146,2.382042,222.0222,351.7262,349.2951,309.3862,-1
236.5144,2.381986,222.0224,351.4026,349.0395,309.1677,-1
236.5145,2.38209,222.0226,350.8882,349.0239,309.3658,-1
236.5146,2.38205,222.0222,351.7511,349.3097,309.4135,-1
236.5144,2.381937,222.0222,352.2021,348.449,309.1684,-1
236.5137,2.381679,222.0231,351.5066,346.6585,308.2987,-1
236.5137,2.381586,222.0229,351.3335,347.5521,307.9905,-1
236.5138,2.38166,222.0227,351.4265,347.9044,308.2294,-1
236.5136,2.381601,222.023,351.1693,347.2529,308.0042,-1
236.5137,2.381539,222.0226,351.3226,348.3854,307.8517,-1
236.5136,2.381397,222.0226,351.1047,348.7555,307.3861,-1
236.5135,2.381385,222.0227,351.2095,348.1985,307.3719,-1
236.5138,2.381683,222.0229,350.8764,348.1887,308.1861,-1
236.5138,2.381683,222.0229,350.8764,348.1887,308.1861,-1
236.5138,2.381683,222.0229,350.8764,348.1887,308.1861,-1
236.5136,2.38153,222.0228,351.1232,347.9827,307.7863,-1
236.5136,2.381584,222.023,350.909,347.6303,307.8998,-1
236.5144,2.382035,222.0226,351.8639,348.0287,309.3913,-1
236.5136,2.381601,222.0232,350.2932,347.9308,307.8216,-1
236.5129,2.381029,222.0229,349.8653,349.1804,305.9896,-1
236.5137,2.381888,222.0238,348.3411,348.6185,308.2003,-1
236.5127,2.381216,222.0238,348.0863,348.7695,306.091,-1
236.513,2.381453,222.024,348.0891,348.1361,306.8237,-1
236.513,2.381371,222.0237,348.5713,348.4756,306.7082,-1
236.5129,2.381293,222.0237,348.5355,348.7189,306.4573,-1
236.5131,2.381399,222.0235,348.6441,349.0416,306.8107,-1
236.5129,2.381166,222.0232,349.3127,349.0218,306.2752,-1
236.5131,2.381297,222.0232,349.1049,349.3686,306.622,-1
236.5131,2.381244,222.0231,349.4638,349.1737,306.5515,-1
236.5133,2.381331,222.023,349.318,349.7987,306.7803,-1
236.5142,2.381743,222.022,350.7784,350.9414,308.3419,-1
236.5138,2.381522,222.0224,350.3036,350.2752,307.5894,-1
236.5135,2.381401,222.0226,350.0045,349.9194,307.1581,-1
236.5137,2.381442,222.0224,349.6923,351.0591,307.2072,-1
236.5136,2.381529,222.0229,348.8882,350.8292,307.2688,-1
236.5138,2.38122,222.0212,349.3424,355.2534,306.4458,-1
236.5134,2.381076,222.0218,348.9328,354.1214,305.8943,-1
236.5134,2.381069,222.0219,349.2096,353.4642,305.9464,-1
236.5136,2.381164,222.0216,349.1953,354.2588,306.2374,-1
236.5135,2.381141,222.0217,348.9537,354.322,306.1008,-1
236.5137,2.381229,222.0218,349.0898,354.0007,306.4108,-1
236.5134,2.38106,222.0219,348.9915,353.6317,305.8605,-1
236.5133,2.381143,222.0223,349.0982,352.3352,306.1471,-1
236.5134,2.381164,222.0222,348.7348,352.9159,306.1138,-1
236.5134,2.38119,222.0224,348.4555,352.9764,306.1162,-1
236.5134,2.381094,222.022,348.9832,353.4655,305.9647,-1
236.5135,2.381194,222.0221,348.5551,353.6725,306.1588,-1
236.5136,2.381294,222.0222,348.0468,353.9709,306.3217,-1
236.5135,2.381241,222.0222,348.4627,353.5898,306.276,-1
236.5134,2.381255,222.0226,348.4457,352.4039,306.3143,-1
236.5133,2.38115,222.0224,347.9211,353.7136,305.8394,-1
236.5133,2.381604,222.0237,346.7531,351.1177,306.886,-1
236.5134,2.381402,222.023,347.6523,351.8816,306.5421,-1
236.5134,2.381413,222.023,346.8396,353.262,306.3252,-1
236.5128,2.381001,222.023,346.9438,353.1945,305.0616,-1
236.5129,2.381212,222.0234,346.4728,352.5551,305.577,-1
236.5126,2.381016,222.0234,347.1939,351.483,305.1906,-1
236.5132,2.381618,222.024,346.1731,350.7724,306.7459,-1
236.5129,2.381543,222.0244,345.0976,351.1577,306.1374,-1
236.5128,2.38142,222.0242,345.7139,350.9922,305.9715,-1
236.5131,2.381415,222.0237,346.0616,352.0988,306.0771,-1
236.5143,2.38187,222.0223,347.7141,353.873,307.9747,-1
236.5141,2.381491,222.0216,349.3814,353.9953,307.2794,-1
236.5125,2.381105,222.0239,347.9749,348.7278,305.7148,-1
236.5118,2.381098,222.0252,346.9498,345.6991,305.3722,-1
236.5119,2.381175,222.0252,346.4984,346.3295,305.4684,-1
236.5122,2.38137,222.0251,345.7544,347.8677,305.8266,-1
236.513,2.381717,222.0246,345.6724,349.5155,306.8802,-1
236.513,2.381667,222.0246,345.6201,349.7166,306.7081,-1
236.5129,2.381586,222.0244,346.0237,349.7626,306.5965,-1
236.5126,2.381333,222.0244,346.0561,349.7757,305.8157,-1
236.5127,2.381405,222.0243,346.0349,350.0212,306.0359,-1
236.513,2.381389,222.0237,346.0794,352.0708,305.9987,-1
236.5131,2.381536,222.0239,346.1612,351.2659,306.485,-1
236.5129,2.381533,222.0243,346.6956,349.2437,306.6523,-1
236.5124,2.381426,222.025,346.1321,347.6936,306.1344,-1
236.5121,2.381214,222.025,346.3943,347.2558,305.5563,-1
236.5128,2.381939,222.0255,344.9188,347.8419,307.3026,-1
236.513,2.381842,222.025,345.2872,348.7526,307.1317,-1
236.513,2.381724,222.0246,345.804,349.5282,306.9464,-1
236.513,2.381724,222.0246,345.804,349.5282,306.9464,-1
236.513,2.381724,222.0246,345.804,349.5282,306.9464,-1
236.5127,2.381591,222.0249,345.9768,348.278,306.5945,-1
236.5126,2.381407,222.0245,346.1918,349.119,306.0965,-1
236.513,2.381783,222.0247,345.5239,349.3297,307.0351,-1
236.5133,2.381914,222.0246,345.0432,350.5635,307.2692,-1
236.5134,2.381907,222.0244,345.446,350.4883,307.3874,-1
236.5129,2.381634,222.0247,345.5775,349.5782,306.5921,-1
236.5127,2.38136,222.0242,345.9324,350.6504,305.8584,-1
236.513,2.381655,222.0244,345.6646,350.1749,306.6884,-1
236.5131,2.381515,222.024,346.3795,350.7359,306.4919,-1
236.5122,2.381119,222.0245,345.9463,349.608,305.0957,-1
236.5125,2.381236,222.0243,345.9152,350.3567,305.4599,-1
236.5128,2.381644,222.0249,345.1178,349.4468,306.4614,-1
236.5127,2.381097,222.0235,346.0128,352.7774,305.0495,-1
236.5123,2.381,222.024,345.2938,352.1534,304.4719,-1
236.5131,2.381528,222.0239,346.4434,350.9565,306.5559,-1
236.5133,2.381914,222.0246,346.2578,348.9313,307.6729,-1
236.5129,2.381615,222.0246,346.6392,348.3404,306.8843,-1
236.5129,2.381612,222.0245,346.6888,348.4039,306.8918,-1
236.5135,2.382019,222.0244,345.8745,349.8601,307.868,-1
236.5137,2.382308,222.0247,344.697,350.4174,308.3389,-1
236.5134,2.38207,222.0247,344.9637,350.0748,307.7152,-1
236.5134,2.382188,222.0251,343.9201,350.5028,307.6986,-1
236.5127,2.381498,222.0246,345.75,349.5887,306.2286,-1
236.5131,2.381453,222.0238,346.5463,351.0141,306.3542,-1
236.5133,2.382037,222.0249,344.3742,350.33,307.4045,-1
236.5129,2.381678,222.0247,344.5445,350.9043,306.3573,-1
236.5134,2.381747,222.0239,346.1357,351.1408,307.1283,-1
236.5127,2.381499,222.0246,346.0065,349.149,306.3204,-1
236.5122,2.381067,222.0244,348.1775,346.6308,305.6532,-1
236.5121,2.381112,222.0246,347.6398,346.8214,305.6353,-1
236.5123,2.38095,222.024,348.0061,348.3847,305.2351,-1
236.5114,2.380606,222.0246,346.8907,347.8498,303.7597,-1
236.5117,2.380574,222.0239,347.5334,349.2121,303.8696,-1
236.5121,2.380805,222.0239,346.7805,350.4591,304.3743,-1
236.5121,2.380805,222.0239,346.7805,350.4591,304.3743,-1
236.5121,2.380805,222.0239,346.7805,350.4591,304.3743,-1
236.5119,2.380753,222.0241,346.6107,349.7358,304.1434,-1
236.512,2.380874,222.0241,346.4058,350.0926,304.4689,-1
236.5119,2.380709,222.024,346.8245,349.9814,304.0749,-1
236.5122,2.38117,222.0247,345.3212,349.8427,305.0343,-1
236.512,2.381102,222.0248,345.4105,349.2521,304.8455,-1
236.5118,2.380925,222.0247,345.7523,349.328,304.3992,-1
236.5118,2.380845,222.0245,345.9137,349.5898,304.1946,-1
236.5118,2.380897,222.0246,345.6646,349.6611,304.2724,-1
236.5118,2.380938,222.0247,345.538,349.4805,304.3611,-1
236.5116,2.38068,222.0245,346.2811,349.0816,303.7871,-1
236.5115,2.380691,222.0246,346.1344,348.9831,303.7667,-1
236.5119,2.380924,222.0244,345.5635,350.3521,304.3225,-1
236.512,2.380896,222.0243,345.437,351.1762,304.1823,-1
236.5119,2.380856,222.0244,345.4471,350.6772,304.0545,-1
236.5117,2.3808,222.0244,345.7114,350.0592,303.9702,-1
236.5125,2.381287,222.0245,345.4724,350.1967,305.4644,-1
236.5108,2.380666,222.0256,346.5836,344.6837,303.8497,-1
236.5089,2.380569,222.0277,344.0256,340.0958,302.4938,-1
236.5109,2.380617,222.0254,346.932,344.8107,303.8094,-1
236.5102,2.380077,222.025,346.0919,347.3367,301.6574,-1
236.5105,2.380323,222.0253,345.8372,346.7219,302.4125,-1
236.5112,2.380826,222.0255,345.6543,346.6298,304.034,-1
236.5115,2.380953,222.0253,344.0601,349.6754,303.8182,-1
236.5115,2.381056,222.0255,344.3045,348.6302,304.2628,-1
236.5115,2.380794,222.0249,344.9215,349.6728,303.644,-1
236.5125,2.381274,222.0244,345.6273,350.3576,305.4778,-1
236.5122,2.381294,222.0249,344.9388,349.6194,305.2878,-1
236.5122,2.381219,222.0247,344.8846,350.4004,305.0265,-1
236.5122,2.381219,222.0247,344.8846,350.4004,305.0265,-1
236.5122,2.381219,222.0247,344.8846,350.4004,305.0265,-1
236.5126,2.38139,222.0245,344.7453,351.4311,305.5212,-1
236.5126,2.381426,222.0246,344.7737,350.8672,305.6467,-1
236.5124,2.381313,222.0246,344.6601,351.0967,305.2411,-1
236.513,2.381534,222.0243,345.1516,351.4992,306.1283,-1
236.5121,2.380966,222.0243,345.4086,351.1124,304.4039,-1
236.5119,2.380804,222.0243,345.7,350.6828,303.9796,-1
236.5121,2.380752,222.0236,346.5714,351.597,304.1282,-1
236.5114,2.380637,222.0247,346.0424,348.6998,303.5557,-1
236.5127,2.381317,222.0241,345.8896,350.9397,305.7089,-1
236.513,2.381238,222.0233,344.7885,355.2575,305.0477,-1
236.5123,2.381047,222.0242,344.9325,351.9724,304.4859,-1
236.5125,2.381097,222.024,344.723,353.1909,304.5652,-1
236.5127,2.38117,222.0237,345.2307,353.2298,304.9989,-1
236.513,2.381269,222.0233,345.4518,354.1519,305.4011,-1
236.512,2.380871,222.0241,345.0568,352.1582,303.9524,-1
236.5123,2.380761,222.0234,345.4867,353.9276,303.7552,-1
236.512,2.380725,222.0237,346.1302,351.981,303.8817,-1
236.5109,2.380217,222.0243,345.553,351.0211,301.9277,-1
236.5113,2.380368,222.024,345.2584,352.4146,302.3316,-1
236.5118,2.380759,222.0243,345.1985,351.4232,303.6357,-1
236.5117,2.380519,222.0237,345.6794,352.581,303.0201,-1
236.5122,2.381295,222.0249,344.8372,349.6957,305.2538,-1
236.5129,2.381621,222.0246,344.1868,351.8253,306.042,-1
236.513,2.38176,222.0247,343.5148,352.2456,306.2127,-1
236.5131,2.381629,222.0243,344.5097,352.3301,306.1879,-1
236.5131,2.381578,222.0241,344.1435,353.329,305.887,-1
236.5131,2.381671,222.0244,344.0828,352.7022,306.1589,-1
236.5131,2.381575,222.0241,344.2917,353.1266,305.9364,-1
236.5131,2.381575,222.0241,344.4536,352.9992,305.9984,-1
236.5131,2.381528,222.024,344.4592,353.3841,305.8514,-1
236.513,2.38147,222.024,344.5873,353.1375,305.7146,-1
236.5129,2.381376,222.024,344.6699,353.216,305.4482,-1
236.5129,2.381369,222.0239,344.8219,353.1811,305.4839,-1
236.5131,2.38144,222.0237,344.9165,353.6423,305.7452,-1
236.5131,2.381454,222.0238,344.7945,353.5944,305.7426,-1
236.513,2.381399,222.0238,344.8665,353.5184,305.5974,-1
236.5133,2.381548,222.0236,345.0656,353.7688,306.1427,-1
236.5134,2.38155,222.0234,345.1688,354.2768,306.1843,-1
236.5136,2.381631,222.0233,345.0139,354.8396,306.3832,-1
236.5137,2.381747,222.0233,344.8878,354.8377,306.6996,-1
236.5136,2.381629,222.0233,345.0006,354.8454,306.3702,-1
236.5134,2.381611,222.0235,345.1496,353.8272,306.3696,-1
236.5135,2.381691,222.0236,345.0907,353.5686,306.5974,-1
236.5134,2.381658,222.0238,344.5936,353.7842,306.3107,-1
236.5122,2.38167,222.0258,343.4346,348.774,305.8941,-1
236.5103,2.381287,222.0276,343.5172,342.2814,304.6909,-1
236.5119,2.382059,222.0271,343.6505,344.0365,307.1998,-1
236.5112,2.381819,222.0276,342.5663,344.0166,306.0046,-1
236.5116,2.381814,222.0271,342.9517,345.1652,306.1513,-1
236.5111,2.381636,222.0274,342.6755,344.4255,305.4636,-1
236.5124,2.381929,222.0262,343.3866,347.5303,306.6937,-1
236.5124,2.381644,222.0255,345.36,347.1607,306.548,-1
236.5113,2.381244,222.0262,344.8277,345.3815,305.0843,-1
236.5119,2.381545,222.0261,344.6037,346.1584,305.9602,-1
236.5116,2.381466,222.0263,344.1594,346.1509,305.538,-1
236.512,2.381793,222.0265,344.1177,345.6529,306.553,-1
236.5117,2.381716,222.0267,344.2989,344.6652,306.3835,-1
236.5114,2.381506,222.0267,343.978,344.942,305.5932,-1
236.5094,2.37937,222.0243,347.7829,346.7871,299.7734,-1
236.5091,2.379629,222.0254,346.4197,344.8425,300.1835,-1
236.5123,2.381333,222.0249,349.0108,344.0829,306.7058,-1
236.512,2.38177,222.0264,344.7991,344.9418,306.7376,-1
236.5129,2.381616,222.0245,346.117,349.2691,306.719,-1
236.5118,2.381709,222.0266,343.8133,345.6794,306.1722,-1
236.5128,2.382118,222.0259,344.2724,347.3056,307.6158,-1
236.5127,2.381661,222.0251,344.7922,349.2579,306.397,-1
236.5132,2.381925,222.0247,344.4402,350.9447,307.0861,-1
236.5137,2.38127,222.0217,346.0986,358.3238,305.6329,-1
236.5201,2.386652,222.0183,358.8934,353.0789,321.6167,-1
236.527,2.402803,222.0167,358.508,357.0195,353.3325,-1
236.527,2.4022,222.0145,2.000955,0.537371,352.2415,-1
236.5264,2.399328,222.0162,6.852408,356.0004,346.9224,-1
236.5258,2.397643,222.0184,5.886051,351.805,343.812,-1
236.5264,2.399214,222.0168,5.366559,355.2253,346.7492,-1
236.5265,2.400034,222.0179,4.450848,353.7169,348.2755,-1
236.5264,2.400018,222.018,3.784071,353.5672,348.2555,-1
236.5264,2.399779,222.018,3.539284,353.6206,347.8212,-1
236.5263,2.399555,222.0183,3.368625,352.9556,347.4114,-1
236.5263,2.399434,222.0182,3.463077,353.245,347.189,-1
236.5262,2.398941,222.0183,3.770121,352.7365,346.2741,-1
236.5261,2.398791,222.0184,3.642677,352.7205,345.9998,-1
236.5261,2.398734,222.0183,3.547651,352.8338,345.8958,-1
236.5261,2.398692,222.0185,3.22738,352.6206,345.8229,-1
236.526,2.398306,222.0179,5.911858,352.8562,345.0509,-1
236.526,2.398717,222.0193,10.18934,349.3423,345.6618,-1
236.526,2.39923,222.0202,10.72463,347.6738,346.5983,-1
236.5259,2.399192,222.0207,10.7028,346.7019,346.5287,-1
236.5257,2.399044,222.0214,9.494884,345.6832,346.3041,-1
236.5254,2.405629,222.0257,9.461226,339.9557,358.3878,-1
236.5214,2.412312,222.0325,8.617338,327.6612,10.55424,-1
236.5193,2.410255,222.0357,20.15756,321.6311,7.148842,-1
236.5178,2.412376,222.0369,28.86778,321.5841,12.06761,-1
236.5063,2.41677,222.0432,58.08944,324.2366,37.31162,-1
236.4978,2.415144,222.0456,69.31554,322.4998,49.7549,-1
236.4967,2.414404,222.0459,59.89523,298.7399,29.43369,-1
236.4959,2.410252,222.0467,51.42242,279.6461,10.78791,-1
236.491,2.40965,222.0465,48.94991,268.7192,8.573662,-1
236.4942,2.409358,222.0468,17.99423,269.7416,5.355168,-1
236.4911,2.400672,222.0461,7.183378,261.0291,349.3919,-1
236.5016,2.406982,222.0463,20.90847,281.794,0.8913771,-1
236.5082,2.412334,222.0436,28.29787,299.9009,11.91549,-1
236.5098,2.410052,222.0432,22.38029,299.843,6.861727,-1
236.5066,2.410244,222.0446,22.22672,293.5563,7.22676,-1
236.4998,2.403441,222.0464,19.55752,276.1284,354.1448,-1
236.4957,2.403524,222.0468,21.19989,268.7027,354.2417,-1
236.495,2.410708,222.0466,40.92146,276.0558,9.98171,-1
236.5067,2.399339,222.0439,23.47508,285.6931,345.8441,-1
236.5056,2.392208,222.0416,358.2442,292.1114,333.4251,-1
236.5103,2.392387,222.0394,340.9346,311.2354,332.1481,-1
236.5137,2.397784,222.0396,331.3122,315.6708,341.8737,-1
236.5205,2.40384,222.0345,332.9572,324.6638,354.6109,-1
236.5226,2.403275,222.0313,352.1728,329.7838,354.1305,-1
236.5227,2.403684,222.0311,346.8952,330.6799,354.785,-1
236.5237,2.404716,222.0295,342.4622,333.9148,356.6155,-1
236.5248,2.405634,222.0273,343.6347,337.7792,358.3512,-1
236.5245,2.402948,222.0274,344.9727,338.5708,353.3694,-1
236.5244,2.404329,222.0281,350.7331,336.3095,356.0271,-1
236.5244,2.405136,222.0281,358.6482,335.6489,357.526,-1
236.5245,2.406359,222.028,8.633872,335.9128,359.7148,-1
236.5237,2.406714,222.0297,9.872795,332.6157,0.3583356,-1
236.5232,2.406448,222.0305,14.77138,330.7547,359.8724,-1
236.5229,2.405993,222.031,16.50671,329.5807,359.0204,-1
236.524,2.40612,222.0289,3.697773,334.029,359.2879,-1
236.5239,2.405418,222.0292,1.855118,333.37,358.0316,-1
236.5244,2.405859,222.0281,3.469519,335.494,358.8201,-1
236.5246,2.406437,222.0276,2.910014,336.6374,359.8566,-1
236.5249,2.406151,222.027,4.010555,337.6785,359.3426,-1
236.5247,2.406107,222.0274,6.89195,336.9174,359.2613,-1
236.5249,2.406313,222.0269,5.018875,337.9469,359.6326,-1
236.5249,2.406022,222.0269,7.553029,337.9621,359.1053,-1
236.5245,2.405805,222.0278,9.823819,335.9386,358.7059,-1
236.5249,2.405847,222.0269,6.787242,337.8295,358.7922,-1
236.5248,2.405965,222.0272,9.373855,337.2447,358.9978,-1
236.5248,2.405811,222.0272,7.423326,337.2073,358.7254,-1
236.5249,2.405805,222.0269,4.408531,337.8242,358.7206,-1
236.5247,2.405857,222.0275,2.640922,336.7134,358.8167,-1
236.5246,2.406111,222.0276,1.836661,336.567,359.2719,-1
236.5248,2.406196,222.0273,2.198751,337.2217,359.4246,-1
236.5248,2.406297,222.0272,2.085523,337.4499,359.6062,-1
236.5249,2.406167,222.0271,1.554004,337.6394,359.3723,-1
236.5248,2.405901,222.0271,0.5210096,337.5823,358.8976,-1
236.525,2.406232,222.0267,0.4780197,338.3719,359.4898,-1
236.5248,2.40617,222.0272,0.9374103,337.3633,359.3785,-1
236.5248,2.40617,222.0272,0.9374103,337.3633,359.3785,-1
236.5248,2.40617,222.0272,0.9374103,337.3633,359.3785,-1
236.5249,2.406129,222.0271,1.557729,337.6104,359.3052,-1
236.5248,2.406159,222.0272,1.872308,337.4149,359.3587,-1
236.5248,2.406247,222.0273,2.317713,337.1661,359.5167,-1
236.5247,2.406302,222.0274,3.541165,337.087,359.6146,-1
236.5247,2.406287,222.0274,3.550432,336.977,359.588,-1
236.5247,2.406312,222.0275,3.395834,336.8007,359.6323,-1
236.5247,2.406229,222.0274,3.333188,336.9826,359.4821,-1
236.5247,2.406019,222.0273,3.187606,337.0868,359.1071,-1
236.5247,2.406177,222.0275,3.086723,336.8026,359.3893,-1
236.5246,2.406211,222.0276,2.889333,336.613,359.4522,-1
236.5247,2.40608,222.0274,2.923275,336.9012,359.2163,-1
236.5248,2.406019,222.0273,3.086079,337.1176,359.1069,-1
236.5247,2.406054,222.0273,3.802438,337.0719,359.1699,-1
236.5248,2.405951,222.0273,4.309783,337.1548,358.9841,-1
236.5248,2.405876,222.0272,4.472903,337.2832,358.8483,-1
236.5248,2.405841,222.0272,4.384607,337.3886,358.7852,-1
236.5248,2.405886,222.0273,4.584969,337.181,358.8668,-1
236.5248,2.405912,222.0273,4.709459,337.2041,358.9128,-1
236.5247,2.406197,222.0276,5.525052,336.6256,359.424,-1
236.5246,2.405955,222.0276,6.191747,336.5073,358.987,-1
236.5246,2.405776,222.0277,8.078212,336.2065,358.6591,-1
236.5245,2.405484,222.0278,8.205011,335.9539,358.1315,-1
236.5243,2.404579,222.0282,8.92794,334.898,356.4846,-1
236.5243,2.40591,222.0284,10.14201,334.9886,358.8965,-1
236.524,2.406846,222.0291,11.19326,333.8155,0.6000262,-1
236.5234,2.407379,222.0301,13.29122,332.0547,1.586668,-1
236.5236,2.406523,222.0297,7.263665,332.4538,0.01146631,-1
236.5235,2.40602,222.0299,6.395124,331.9613,359.1035,-1
236.524,2.405972,222.0291,6.285779,333.6446,359.0179,-1
236.5235,2.405854,222.0299,9.345035,331.8842,358.7971,-1
236.5239,2.404903,222.029,11.06284,333.2127,357.054,-1
236.5239,2.4059,222.0291,10.94055,333.4586,358.8755,-1
236.5245,2.405068,222.0279,8.499459,335.635,357.3766,-1
236.5245,2.405849,222.0279,5.382962,335.8897,358.7996,-1
236.5249,2.405775,222.027,3.317628,337.6938,358.6691,-1
236.5248,2.405852,222.0272,0.2851161,337.4828,358.809,-1
236.5247,2.405817,222.0273,0.1267475,337.1311,358.7467,-1
236.5247,2.405205,222.0274,0.2278275,337.0498,357.6501,-1
236.5257,2.405654,222.0247,10.90982,341.8087,358.4257,-1
236.5244,2.406311,222.028,13.45958,335.6752,359.6206,-1
236.521,2.406614,222.0339,11.21082,323.5668,0.1775166,-1
236.5215,2.406053,222.0332,10.41899,324.9601,359.1556,-1
236.5201,2.407031,222.0351,12.49042,321.1385,0.9420959,-1
236.5241,2.406606,222.0289,5.755361,334.1578,0.1598011,-1
236.5249,2.405546,222.027,3.530596,337.6473,358.2577,-1
236.5247,2.405785,222.0275,3.152157,336.842,358.6869,-1
236.5249,2.405475,222.0269,2.196991,337.9709,358.1326,-1
236.5249,2.405524,222.0269,2.540527,338.0197,358.2191,-1
236.5248,2.405596,222.0273,3.117881,337.2527,358.3483,-1
236.5249,2.405563,222.027,2.936478,337.6274,358.2896,-1
236.5252,2.405232,222.0263,4.209825,339.0296,357.6926,-1
236.5249,2.405121,222.027,4.738488,337.5724,357.4915,-1
236.5249,2.404718,222.0268,4.613832,337.895,356.7678,-1
236.5248,2.404881,222.0271,4.802594,337.294,357.0585,-1
236.5247,2.404635,222.0273,4.836995,336.8531,356.6165,-1
236.5247,2.404627,222.0274,5.350798,336.6476,356.5998,-1
236.5248,2.404835,222.027,5.315987,337.4232,356.9737,-1
236.5251,2.404413,222.0264,4.552821,338.6731,356.2183,-1
236.525,2.404959,222.0266,5.076731,338.368,357.1973,-1
236.5251,2.405149,222.0263,5.099544,338.9145,357.54,-1
236.5253,2.405396,222.0258,6.025042,339.9048,357.982,-1
236.5255,2.405207,222.0255,4.830746,340.5215,357.6452,-1
236.5253,2.405412,222.0258,4.732942,339.9181,358.015,-1
236.5254,2.405181,222.0257,4.758075,340.1593,357.5995,-1
236.5256,2.404958,222.025,4.672048,341.3458,357.1975,-1
236.5253,2.405566,222.026,4.430806,339.6231,358.2912,-1
236.5251,2.406144,222.0265,3.250091,338.8209,359.3319,-1
236.5251,2.406145,222.0265,3.250091,338.8209,359.3319,-1
236.5245,2.406644,222.0279,3.858462,336.0018,0.2279287,-1
236.5246,2.406376,222.0276,4.049211,336.5821,359.7473,-1
236.5248,2.406397,222.0273,3.993621,337.3299,359.784,-1
236.5249,2.406048,222.0269,4.310883,338.0149,359.1576,-1
236.525,2.405834,222.0266,4.285799,338.459,358.7742,-1
236.5251,2.405605,222.0264,3.94102,338.8356,358.3626,-1
236.525,2.405809,222.0267,3.97849,338.3347,358.7294,-1
236.525,2.405741,222.0266,4.160849,338.4415,358.6068,-1
236.525,2.40573,222.0267,4.151977,338.2152,358.5864,-1
236.5249,2.405732,222.0269,4.578483,337.994,358.5899,-1
236.525,2.405572,222.0267,4.60789,338.2658,358.3031,-1
236.525,2.405477,222.0267,4.573597,338.267,358.1318,-1
236.525,2.405454,222.0267,4.687355,338.2556,358.0896,-1
236.525,2.405385,222.0266,4.510536,338.4155,357.9668,-1
236.525,2.405315,222.0267,4.249066,338.2783,357.8411,-1
236.5249,2.405489,222.0269,4.010166,337.7598,358.1549,-1
236.5249,2.405235,222.0269,3.933231,337.7108,357.6988,-1
236.5249,2.40528,222.027,3.977546,337.7029,357.7795,-1
236.5249,2.405204,222.027,3.975328,337.641,357.6433,-1
236.5248,2.405215,222.0271,3.578098,337.4183,357.6631,-1
236.5248,2.405151,222.0272,3.852749,337.3033,357.5482,-1
236.5248,2.405296,222.0272,4.705159,337.2992,357.8066,-1
236.5246,2.405438,222.0277,5.41186,336.2912,358.0594,-1
236.5245,2.405395,222.0279,5.808022,335.8902,357.9793,-1
236.5244,2.405463,222.0281,5.843073,335.3628,358.1028,-1
236.524,2.405955,222.0291,6.927726,333.6037,358.9863,-1
236.5243,2.406222,222.0284,7.139126,334.9706,359.4671,-1
236.5244,2.407037,222.0282,7.678162,335.687,0.9391785,-1
236.5246,2.406683,222.0277,7.966891,336.4014,0.3001269,-1
236.5239,2.405794,222.0291,8.938377,333.4004,358.6892,-1
236.5238,2.405064,222.0294,7.496503,332.7412,357.3751,-1
236.5237,2.406002,222.0295,5.886473,332.7878,359.0721,-1
236.5241,2.405198,222.0287,5.676424,334.1592,357.6255,-1
236.5241,2.405611,222.0288,6.54937,334.009,358.3676,-1
236.5242,2.405398,222.0285,6.477364,334.5711,357.9835,-1
236.5243,2.405325,222.0284,6.57059,334.8748,357.8513,-1
236.5243,2.405588,222.0284,6.270968,334.9861,358.326,-1
236.5242,2.4056,222.0286,6.195814,334.5033,358.3485,-1
236.5243,2.405486,222.0284,6.063442,334.9243,358.1438,-1
236.5241,2.404936,222.0287,4.798085,334.3144,357.1577,-1
236.5238,2.405996,222.0294,6.747528,332.9064,359.0605,-1
236.5238,2.405761,222.0294,6.76334,332.856,358.6371,-1
236.5237,2.405433,222.0295,6.525723,332.6371,358.0465,-1
236.5236,2.405246,222.0297,7.056455,332.2041,357.706,-1
236.5236,2.405398,222.0298,7.095798,332.0231,357.9812,-1
236.5237,2.405432,222.0297,6.839349,332.3147,358.0423,-1
236.5237,2.405385,222.0296,6.647439,332.5044,357.9589,-1
236.5237,2.405295,222.0295,6.375875,332.5605,357.7979,-1
236.5237,2.405298,222.0295,6.28056,332.5276,357.8035,-1
236.5237,2.405158,222.0296,0.3511983,332.6842,357.5654,-1
236.5238,2.405159,222.0293,2.237139,333.2064,357.5658,-1
236.524,2.404965,222.0288,3.010029,334.04,357.2164,-1
236.5241,2.404881,222.0288,3.347706,334.1507,357.065,-1
236.5241,2.404835,222.0287,3.543759,334.2255,356.9818,-1
236.5241,2.404726,222.0287,3.295285,334.2577,356.7858,-1
236.5241,2.404768,222.0287,3.445107,334.1731,356.8622,-1
236.5241,2.404787,222.0287,3.445164,334.179,356.8958,-1
236.5241,2.404796,222.0287,3.455384,334.1492,356.9104,-1
236.5241,2.404763,222.0287,3.314556,334.2324,356.8529,-1
236.5241,2.404779,222.0287,3.203365,334.1766,356.8812,-1
236.5241,2.404731,222.0287,3.124625,334.203,356.7954,-1
236.524,2.404776,222.0288,3.141232,334.0722,356.8768,-1
236.5241,2.404665,222.0287,3.030303,334.2881,356.6765,-1
236.5241,2.404695,222.0287,2.933955,334.2768,356.7306,-1
236.5241,2.404695,222.0287,2.933955,334.2768,356.7306,-1
236.5241,2.404695,222.0287,2.933955,334.2768,356.7306,-1
236.5252,2.405283,222.0262,3.477022,339.2231,357.7867,-1
236.5249,2.405929,222.0269,358.626,338.0419,358.9473,-1
236.5247,2.406274,222.0274,356.9591,337.1037,359.5635,-1
236.5248,2.405582,222.0271,357.2107,337.663,358.3232,-1
236.5249,2.40557,222.027,357.4528,337.8536,358.3026,-1
236.5249,2.405709,222.0271,357.785,337.6719,358.5522,-1
236.5249,2.405596,222.0271,357.9065,337.7191,358.3494,-1
236.5249,2.405515,222.0271,358.4298,337.7109,358.204,-1
236.5249,2.405402,222.0269,358.5703,338.0218,358.0016,-1
236.5236,2.406963,222.0298,9.945573,332.4049,0.8113918,-1
236.5243,2.406948,222.0284,7.416896,335.1696,0.7779089,-1
236.5243,2.406888,222.0284,7.448106,335.1563,0.6709603,-1
236.5245,2.40613,222.028,7.08683,335.7363,359.301,-1
236.5238,2.4062,222.0293,7.010284,333.2323,359.4279,-1
236.5238,2.406675,222.0295,7.564319,332.9496,0.2848332,-1
236.524,2.406084,222.0289,6.910094,333.9918,359.2186,-1
236.5238,2.405775,222.0293,6.938484,333.0778,358.6608,-1
236.5238,2.40549,222.0293,8.678492,332.9572,358.1404,-1
236.5238,2.404012,222.0292,7.447142,332.7126,355.4715,-1
236.5243,2.404964,222.0284,11.39288,334.5501,357.1622,-1
236.5243,2.405003,222.0282,10.31914,334.8691,357.244,-1
236.5242,2.40484,222.0286,9.828164,334.1777,356.9524,-1
236.5241,2.404796,222.0286,9.688815,334.1225,356.872,-1
236.5243,2.405096,222.0283,8.911931,334.8262,357.4237,-1
236.5243,2.405024,222.0283,9.147809,334.8593,357.2905,-1
236.5244,2.404975,222.0282,8.822635,335.0313,357.2052,-1
236.5244,2.404887,222.0281,8.380893,335.1892,357.0479,-1
236.5244,2.404831,222.0281,8.14735,335.2158,356.9497,-1
236.5244,2.404784,222.028,8.085416,335.3562,356.8636,-1
236.5244,2.404672,222.0281,7.552354,335.2123,356.6657,-1
236.5244,2.404706,222.028,7.626081,335.4539,356.726,-1
236.5244,2.404736,222.0281,7.352025,335.234,356.7837,-1
236.5244,2.404763,222.028,7.392706,335.32,356.8316,-1
236.5244,2.404778,222.028,7.390411,335.3612,356.8577,-1
236.5244,2.404773,222.0281,7.346477,335.2534,356.8506,-1
236.5244,2.404711,222.0281,7.324851,335.2764,356.738,-1
236.5244,2.404668,222.028,7.095319,335.3096,356.6619,-1
236.5244,2.404587,222.028,7.049324,335.4771,356.5152,-1
236.5241,2.405472,222.0287,7.712823,334.1471,358.1113,-1
236.5241,2.405345,222.0287,7.921515,334.0916,357.881,-1
236.5242,2.405358,222.0285,7.998731,334.6352,357.9034,-1
236.5242,2.406423,222.0285,8.324705,334.7892,359.8292,-1
236.524,2.405972,222.0289,8.318522,333.9115,359.0126,-1
236.5241,2.405954,222.0288,7.151602,334.156,358.9848,-1
236.5239,2.404341,222.029,11.3518,332.9793,356.0232,-1
236.5238,2.404058,222.0291,11.01392,332.7162,355.5092,-1
236.5238,2.40433,222.0292,10.26011,332.7433,356.017,-1
236.5235,2.403485,222.0296,11.28453,331.3723,354.4554,-1
236.5234,2.404042,222.03,11.65466,330.8679,355.4698,-1
236.5237,2.404097,222.0294,9.345945,332.2315,355.6051,-1
236.5252,2.40572,222.0262,6.017882,339.107,358.564,-1
236.5254,2.405622,222.0257,1.37613,340.2644,358.3961,-1
236.5256,2.404947,222.0251,356.8453,341.5214,357.1837,-1
236.5251,2.406381,222.0265,356.4297,338.7863,359.7567,-1
236.5252,2.406151,222.0262,357.1901,339.4981,359.3442,-1
236.5253,2.405623,222.026,357.3374,339.7725,358.3983,-1
236.5252,2.405782,222.0261,357.2898,339.5716,358.6826,-1
236.5252,2.405805,222.0262,357.1878,339.5198,358.7224,-1
236.5253,2.405699,222.0261,357.4519,339.6806,358.5339,-1
236.5251,2.406047,222.0264,359.979,339.0095,359.158,-1
236.5252,2.405678,222.0262,0.9828283,339.4091,358.4978,-1
236.5252,2.405571,222.0263,1.709162,339.0777,358.3061,-1
236.5251,2.405663,222.0266,2.089466,338.5468,358.4696,-1
236.5251,2.405598,222.0264,1.779902,338.8461,358.3538,-1
236.5251,2.405596,222.0265,1.91816,338.6626,358.3496,-1
236.5251,2.405493,222.0265,3.881956,338.7149,358.1619,-1
236.5253,2.406247,222.026,6.313119,339.7366,359.5139,-1
236.5253,2.406247,222.026,6.313119,339.7366,359.5139,-1
236.5254,2.406265,222.0257,5.38047,340.303,359.5462,-1
236.5254,2.405149,222.0256,3.979787,340.2498,357.5433,-1
236.5254,2.405504,222.0256,2.69252,340.3082,358.1832,-1
236.5254,2.40551,222.0255,1.503003,340.5504,358.1962,-1
236.5252,2.406312,222.0263,0.04190458,339.1589,359.632,-1
236.525,2.405951,222.0267,358.6955,338.4268,358.9852,-1
236.5251,2.405414,222.0263,359.0564,339.0996,358.0252,-1
236.5251,2.405732,222.0264,359.866,338.9638,358.5952,-1
236.5252,2.405615,222.0262,0.1658306,339.3813,358.3842,-1
236.5253,2.40537,222.026,0.1545606,339.7185,357.9465,-1
236.5253,2.40527,222.026,0.1914095,339.6905,357.7666,-1
236.5252,2.405338,222.0261,0.3396772,339.5311,357.8879,-1
236.5252,2.405538,222.0263,0.2872488,339.1209,358.247,-1
236.5251,2.40573,222.0266,0.4019832,338.6836,358.5917,-1
236.5251,2.40559,222.0264,0.3136269,338.9987,358.3402,-1
236.5253,2.405344,222.0261,0.1945114,339.6185,357.9003,-1
236.5253,2.405242,222.0259,0.09151471,339.8445,357.7172,-1
236.5253,2.405155,222.0258,359.568,340.0546,357.5607,-1
236.5253,2.405283,222.0259,0.09154846,339.8613,357.79,-1
236.5253,2.405265,222.0258,0.5965171,339.9827,357.758,-1
236.5253,2.405251,222.0259,0.6344113,339.9341,357.7315,-1
236.5253,2.405253,222.0259,0.5490109,339.9409,357.7366,-1
236.5254,2.405488,222.0256,1.786477,340.3882,358.1551,-1
236.5254,2.40555,222.0258,2.287192,340.1129,358.2662,-1
236.5254,2.405386,222.0257,2.090787,340.183,357.9734,-1
236.5253,2.405349,222.0258,2.15955,339.9746,357.906,-1
236.5253,2.405466,222.0259,2.424148,339.8066,358.1161,-1
236.5253,2.405436,222.0259,2.399074,339.8414,358.0617,-1
236.5253,2.405424,222.0259,2.652065,339.8136,358.0403,-1
236.5253,2.405504,222.026,2.658592,339.6178,358.1839,-1
236.5253,2.40557,222.026,2.741538,339.5609,358.3015,-1
236.5253,2.405574,222.026,2.79652,339.5596,358.3093,-1
236.5253,2.405535,222.026,2.875273,339.6464,358.2388,-1
236.5253,2.405548,222.026,2.885695,339.5839,358.2621,-1
236.5253,2.405569,222.0261,2.758604,339.5505,358.3004,-1
236.5253,2.405527,222.026,2.591807,339.5802,358.2248,-1
236.5253,2.405489,222.026,2.477644,339.602,358.1581,-1
236.5253,2.405475,222.0261,2.334606,339.5189,358.132,-1
236.5252,2.405469,222.0261,2.192203,339.4425,358.1222,-1
236.5252,2.405437,222.0261,2.107683,339.4711,358.0638,-1
236.5252,2.405461,222.0261,2.222737,339.4291,358.1076,-1
236.5252,2.405445,222.0261,2.190299,339.4077,358.0784,-1
236.5252,2.405429,222.0262,2.06235,339.3478,358.05,-1
236.5252,2.405447,222.0262,1.987222,339.2703,358.0824,-1
236.5252,2.405435,222.0262,2.007107,339.2737,358.0605,-1
236.5252,2.405413,222.0262,1.82579,339.2256,358.0209,-1
236.5252,2.40537,222.0262,1.735813,339.2134,357.9448,-1
236.5252,2.405367,222.0262,1.737141,339.1942,357.9396,-1
236.5252,2.405385,222.0263,1.754735,339.1038,357.9715,-1
236.5251,2.405412,222.0263,1.79579,339.0066,358.0196,-1
236.5251,2.405416,222.0264,1.802481,338.9178,358.0263,-1
236.5251,2.405406,222.0264,1.783832,338.9798,358.0088,-1
236.5251,2.405416,222.0264,1.846972,338.9815,358.027,-1
236.5251,2.405462,222.0266,2.16203,338.5357,358.1099,-1
236.525,2.40554,222.0266,2.317219,338.4673,358.25,-1
236.525,2.405557,222.0266,2.457178,338.3975,358.2801,-1
236.525,2.405527,222.0266,2.537254,338.4756,358.2253,-1
236.525,2.405558,222.0267,2.723727,338.2529,358.281,-1
236.525,2.405532,222.0267,2.648979,338.3181,358.2346,-1
236.525,2.405556,222.0267,2.717267,338.2193,358.2779,-1
236.525,2.40555,222.0268,2.649529,338.1658,358.2656,-1
236.525,2.405552,222.0267,2.722007,338.243,358.2701,-1
236.525,2.405637,222.0268,2.626461,338.0949,358.423,-1
236.525,2.405623,222.0268,2.638653,338.0637,358.3971,-1
236.525,2.405589,222.0268,2.765394,338.0686,358.3355,-1
236.5249,2.405575,222.0269,2.717324,337.9871,358.3108,-1
236.5249,2.405596,222.0269,2.766155,337.9171,358.3478,-1
236.5249,2.405564,222.0269,2.700532,337.8581,358.2917,-1
236.5249,2.405525,222.0269,2.596668,337.8725,358.2217,-1
236.5249,2.405539,222.0269,2.573884,337.8168,358.2475,-1
236.5249,2.405551,222.027,2.484535,337.7482,358.2682,-1
236.5249,2.405544,222.027,2.430554,337.6883,358.2559,-1
236.5249,2.405519,222.027,2.420949,337.675,358.2122,-1
236.5249,2.405494,222.027,2.281443,337.6284,358.166,-1
236.5249,2.405482,222.0271,2.357888,337.6009,358.1449,-1
236.5249,2.405471,222.0271,2.34939,337.594,358.1258,-1
236.5248,2.405473,222.0271,2.33897,337.4828,358.1284,-1
236.5248,2.405517,222.0271,2.389744,337.4556,358.2076,-1
236.5248,2.405472,222.0271,2.476615,337.4731,358.1272,-1
236.5248,2.405486,222.0272,2.642926,337.421,358.1518,-1
236.5248,2.405486,222.0272,2.688992,337.3583,358.1509,-1
236.5248,2.405464,222.0272,2.531467,337.3061,358.1119,-1
236.5248,2.405483,222.0273,2.595272,337.2135,358.1464,-1
236.5247,2.405521,222.0273,2.662814,337.0969,358.2146,-1
236.5247,2.40552,222.0273,2.636167,337.0674,358.2126,-1
236.5247,2.405534,222.0273,2.752865,337.095,358.2374,-1
236.5247,2.405601,222.0274,3.126144,336.884,358.3576,-1
236.5246,2.405829,222.0277,3.017823,336.4467,358.7662,-1
236.5246,2.405839,222.0278,3.090493,336.2187,358.7837,-1
236.5246,2.405688,222.0277,3.619015,336.3287,358.5117,-1
236.5246,2.405537,222.0277,3.232224,336.3381,358.2411,-1
236.5246,2.405259,222.0276,4.463372,336.3695,357.7404,-1
236.5245,2.405678,222.0279,3.969012,335.986,358.4937,-1
236.5246,2.405351,222.0276,3.662992,336.5529,357.9073,-1
236.5246,2.405323,222.0276,4.031703,336.5388,357.8558,-1
236.5246,2.40543,222.0277,4.032197,336.3521,358.0493,-1
236.5245,2.405625,222.0279,3.987592,336.011,358.3982,-1
236.5245,2.405605,222.0278,3.985607,336.1036,358.3628,-1
236.5246,2.405561,222.0278,4.225586,336.1891,358.2837,-1
236.5246,2.405573,222.0278,4.449015,336.1387,358.3043,-1
236.5245,2.405568,222.0278,4.311191,336.0485,358.296,-1
236.5245,2.405533,222.0279,4.420774,335.9955,358.2318,-1
236.5245,2.405517,222.0279,4.415574,336.0058,358.2033,-1
236.5245,2.405511,222.0279,4.494605,335.9267,358.1926,-1
236.5245,2.405485,222.0279,4.57167,335.89,358.1458,-1
236.5245,2.4054,222.0279,4.676723,335.917,357.9921,-1
236.5245,2.405352,222.0279,4.480185,335.9747,357.9077,-1
236.5245,2.40532,222.0279,4.335427,335.945,357.8502,-1
236.5245,2.405322,222.0279,4.329699,335.8423,357.8542,-1
236.5245,2.405314,222.028,4.339349,335.7973,357.8398,-1
236.5245,2.405292,222.028,4.493472,335.7738,357.7986,-1
236.5244,2.405292,222.028,4.555184,335.691,357.798,-1
236.5244,2.405293,222.028,4.582187,335.6335,357.8011,-1
236.5244,2.405329,222.028,4.937947,335.5592,357.8637,-1
236.5244,2.405331,222.0281,4.912729,335.4918,357.8676,-1
236.5244,2.405302,222.028,4.798551,335.5654,357.8163,-1
236.5244,2.405333,222.0281,4.756136,335.3901,357.8715,-1
236.5244,2.405347,222.0282,4.735926,335.2554,357.8976,-1
236.5244,2.405302,222.0282,5.012002,335.2938,357.8147,-1
236.5242,2.405294,222.0286,4.456204,334.4211,357.8031,-1
236.522,2.405163,222.0325,3.723107,326.5204,357.5693,-1
236.5139,2.404786,222.0409,3.113173,305.493,356.8949,-1
236.5038,2.405057,222.0457,3.524513,285.3567,357.3807,-1
236.4973,2.405052,222.0468,3.033286,273.4778,357.3731,-1
236.5034,2.404311,222.0458,5.004972,284.3587,356.0328,-1
236.5163,2.405784,222.039,6.134258,310.9756,358.6803,-1
236.5214,2.408226,222.0334,4.555663,324.9873,3.070267,-1
236.5229,2.407415,222.031,2.990232,329.826,1.610735,-1
236.524,2.405808,222.0289,0.8590289,334.0715,358.7305,-1
236.5244,2.406322,222.0282,359.9834,335.5155,359.6506,-1
236.5247,2.405176,222.0273,358.0132,337.2887,357.5968,-1
263.1128,2.4051,176.1494,358.4724,337.4922,357.4619,-1
263.1125,2.405235,176.15,358.6247,336.2399,357.7035,-1
263.1129,2.405121,176.1491,358.6964,338.0404,357.499,-1
263.1131,2.404548,176.1486,358.5603,339.0514,356.4711,-1
263.1123,2.405859,176.1505,358.7564,335.3359,358.8215,-1
263.1124,2.405545,176.1504,359.3107,335.5511,358.2584,-1
263.1125,2.405127,176.1499,359.6598,336.4926,357.5099,-1
263.1126,2.404938,176.1497,359.519,336.8276,357.1726,-1
263.1126,2.404882,176.1497,359.4316,336.9119,357.0721,-1
263.1127,2.404807,176.1496,359.5954,337.0057,356.9358,-1
263.1127,2.404853,176.1496,0.3620236,336.9076,357.0189,-1
263.1125,2.404999,176.15,2.398672,336.103,357.2779,-1
263.0833,1.031517,176.1371,0,180.0008,0,exit0
263.0467,2.405465,176.299,3.13412,336.1035,358.1127,-1
262.2148,2.40514,178.1695,3.987106,335.6742,357.5281,-1
261.2108,2.404942,180.3625,3.925583,335.0722,357.1718,-1
260.1489,2.404609,182.6461,3.673552,334.9693,357.0028,-1
259.0132,2.405048,185.0168,4.396585,333.1376,357.3608,-1
257.7943,2.405689,187.3895,4.991785,331.133,358.5123,-1
256.4686,2.405891,189.7554,4.44281,329.9931,358.8756,-1
254.8084,2.405808,192.6103,6.81737,329.4607,358.7224,-1
253.2343,2.405396,195.3053,6.825419,330.2794,357.9777,-1
251.5479,2.405274,198.2568,6.991304,330.2799,357.757,-1
250.0118,2.405274,200.9477,6.991304,330.2799,357.757,-1
248.3655,2.405073,203.8348,7.816214,330.6852,357.3895,-1
246.8346,2.404919,206.5704,7.774898,330.8621,357.1109,-1
245.191,2.402997,209.4879,8.280813,330.0442,357.4756,-1
243.5528,2.404209,212.3339,7.843758,329.997,357.5042,-1
241.9222,2.405085,215.1417,8.00306,329.9003,357.409,-1
240.2782,2.404736,217.9807,8.017386,329.9381,357.246,-1
238.6483,2.398841,220.797,8.047583,330.0048,357.2155,-1
236.9208,2.404883,223.7954,8.092525,330.1936,357.044,-1
235.3329,2.404314,226.5631,8.037483,329.9911,356.9009,-1
233.6971,2.404621,229.4104,7.869987,330.3496,356.5706,-1
232.0112,2.404562,232.3731,7.800685,330.394,356.4656,-1
230.3977,2.404562,235.2127,7.800685,330.394,356.4656,-1
228.7604,2.404562,238.094,7.800685,330.394,356.4656,-1
227.1273,2.404098,241.0225,6.506251,331.7831,355.6365,-1
225.67,2.400456,243.7819,6.221486,332.8038,354.653,-1
224.2276,2.403585,246.5751,5.388828,332.7729,354.7193,-1
223.0589,2.40345,248.8977,3.533692,333.8041,354.49,-1
221.949,2.403469,251.1172,2.582561,332.5903,354.5286,-1
220.8687,2.395671,253.2141,3.888737,332.9421,356.5513,-1
220.134,1.031517,254.573,0,180.0008,0,enter1
220.0574,2.405177,254.7888,3.505366,331.7741,357.5957,-1
220.0442,2.40442,254.8143,0.7917244,333.8004,356.2422,-1
220.0466,2.404426,254.8077,1.781287,346.3097,356.252,-1
220.0444,2.405802,254.7865,3.417046,25.43578,358.7171,-1
220.0393,2.405316,254.7788,2.069531,41.99712,357.8485,-1
220.0352,2.404233,254.7751,2.837789,51.93847,355.9022,-1
220.0326,2.405526,254.7732,3.472991,57.82935,358.2222,-1
220.0326,2.405735,254.7732,6.078949,57.74894,358.593,-1
220.032,2.40503,254.7728,6.762911,58.83623,357.3177,-1
220.0319,2.405491,254.7728,5.215327,59.14027,358.1557,-1
220.0312,2.405347,254.7723,6.116464,60.5838,357.8929,-1
220.0329,2.405591,254.7734,6.654664,56.93798,358.3306,-1
220.0328,2.405963,254.7733,3.930202,57.41803,359.0054,-1
220.0156,1.031517,254.8003,0,180.0008,0,exit1
221.1819,2.405782,255.4892,6.253025,58.15527,358.6758,-1
223.6424,2.40518,256.9923,9.026358,59.5555,357.5751,-1
226.199,2.398737,258.494,9.106361,59.52452,357.3659,-1
228.598,2.400672,259.9132,9.339314,59.22921,357.3942,-1
231.4384,2.405341,261.6188,11.26087,58.88764,357.8527,-1
234.4011,2.405619,263.3978,11.91272,58.88866,358.5269,-1
237.1984,2.405573,265.0975,11.14532,58.43816,358.2764,-1
240.1007,2.405556,266.8773,11.473,58.79581,358.2444,-1
242.9871,2.397948,268.6123,11.13819,59.97097,357.7851,-1
245.8899,2.404881,270.2367,10.17311,62.15896,357.0224,-1
248.7717,2.404859,271.7387,9.651673,62.98117,356.988,-1
251.6389,2.395667,273.2151,9.0697,62.14931,356.9776,-1
254.4167,2.405337,274.6862,8.992414,61.75727,357.8599,-1
257.3262,2.405595,276.2855,8.650076,60.29229,358.3302,-1
259.5102,2.405315,277.5404,4.425692,59.71621,357.8409,-1
260.6567,2.404954,278.2101,2.116771,59.99649,357.5165,-1
261.4164,2.404313,278.6436,1.27569,61.34127,356.0499,-1
262.967,2.404212,279.4794,2.281344,62.01517,355.8661,-1
264.7355,2.39959,280.4116,1.648625,61.4846,356.8755,-1
265.6804,2.403253,280.926,359.0652,61.21866,357.0162,-1
265.6837,1.028054,280.9643,0,180.0008,0,enter2
265.6994,2.401688,280.9364,358.1654,60.97211,357.5727,-1
265.6989,2.401272,280.9361,0.8734106,61.90213,356.8278,-1
265.6978,2.401945,280.9356,3.801764,63.88855,358.0297,-1
265.6871,2.40099,280.9326,3.850437,83.97115,356.3127,-1
265.672,2.400478,280.9347,2.587649,111.6437,355.3975,-1
265.6595,2.400361,280.9437,3.159831,139.3763,355.1846,-1
265.6537,2.398288,280.9545,2.533819,161.5244,351.4456,-1
265.652,2.400997,280.9622,3.156675,176.061,356.3279,-1
265.6522,2.402284,280.9687,4.561718,187.7926,358.6356,-1
265.6545,2.401177,280.9769,4.831081,202.8737,356.6449,-1
265.6615,2.403076,280.9872,4.273527,225.7734,0.05844023,-1
265.6569,2.402042,280.9816,5.174705,212.5957,358.1997,-1
265.6519,2.402857,280.9642,5.281804,179.8278,359.6659,-1
265.6838,1.028043,280.9643,0,180.0008,0,exit2
265.6519,2.401354,280.9645,5.127079,180.0345,356.9613,-1
265.6522,2.402596,280.9687,5.714891,187.8559,359.1963,-1
265.6117,2.405304,280.7061,6.249881,171.4987,358.424,-1
265.6796,2.398432,280.3655,6.169277,168.4951,358.8585,-1
265.9641,2.406799,278.9464,7.999514,168.3928,0.5090785,-1
266.4802,2.407149,276.6453,9.463166,165.6297,1.147005,-1
267.1164,2.406933,274.2253,10.10895,164.0576,0.7560577,-1
267.8615,2.407075,271.6513,10.05404,164.125,1.013964,-1
268.723,2.40772,268.6725,12.49182,162.5934,2.206031,-1
269.6926,2.40764,265.5911,11.96591,162.477,2.055847,-1
270.6602,2.408007,262.4314,12.00272,165.8483,2.728014,-1
271.4169,2.407496,259.332,12.17977,166.5885,1.793646,-1
272.1913,2.407027,256.0844,11.80321,167.0831,0.9320018,-1
272.9248,2.407043,252.8549,12.55594,167.0644,0.9640005,-1
273.6579,2.406948,249.6597,12.37311,167.2753,0.7897594,-1
274.4117,2.406054,246.3683,12.55607,166.329,0.661234,-1
275.2159,2.39878,243.1394,12.58096,165.0388,0.8413538,-1
276.1133,2.408842,239.7894,12.58567,167.9439,4.268163,-1
276.7666,2.407487,236.4658,12.31911,167.5926,1.778374,-1
277.4264,2.407229,233.3974,11.47509,167.8152,1.365197,-1
278.1126,2.407316,230.2103,12.11809,167.5378,1.463361,-1
278.8758,2.40762,226.8526,11.73339,166.9728,2.01736,-1
279.6141,2.407346,223.563,11.37016,167.7186,1.513786,-1
280.3557,2.407277,220.191,11.13694,167.6239,1.387643,-1
281.1069,2.405427,216.7357,10.86439,167.8584,1.034636,-1
281.7943,2.402492,213.5554,10.25736,167.5929,1.154164,-1
282.5178,2.407288,210.2679,9.876751,167.6625,1.402051,-1
283.2349,2.403405,206.989,9.285187,167.5245,1.588466,-1
283.9604,2.407376,203.7048,9.548928,167.5882,1.56029,-1
284.6851,2.407262,200.4036,9.061502,167.751,1.3517,-1
285.3734,2.407119,197.2299,8.041922,167.8313,1.088359,-1
286.0802,2.406747,194.0165,6.394045,167.0251,0.4148981,-1
286.7063,2.40648,191.2801,5.530019,167.1057,359.9333,-1
287.0745,2.406465,189.6617,3.918827,168.0968,359.9059,-1
287.1066,2.401042,189.511,2.202192,168.9948,359.0412,-1
287.2027,2.406857,189.0314,3.025487,167.8737,0.6087185,-1
287.4294,2.406497,188.099,6.180014,165.7678,359.9641,-1
287.6349,2.398762,187.1941,10.2241,168.1053,359.1666,-1
287.6472,2.404683,187.1338,10.43664,167.4598,358.7705,-1
287.6472,2.404794,187.1335,10.14451,167.2611,358.9639,-1
287.6473,2.404882,187.133,9.700005,166.423,359.1251,-1
287.6473,2.404856,187.1331,8.72851,166.5467,359.0813,-1
287.6473,2.404627,187.1332,8.625528,166.631,358.6658,-1
287.6784,1.030364,187.1405,0,180.0008,0,enter0
