*Subject
8
*Layout
2
*Condition
False,True,True,False,False
*Marks
165.6278,0,309.3379
223.5475,0,324.995
266.0658,0,282.6624
*Path
x,y,z,flag
291.5347,2.398309,177.3949,353.8246,339.4333,2.232942,-1
291.5341,2.397406,177.3985,355.3955,332.859,0.4299265,-1
291.5354,2.397632,177.3957,354.4733,338.3485,0.8368791,-1
291.537,2.397745,177.3904,354.1049,348.2216,1.040265,-1
291.5372,2.397838,177.389,355.1381,350.8676,1.206666,-1
291.5374,2.397709,177.3882,354.5507,352.3491,0.9752684,-1
291.5374,2.397708,177.388,355.3653,352.6513,0.9733024,-1
291.5373,2.398096,177.3884,355.3736,351.7977,1.66845,-1
291.5372,2.398207,177.3889,355.3067,350.9799,1.86831,-1
291.5373,2.398144,177.3887,355.2121,351.3651,1.755284,-1
291.5373,2.398165,177.3886,355.8213,351.4161,1.792618,-1
291.5374,2.398354,177.3881,355.79,352.4513,2.131152,-1
291.5374,2.39838,177.3878,355.3756,352.9459,2.179667,-1
291.5375,2.39841,177.3871,355.5903,354.2107,2.233963,-1
291.5375,2.398357,177.3868,355.2638,354.6431,2.138478,-1
291.5375,2.39834,177.3866,355.2878,355.0242,2.108046,-1
291.5375,2.398525,177.3867,355.4949,354.9314,2.439048,-1
291.5375,2.398514,177.3864,355.0689,355.3157,2.42225,-1
291.5375,2.398577,177.3863,355.1552,355.512,2.535094,-1
291.5375,2.398566,177.3863,355.312,355.6169,2.51389,-1
291.5375,2.398543,177.3862,355.4207,355.6671,2.473021,-1
291.5375,2.398504,177.3862,355.6149,355.7495,2.401067,-1
291.5375,2.398501,177.3861,355.2144,355.9678,2.397823,-1
291.5375,2.398527,177.3861,355.2805,355.954,2.44473,-1
291.5375,2.398542,177.386,355.121,356.0214,2.472294,-1
291.5375,2.398636,177.386,355.3127,356.1703,2.63952,-1
291.5375,2.398577,177.386,355.4673,356.1492,2.533087,-1
291.5376,2.398578,177.3857,356.0672,356.6181,2.534305,-1
291.5376,2.398532,177.3851,354.9792,357.7302,2.453894,-1
291.5376,2.398548,177.385,355.5753,357.9337,2.480424,-1
291.5376,2.39857,177.3847,355.2364,358.3863,2.52088,-1
291.5376,2.398613,177.3849,355.3672,358.1556,2.599282,-1
291.5376,2.398769,177.3849,355.5337,357.9525,2.87781,-1
291.5376,2.39864,177.385,355.235,357.8751,2.646928,-1
291.5376,2.398349,177.385,355.0969,357.931,2.125133,-1
291.5376,2.398177,177.3848,355.4284,358.3618,1.814737,-1
291.5376,2.398185,177.3846,355.2187,358.5802,1.828887,-1
291.5376,2.398242,177.3846,355.1019,358.6129,1.933437,-1
291.5376,2.398287,177.3846,355.5822,358.6103,2.012566,-1
291.5376,2.398365,177.3845,355.8398,358.8032,2.150688,-1
291.5376,2.398392,177.3848,356.232,358.352,2.199107,-1
291.5376,2.398293,177.3854,356.3462,357.2164,2.019873,-1
291.5376,2.398218,177.3856,356.1692,356.9053,1.886022,-1
291.5376,2.398337,177.3855,356.1339,357.037,2.100507,-1
291.5376,2.39835,177.3855,356.2072,357.0164,2.122572,-1
291.5376,2.39835,177.3855,356.3846,357.088,2.122204,-1
291.5376,2.398299,177.3854,356.2828,357.2678,2.032462,-1
291.5376,2.398207,177.3853,356.6237,357.4676,1.866473,-1
291.5376,2.398205,177.3852,356.3861,357.6394,1.863092,-1
291.5376,2.398071,177.385,356.6305,358.0099,1.622085,-1
291.5376,2.397989,177.385,356.8053,357.9943,1.47532,-1
291.5376,2.398123,177.3856,354.7752,356.8769,1.719641,-1
291.5376,2.397835,177.3857,354.8683,356.8122,1.200349,-1
291.5376,2.398139,177.3857,355.772,356.7888,1.745796,-1
291.5376,2.398046,177.3848,355.5176,358.3126,1.579054,-1
291.5376,2.397752,177.3852,355.5759,357.6874,1.051378,-1
291.5376,2.397622,177.3847,355.9571,358.6131,0.8173082,-1
291.5376,2.397661,177.3848,356.2809,358.4941,0.8858814,-1
291.5376,2.397722,177.3848,356.5774,358.3334,0.9953591,-1
291.5376,2.397676,177.3848,356.3641,358.3357,0.9124839,-1
291.5376,2.397797,177.3849,356.2798,358.1737,1.130976,-1
291.5376,2.39789,177.3849,356.3141,358.2162,1.29775,-1
291.5376,2.397929,177.3849,356.2186,358.1132,1.367236,-1
291.5376,2.397956,177.385,356.0624,358.0287,1.416708,-1
291.5376,2.397931,177.385,355.7476,357.9569,1.371402,-1
291.5376,2.397845,177.385,356.1406,357.9549,1.2161,-1
165.6598,2.407175,309.3391,356.4308,357.9011,1.180075,-1
165.6598,2.407126,309.3389,356.4991,358.228,1.092768,-1
165.6598,2.407332,309.3394,356.8482,357.3629,1.46192,-1
165.6584,2.406917,309.3474,356.5616,342.7995,0.7177176,-1
165.65,2.406472,309.3609,356.4606,314.0189,359.9196,-1
165.6396,2.40594,309.3677,358.3737,291.5983,358.9655,-1
165.6295,2.404601,309.3698,0.7887744,273.066,356.5667,-1
165.6189,2.405188,309.3686,359.6967,253.8957,357.6191,-1
165.6087,2.405968,309.3636,357.8211,233.2997,359.0162,-1
165.6012,2.406263,309.3557,356.9714,213.8619,359.5452,-1
165.5963,2.405686,309.3436,356.6679,190.2822,358.5092,-1
165.5964,2.405197,309.3317,356.9594,168.9039,357.6333,-1
165.6278,1.031517,309.3379,0,215,0,exit0
165.5998,2.405025,309.3225,356.7341,151.3528,357.3243,-1
165.6086,2.404317,309.3124,355.378,127.2923,356.0451,-1
165.6168,2.404843,309.3079,356.9361,110.355,356.9972,-1
165.6248,2.404218,309.3062,356.6611,95.65852,355.8728,-1
165.6278,2.404133,309.306,356.8751,90.19787,355.7208,-1
165.6393,2.402449,309.2426,354.7021,81.87608,359.1839,-1
165.6442,2.405715,309.2289,351.7561,75.25082,2.845084,-1
165.6451,2.406512,309.2291,350.5835,73.40211,4.299433,-1
165.6462,2.405017,309.2294,351.541,71.82134,1.577221,-1
165.6444,2.404968,309.2289,347.6993,74.98061,1.507226,-1
165.6456,2.405003,309.2292,348.7638,72.83382,1.564438,-1
165.6457,2.405049,309.2292,351.4839,72.78848,1.635328,-1
165.6453,2.404927,309.2291,350.443,73.48422,1.418252,-1
165.6427,2.404855,309.2285,350.7542,78.24921,1.287342,-1
165.6438,2.405078,309.2287,351.392,76.19398,1.687976,-1
165.6636,2.40412,309.2431,352.1658,31.38153,359.955,-1
165.6677,2.403578,309.2661,352.194,348.7993,358.974,-1
165.6648,2.403696,309.2744,351.3294,333.0209,359.1851,-1
165.6617,2.402855,309.2792,352.9368,322.9217,357.6711,-1
165.662,2.402529,309.2788,352.9023,323.9306,357.0825,-1
165.6649,2.402758,309.2741,352.9818,333.7073,357.4963,-1
165.6671,2.403675,309.2512,355.3455,15.6864,359.1549,-1
165.6934,2.408956,309.1743,356.313,103.1119,4.380515,-1
165.6735,2.407345,309.1689,354.0432,142.3368,1.490172,-1
165.6873,2.405352,309.1585,356.7985,111.2081,357.9106,-1
165.7179,2.404899,309.1471,357.2965,64.6996,357.0984,-1
165.7398,2.404619,309.0972,357.5806,67.61238,356.596,-1
165.7373,2.40571,309.0962,2.90568,72.37092,358.5527,-1
165.7347,2.406986,309.0955,4.537796,77.41533,0.8418974,-1
166.1012,2.401013,309.1758,6.163181,77.21233,1.221805,-1
167.3866,2.407049,309.4778,6.606406,76.38563,0.9582185,-1
168.501,2.406811,309.7462,6.771518,76.16714,0.5308901,-1
169.8592,2.407488,310.0955,7.560102,74.8014,1.753564,-1
171.179,2.407305,310.4635,8.094205,73.0716,1.425482,-1
172.6923,2.40712,310.9369,7.627588,72.11846,1.088731,-1
174.1551,2.40693,311.4114,7.382755,71.99081,0.7462522,-1
175.6686,2.406804,311.9013,7.286278,72.30245,0.5180154,-1
177.1354,2.40672,312.3692,7.299026,72.47402,0.3667828,-1
178.6477,2.406883,312.8482,6.815215,72.46373,0.6596355,-1
180.1145,2.406802,313.3141,6.643137,72.31061,0.514283,-1
181.6513,2.406722,313.8055,6.566611,72.14349,0.3706761,-1
183.3352,2.406548,314.3459,6.921143,72.33901,0.0562512,-1
184.9898,2.405532,314.8732,7.085186,72.48312,359.7212,-1
186.8058,2.404349,315.4421,7.382201,72.80924,359.4304,-1
188.6338,2.40608,316.007,7.57623,72.87489,359.2111,-1
190.5141,2.400333,316.5865,7.719133,72.87374,359.0762,-1
192.4663,2.4004,317.1866,7.594396,72.94454,358.9553,-1
194.5336,2.406046,317.8232,7.425479,72.74737,359.1502,-1
196.5616,2.406137,318.4539,7.273849,72.62954,359.3144,-1
198.5883,2.406075,319.0891,7.254117,72.54582,359.2027,-1
200.6794,2.405904,319.743,7.292119,72.74519,358.8933,-1
202.7082,2.398048,320.3693,7.340794,73.04578,358.6094,-1
204.8043,2.405089,321.0068,7.489222,73.20466,358.3067,-1
206.8405,2.405656,321.6045,7.55111,75.03064,358.4452,-1
208.8983,2.40573,322.119,7.816159,77.68342,358.5772,-1
211.0744,2.405419,322.5797,7.64096,78.59203,358.0152,-1
213.4169,2.405311,323.0565,7.439694,78.57803,357.822,-1
215.7669,2.405312,323.5367,6.78504,78.26937,357.8268,-1
218.1986,2.405474,324.0371,4.165661,78.54633,358.1282,-1
220.7624,2.402189,324.527,3.267884,80.46651,357.489,-1
223.0381,2.404903,324.8878,2.926801,81.9618,357.1048,-1
223.7224,2.398381,324.9864,3.579778,83.22456,358.7325,-1
223.7257,2.396604,324.9886,4.649708,99.65704,359.7265,-1
223.7166,2.397011,324.9916,5.520856,116.999,0.4639289,-1
223.7156,2.406216,325.0032,2.575507,131.0309,359.4594,-1
223.8468,2.406943,325.1446,357.0995,136.0287,0.7632377,-1
223.8722,2.406703,325.1692,354.2348,134.9872,0.3339312,-1
223.8948,1.031517,325.1918,0,215,0,enter1
223.8721,2.406534,325.1694,355.1965,135.2846,0.02986242,-1
223.8726,2.406346,325.1689,356.3648,134.1083,359.6933,-1
223.8729,2.406262,325.1686,355.3625,133.2866,359.5424,-1
223.8735,2.406063,325.1681,352.6132,132.0051,359.1799,-1
223.8732,2.405882,325.1684,353.523,132.7649,358.8555,-1
223.8733,2.405775,325.1683,353.9552,132.5756,358.6642,-1
223.8732,2.405879,325.1684,354.6401,132.8155,358.853,-1
223.8731,2.405844,325.1684,355.733,132.8822,358.7915,-1
223.873,2.405773,325.1685,355.855,133.132,358.665,-1
223.8728,2.405733,325.1687,356.0684,133.5781,358.5927,-1
223.8729,2.405734,325.1686,356.3379,133.3494,358.5951,-1
223.8719,2.405864,325.1696,357.3023,135.8635,358.8285,-1
223.8949,1.031517,325.1919,0,215,0,exit1
223.8721,2.406039,325.1694,359.8206,135.3922,359.1443,-1
223.8727,2.405979,325.1688,6.126916,133.6631,359.0312,-1
223.8731,2.406185,325.1684,12.0778,132.7064,359.393,-1
224.1973,2.401512,324.8759,13.99888,132.0773,359.0895,-1
225.6446,2.39937,323.5549,11.93846,133.1762,358.9099,-1
227.1897,2.405762,322.0867,10.59089,134.2343,358.6252,-1
228.7545,2.405832,320.5637,10.07309,134.5307,358.8957,-1
230.3217,2.405908,319.0255,10.40466,134.3178,358.8912,-1
231.8886,2.405886,317.4924,10.3173,134.4124,358.852,-1
233.4547,2.399655,315.9581,10.3173,134.4124,358.852,-1
235.0226,2.4058,314.422,10.66038,134.3532,358.6929,-1
236.5969,2.399254,312.881,10.7711,134.4801,358.3485,-1
238.113,2.404877,311.3906,10.65883,134.5337,358.1606,-1
239.7065,2.405472,309.8209,10.41973,134.5436,358.097,-1
241.2401,2.402763,308.3125,9.948709,134.4338,358.0463,-1
242.8199,2.405356,306.7483,6.574586,135.6537,357.9076,-1
244.3271,2.405586,305.1768,359.9599,137.9491,358.3329,-1
245.8268,2.403352,303.5095,359.8436,137.8831,357.9184,-1
247.3373,2.405387,301.8663,0.5540588,136.641,357.9768,-1
249.0153,2.405058,300.1026,1.041842,136.3109,357.7921,-1
250.629,2.405169,298.4142,1.237273,136.2887,357.584,-1
252.1244,2.405184,296.8499,1.670437,136.2525,357.6122,-1
253.7276,2.405278,295.1815,1.44109,136.0071,357.7811,-1
255.3291,2.405435,293.3647,1.170372,135.5553,358.0625,-1
257.0066,2.405616,291.6523,1.172586,135.2804,358.3868,-1
258.6495,2.401301,289.9926,1.108392,135.3743,358.3993,-1
260.2867,2.405648,288.3332,0.4536828,135.3672,358.4444,-1
261.9232,2.405839,286.6751,359.7083,135.4747,358.7865,-1
263.5206,2.404336,285.061,358.9915,134.8483,358.9223,-1
264.9309,2.406188,283.6944,358.628,132.0353,359.4103,-1
265.4484,2.404082,283.2266,357.9856,132.0137,359.6447,-1
265.4706,2.406067,283.2066,359.2152,136.1354,0.3765354,-1
265.4937,1.030856,283.2288,0,215,0,enter2
265.4686,2.406115,283.209,359.2431,141.6386,0.4656251,-1
265.4661,2.406193,283.2127,359.5513,149.7041,0.6063293,-1
265.4637,2.406107,283.2177,358.2991,159.614,0.4527313,-1
265.4622,2.406311,283.2231,357.7584,169.5554,0.8173093,-1
265.4618,2.406565,283.2304,356.1314,182.6462,1.274957,-1
265.4631,2.406051,283.2382,356.8179,196.9506,0.3515121,-1
265.4666,2.405255,283.2458,357.3098,211.9704,358.9252,-1
265.4688,2.405298,283.249,357.8447,219.0384,359.0026,-1
265.4712,2.405403,283.2516,357.7708,225.2928,359.1905,-1
265.4762,2.405183,283.2556,357.0016,236.8843,358.7952,-1
265.4797,2.405205,283.2576,357.6275,244.0521,358.8355,-1
265.4806,2.405566,283.258,359.0736,245.7979,359.4832,-1
265.4937,1.030855,283.2289,0,215,0,exit2
265.4973,2.400385,283.2222,2.168061,247.5538,358.953,-1
265.5203,2.405128,283.1673,2.231369,253.4139,358.2736,-1
265.5478,2.405852,283.0743,3.336782,255.1588,358.8074,-1
265.5635,2.406134,283.013,7.307308,253.7408,359.3082,-1
265.5626,2.405867,283.0121,10.27716,251.7539,358.8164,-1
265.3965,2.405836,282.9564,9.156311,251.2601,358.7644,-1
264.3495,2.405999,282.6072,7.442121,251.9158,359.0651,-1
263.3397,2.405585,282.2743,7.562061,251.6142,358.8607,-1
262.3673,2.405547,281.9547,8.519636,252.0821,358.4739,-1
261.1993,2.405413,281.578,9.635593,252.2055,357.9938,-1
259.843,2.397627,281.1435,9.686094,252.4058,357.6388,-1
258.6692,2.405111,280.7694,9.038613,252.3018,357.4496,-1
257.3847,2.401717,280.3622,9.086402,252.3336,357.4644,-1
255.9174,2.400479,279.8987,9.189487,252.609,357.3168,-1
254.7326,2.404989,279.5273,9.303004,252.5423,357.2273,-1
253.2976,2.405213,279.0771,9.665606,252.8975,357.631,-1
251.9093,2.405036,278.6551,10.94349,253.2078,357.2976,-1
250.2756,2.4049,278.1642,11.15577,253.4242,357.0471,-1
248.7777,2.404795,277.7197,11.26993,253.544,356.8539,-1
247.2367,2.404746,277.2654,11.47187,253.681,356.7627,-1
245.5337,2.404734,276.7681,11.62541,253.8593,356.7394,-1
244.0047,2.403052,276.327,11.60516,253.9725,356.5902,-1
242.1777,2.404684,275.8041,11.75799,254.3233,356.6455,-1
240.2657,2.403165,275.2676,12.25523,254.4399,356.7154,-1
238.3512,2.39853,274.737,12.54238,254.5174,356.6046,-1
236.2427,2.404607,274.1536,12.32413,254.5591,356.4967,-1
234.345,2.40462,273.6284,12.02256,254.4597,356.5244,-1
232.3442,2.404637,273.0719,11.77713,254.472,356.5589,-1
230.3063,2.404405,272.5062,11.79368,254.4965,356.5111,-1
228.4417,2.404609,271.989,11.71208,254.4808,356.5093,-1
226.3336,2.398931,271.4012,11.61634,254.3878,356.5847,-1
224.2887,2.40469,270.8304,11.66586,254.4173,356.6582,-1
222.2721,2.404733,270.3888,11.49919,254.4871,356.7378,-1
220.2098,2.404824,269.9007,11.17923,254.2868,356.9086,-1
218.145,2.404845,269.3195,11.14458,254.3097,356.948,-1
216.1012,2.404814,268.7455,11.08467,254.3043,356.8908,-1
213.9853,2.404724,268.1542,10.99569,254.4569,356.7276,-1
211.8765,2.404689,267.567,10.79651,254.4794,356.6656,-1
209.8299,2.404677,266.9991,10.68526,254.5146,356.6452,-1
207.7154,2.40227,266.416,10.42723,254.7727,356.4619,-1
205.594,2.404677,265.8455,10.3736,255.9295,356.649,-1
203.4651,2.405023,265.3393,10.65847,258.0583,357.2777,-1
201.3874,2.404722,264.9023,10.7853,258.2245,356.7267,-1
199.2399,2.403743,264.4679,10.90949,259.0508,356.2551,-1
197.1534,2.404432,264.0691,11.07394,259.5937,356.1938,-1
194.9972,2.404476,263.6779,11.03689,260.545,356.2746,-1
192.8305,2.404318,263.3244,10.90286,261.4673,355.9874,-1
190.7295,2.404276,263.0194,11.05832,262.4387,355.908,-1
188.6245,2.404056,262.742,11.2418,263.0443,355.9141,-1
186.4507,2.404258,262.4735,10.84795,262.9102,355.8787,-1
184.2744,2.404151,262.2019,10.2206,262.7428,355.691,-1
182.0913,2.40407,261.9211,8.938487,263.0013,355.5608,-1
179.9424,2.403898,261.6628,7.415409,264.2887,355.2656,-1
177.6324,2.404396,261.4647,4.573453,266.2072,356.1881,-1
176.0426,2.404543,261.3648,1.536842,265.9288,356.4619,-1
175.178,2.396074,261.2855,359.7989,259.7557,357.2485,-1
174.6927,2.40437,261.1862,355.7983,255.3566,356.1433,-1
174.1999,2.404191,261.0454,354.1866,251.1334,355.8112,-1
173.9389,2.402891,260.9499,354.0365,245.8956,356.1564,-1
173.9006,2.396276,260.9334,352.2185,243.0093,355.3456,-1
173.8888,2.397935,260.9481,351.4296,242.7396,354.8635,-1
173.8849,2.399,260.9571,352.4005,243.8452,355.6095,-1
173.8946,1.027079,260.9384,0,215,0,enter0
