*Subject
15
*Layout
0
*Condition
True,True,True,True,True
*Marks
239.1078,0,301.6338
279.6789,0,221.2971
233.2978,0,197.8741
*Path
x,y,z,flag
209.0107,2.407134,243.7297,16.99976,1.281827,1.154985,-1
209.0107,2.407245,243.7296,17.76008,1.842112,1.368635,-1
209.0107,2.407227,243.7297,18.87677,1.744479,1.343423,-1
209.0107,2.407067,243.7297,19.30536,1.593017,1.043141,-1
209.0107,2.406925,243.7299,19.44468,1.247541,0.7752736,-1
209.0107,2.406946,243.7298,17.64698,1.451615,0.8053302,-1
209.0107,2.406962,243.7299,16.13157,1.237626,0.8288075,-1
209.0107,2.407203,243.7302,14.19369,0.7100026,1.266765,-1
209.0107,2.408114,243.7298,8.638003,1.502694,2.894419,-1
209.0107,2.407908,243.7299,8.921488,1.344752,2.521617,-1
209.0107,2.407681,243.7298,9.331642,1.485352,2.112734,-1
209.0107,2.407531,243.73,10.1615,1.054147,1.845301,-1
209.0107,2.407441,243.73,10.15051,1.067782,1.681258,-1
209.0107,2.407501,243.7301,8.945616,0.812084,1.784851,-1
209.0106,2.408101,243.7331,5.478715,355.5267,2.850049,-1
209.0105,2.408485,243.7343,10.26521,353.6984,3.58305,-1
209.0107,2.407609,243.7325,350.4403,355.965,1.983171,-1
209.0105,2.405718,243.7344,334.6381,353.5889,358.4161,-1
209.0096,2.406099,243.7389,335.4629,345.0437,359.1771,-1
209.0093,2.405341,243.7399,334.8481,343.7362,357.6727,-1
209.0094,2.405222,243.7396,334.9721,344.4407,357.4405,-1
209.0087,2.405914,243.7416,339.6632,339.91,358.8484,-1
209.0049,2.406401,243.7488,359.1544,324.9239,359.7919,-1
209.0005,2.407348,243.7539,6.117379,312.9897,1.496122,-1
208.9999,2.407398,243.7544,7.738301,311.7076,1.592784,-1
209,2.405948,243.7544,10.35369,311.3543,358.9644,-1
209.0026,2.404945,243.7517,15.00104,317.5887,357.0857,-1
209.0043,2.405866,243.7497,16.92469,322.5261,358.7821,-1
209.0038,2.40855,243.7502,22.13558,323.1171,3.932371,-1
209.0049,2.407213,243.7489,30.84339,325.4914,1.451213,-1
209.003,2.406275,243.7513,27.52708,318.9925,359.5103,-1
209.0032,2.405378,243.7511,21.78631,318.9522,357.8025,-1
209.0033,2.407055,243.7509,19.23744,320.4421,1.020936,-1
209.0037,2.406676,243.7505,22.87273,321.2797,0.3090174,-1
209.0034,2.406728,243.7509,25.53578,320.4894,0.4193142,-1
209.0036,2.406737,243.7505,25.87941,321.3057,0.4371602,-1
209.0034,2.407235,243.7508,20.70436,320.9915,1.374758,-1
209.0034,2.407133,243.7508,18.55767,320.8751,1.162833,-1
209.0034,2.407033,243.7508,20.03337,320.7833,0.9829473,-1
209.0034,2.406958,243.7509,20.86175,320.5825,0.8447155,-1
209.0035,2.406856,243.7507,21.43612,321.0032,0.6521869,-1
209.0036,2.406871,243.7506,21.41829,321.22,0.6805578,-1
209.0036,2.406785,243.7506,21.44175,321.1724,0.5144411,-1
209.0036,2.406713,243.7505,21.38338,321.2099,0.3763883,-1
209.0037,2.40665,243.7505,21.5321,321.3491,0.2547056,-1
209.0034,2.409383,243.7505,15.89572,322.2971,5.342408,-1
209.0039,2.408095,243.7502,14.92327,322.5549,2.924481,-1
209.0039,2.40755,243.7502,13.73291,322.2767,1.903453,-1
209.0023,2.408284,243.752,16.40791,318.5403,3.300175,-1
209.0021,2.408701,243.7522,13.79463,318.0178,4.030326,-1
209.0003,2.407486,243.7541,1.221613,312.4222,1.736489,-1
209.002,2.406946,243.7524,357.1834,316.5319,0.7698942,-1
208.9982,2.408185,243.7558,2.430205,307.583,2.989643,-1
209.0004,2.407403,243.754,1.572104,312.5924,1.586323,-1
208.9994,2.411697,243.7543,340.3732,307.4909,9.895433,-1
209,2.423921,243.7468,332.9532,303.0172,37.63815,-1
208.9909,2.432423,243.7447,357.0412,306.3882,54.15753,-1
208.9814,2.43564,243.7434,15.9935,320.4098,71.21683,-1
208.9815,2.435673,243.7433,20.10187,336.2503,75.9868,-1
208.9818,2.435853,243.7429,20.399,342.2544,77.98592,-1
208.9821,2.435235,243.7441,21.61519,337.5759,74.86142,-1
208.989,2.404099,243.7606,14.60647,287.6994,355.522,-1
208.9796,2.400846,243.7619,17.01593,268.3644,349.3202,-1
208.98,2.404701,243.7624,10.02422,271.7244,356.6967,-1
208.9723,2.41109,243.7614,23.81563,261.9178,8.986563,-1
208.9729,2.415631,243.7606,21.68277,265.8116,17.84921,-1
208.9684,2.415686,243.7593,20.5367,256.6568,17.81695,-1
208.9653,2.414697,243.7583,21.67974,250.282,15.96719,-1
208.9674,2.413301,243.7596,20.99876,253.4363,13.12589,-1
208.965,2.408331,243.7593,18.4573,245.6772,3.426775,-1
208.9564,2.410957,243.7529,16.91362,227.6481,8.338512,-1
208.9589,2.41019,243.7553,10.98495,232.7435,6.713898,-1
208.9699,2.409091,243.7611,11.34729,254.9134,4.705047,-1
208.9897,2.410946,243.7602,359.921,290.2635,7.95541,-1
209.0052,2.411533,243.7477,18.11109,329.8864,9.492803,-1
209.0075,2.420203,243.7337,37.4016,14.64152,32.57209,-1
209.0091,2.410353,243.721,53.69984,26.6699,11.68151,-1
209.0043,2.405256,243.7113,60.16934,32.88582,355.4552,-1
209.0045,2.405491,243.7115,50.26181,34.15587,357.1259,-1
209.0041,2.406024,243.7109,58.22628,36.26439,358.3237,-1
209.0043,2.405707,243.7112,46.63966,35.53028,357.8862,-1
209.0052,2.406004,243.7124,47.45173,33.22238,358.6414,-1
209.0051,2.40591,243.7124,41.64378,33.41988,358.5446,-1
209.0055,2.405726,243.7128,44.38091,31.98475,358.0183,-1
209.0033,2.405885,243.7099,38.82947,39.09345,358.5484,-1
209.0045,2.405744,243.7114,39.19385,35.32693,358.2135,-1
209.0041,2.405819,243.7109,39.14064,36.67068,358.3877,-1
209.0042,2.405868,243.711,39.04615,36.46076,358.5038,-1
209.0039,2.406024,243.7107,39.3058,37.37664,358.8601,-1
209.004,2.405969,243.7107,38.87233,37.21172,358.7398,-1
209.0039,2.406048,243.7106,39.1749,37.56538,358.9158,-1
209.0039,2.406048,243.7106,39.1749,37.56538,358.9158,-1
209.0039,2.406048,243.7106,39.1749,37.56538,358.9158,-1
209.0034,2.406157,243.71,38.38295,39.15755,359.176,-1
209.0026,2.406267,243.7091,38.21077,41.5035,359.4292,-1
209.0041,2.406056,243.7109,38.45122,36.85285,358.9458,-1
209.0044,2.406058,243.7113,38.97956,36.04342,358.9429,-1
209.0044,2.406085,243.7113,38.75029,36.15808,359.0081,-1
209.0043,2.406106,243.7112,38.67569,36.25914,359.0571,-1
209.0042,2.406156,243.7111,38.66076,36.64001,359.1709,-1
209.0042,2.406188,243.711,38.61576,36.82073,359.2469,-1
209.0042,2.406204,243.711,38.59667,36.89668,359.2838,-1
209.0042,2.406211,243.711,38.58492,36.93811,359.2984,-1
209.0042,2.406205,243.711,38.64813,36.89991,359.2845,-1
209.0042,2.406227,243.711,38.5352,36.94836,359.3364,-1
209.0043,2.406206,243.7112,38.73951,36.56129,359.2863,-1
209.0043,2.4062,243.7111,38.90308,36.65858,359.2698,-1
209.0042,2.406202,243.7111,39.02351,36.76899,359.275,-1
209.0042,2.406206,243.711,39.0972,36.89892,359.2831,-1
209.0041,2.406218,243.711,39.25043,37.05197,359.308,-1
209.0041,2.40622,243.7109,39.34351,37.16026,359.313,-1
209.0041,2.40623,243.7109,39.41429,37.27907,359.335,-1
209.004,2.406236,243.7108,39.49366,37.40896,359.3484,-1
209.004,2.406231,243.7107,39.61118,37.56633,359.3358,-1
209.0039,2.406228,243.7107,39.70183,37.70688,359.3268,-1
209.0039,2.406202,243.7106,39.85415,37.80287,359.2649,-1
209.0038,2.406239,243.7105,39.86959,38.14731,359.3518,-1
209.0037,2.40624,243.7104,39.82787,38.28001,359.3541,-1
209.0037,2.406227,243.7104,40.04106,38.42696,359.3222,-1
209.0036,2.40623,243.7103,40.10209,38.55212,359.3293,-1
209.0036,2.40623,243.7102,40.11437,38.67527,359.3289,-1
209.0036,2.406199,243.7103,40.23708,38.61133,359.2533,-1
209.0033,2.406358,243.7099,40.15763,39.65349,359.6278,-1
209.0035,2.40626,243.7101,40.11988,39.04369,359.3993,-1
209.0033,2.406189,243.7099,40.29557,39.45785,359.23,-1
209.0029,2.406341,243.7094,39.98336,40.82132,359.5877,-1
209.0028,2.406366,243.7093,40.14016,41.08918,359.6461,-1
209.0028,2.406353,243.7093,40.0653,41.06107,359.6166,-1
209.0027,2.406372,243.7092,40.14379,41.2863,359.6596,-1
209.0023,2.406461,243.7087,40.03514,42.59509,359.8684,-1
209.0021,2.406491,243.7085,40.01332,43.20963,359.9386,-1
209.002,2.406506,243.7084,40.04627,43.3735,359.9741,-1
209.002,2.406491,243.7084,40.02544,43.46177,359.9386,-1
209.0019,2.406488,243.7083,40.0703,43.57726,359.9314,-1
209.0019,2.406492,243.7083,40.06511,43.69007,359.9407,-1
209.0018,2.406491,243.7083,40.08457,43.80018,359.9385,-1
209.0018,2.406484,243.7082,40.10484,43.89371,359.9213,-1
209.0018,2.406476,243.7082,40.12248,43.92632,359.9029,-1
209.0018,2.406474,243.7082,40.14333,43.96931,359.898,-1
209.0017,2.406473,243.7082,40.1469,44.01965,359.8956,-1
209.0018,2.406436,243.7083,40.19982,43.64928,359.8114,-1
209.0019,2.406441,243.7083,40.20791,43.55844,359.821,-1
209.0018,2.406421,243.7083,40.21925,43.6286,359.7745,-1
209.0018,2.406427,243.7083,40.2247,43.6357,359.7893,-1
209.0022,2.406348,243.7086,40.4155,42.71349,359.603,-1
209.0022,2.406356,243.7086,40.41103,42.69661,359.6225,-1
209.002,2.40638,243.7084,40.2883,43.18914,359.6789,-1
209.002,2.406368,243.7084,40.45467,43.23941,359.6495,-1
209.0021,2.406362,243.7085,40.32523,42.942,359.6349,-1
209.0018,2.406406,243.7082,40.49849,43.79645,359.7389,-1
209.0023,2.406269,243.7088,40.3671,42.24477,359.4159,-1
209.0024,2.406232,243.7089,40.64614,41.94139,359.3273,-1
209.0024,2.406227,243.7089,40.56281,41.81607,359.3164,-1
209.0024,2.406218,243.7089,40.66292,41.87474,359.2947,-1
209.0024,2.406219,243.7088,40.6418,41.96352,359.2976,-1
209.0023,2.406225,243.7088,40.63229,42.06115,359.3119,-1
209.0023,2.406224,243.7088,40.63281,42.14371,359.3092,-1
209.0023,2.406224,243.7087,40.66996,42.23588,359.3081,-1
209.0022,2.406219,243.7087,40.67278,42.33314,359.2964,-1
209.0022,2.406214,243.7086,40.6373,42.46385,359.2837,-1
209.0021,2.406218,243.7086,40.57457,42.60794,359.2937,-1
209.0021,2.406223,243.7085,40.46226,42.74308,359.3088,-1
209.002,2.40621,243.7085,40.561,42.84992,359.276,-1
209.002,2.406206,243.7084,40.54882,42.97044,359.2658,-1
209.0019,2.406222,243.7084,40.44132,43.13488,359.3059,-1
209.0014,2.406294,243.7079,40.29453,44.49371,359.4768,-1
209.0021,2.40615,243.7085,40.62252,42.64996,359.1349,-1
209.0018,2.406343,243.7082,40.30297,43.72593,359.5903,-1
209.0014,2.406368,243.7078,43.72399,44.70189,359.6317,-1
209.0022,2.40622,243.7086,45.34334,42.32523,359.2439,-1
209.0019,2.406225,243.7083,45.137,43.22682,359.2601,-1
209.0019,2.406192,243.7083,39.91267,43.19778,359.2416,-1
209.0015,2.406283,243.7079,42.60124,44.37892,359.4311,-1
209.0014,2.406115,243.7079,40.29854,44.27822,359.0561,-1
209.0016,2.406104,243.708,41.65829,43.75092,359.0092,-1
209.0019,2.406147,243.7083,40.90593,43.0417,359.1245,-1
209.0016,2.406193,243.708,40.34365,43.89904,359.238,-1
209.0015,2.406201,243.7079,41.14412,44.18876,359.2482,-1
209.0013,2.406071,243.7078,40.81968,44.41608,358.9436,-1
209.0012,2.406131,243.7076,40.78545,44.86097,359.0876,-1
209.0011,2.406111,243.7075,40.89182,45.14649,359.0378,-1
209.001,2.406128,243.7075,40.75066,45.2999,359.0804,-1
209.001,2.406113,243.7074,40.78865,45.39534,359.0443,-1
209.0009,2.406115,243.7074,40.82096,45.5305,359.0487,-1
209.0009,2.406132,243.7073,40.77774,45.69096,359.0904,-1
209.0008,2.406118,243.7072,40.83366,45.78628,359.0553,-1
209.0008,2.406117,243.7072,40.82274,45.91035,359.0538,-1
209.0007,2.406133,243.7072,40.78156,46.05599,359.0913,-1
209.0007,2.40613,243.7071,40.79705,46.16038,359.0852,-1
209.0006,2.406146,243.7071,40.85246,46.2459,359.1201,-1
209.0005,2.406134,243.707,40.88341,46.46547,359.0926,-1
209.0005,2.406126,243.707,40.90778,46.5661,359.0741,-1
209.0005,2.40613,243.7069,40.87371,46.68489,359.084,-1
209.0004,2.406066,243.7068,41.13656,46.81621,358.9273,-1
209.0003,2.406067,243.7068,41.07211,46.98314,358.9321,-1
209.0002,2.406076,243.7067,41.09418,47.08963,358.9528,-1
209.0002,2.406086,243.7067,41.10955,47.20993,358.975,-1
209.0002,2.406089,243.7067,41.13727,47.32645,358.9814,-1
209.0001,2.406092,243.7066,41.14581,47.40923,358.9897,-1
209.0001,2.406092,243.7066,41.14581,47.40923,358.9897,-1
209.0001,2.406092,243.7066,41.14581,47.40923,358.9897,-1
209.0001,2.406087,243.7066,41.20158,47.55995,358.9776,-1
209,2.406089,243.7065,41.2128,47.66628,358.9813,-1
209,2.40609,243.7065,41.22762,47.77701,358.9822,-1
208.9999,2.406093,243.7065,41.23412,47.88665,358.9892,-1
208.9999,2.406096,243.7064,41.2422,47.99652,358.9974,-1
208.9998,2.406098,243.7064,41.24786,48.10321,359.0018,-1
208.9998,2.406099,243.7063,41.25223,48.20861,359.0056,-1
208.9997,2.406098,243.7063,41.25026,48.31588,359.002,-1
208.9997,2.406103,243.7062,41.24666,48.4303,359.0144,-1
208.9997,2.406104,243.7062,41.24621,48.5331,359.0165,-1
208.9996,2.4061,243.7062,41.23759,48.64495,359.0066,-1
208.9996,2.406102,243.7061,41.22461,48.75663,359.011,-1
208.9995,2.406101,243.7061,41.20837,48.85909,359.0103,-1
208.9995,2.406099,243.7061,41.19861,48.96008,359.0057,-1
208.9994,2.406102,243.706,41.1963,49.06433,359.0132,-1
208.9994,2.406104,243.706,41.18525,49.16868,359.0166,-1
208.9993,2.406102,243.706,41.17963,49.26917,359.0117,-1
208.9993,2.406107,243.7059,41.16964,49.373,359.0258,-1
208.9993,2.406107,243.7059,41.15423,49.47227,359.0246,-1
208.9992,2.406106,243.7058,41.15761,49.5606,359.0222,-1
208.9992,2.406104,243.7058,41.15191,49.64708,359.0175,-1
208.9991,2.406104,243.7058,41.14731,49.74718,359.018,-1
208.9991,2.406105,243.7057,41.1506,49.84755,359.0203,-1
208.9991,2.406107,243.7057,41.14562,49.94411,359.0255,-1
208.999,2.406104,243.7057,41.16639,50.04655,359.0172,-1
208.999,2.4061,243.7056,41.15455,50.1336,359.0074,-1
208.9989,2.406099,243.7056,41.13973,50.22417,359.0073,-1
208.9989,2.406143,243.7056,41.14412,50.37494,359.1111,-1
208.9989,2.406166,243.7055,41.12403,50.49576,359.1667,-1
208.9989,2.406186,243.7055,41.06227,50.54803,359.2126,-1
208.9988,2.406147,243.7055,41.08995,50.57632,359.1216,-1
208.9988,2.40615,243.7055,41.10796,50.66516,359.1284,-1
208.9987,2.406149,243.7054,41.13449,50.73568,359.1262,-1
208.9987,2.406146,243.7054,41.13577,50.81309,359.1184,-1
208.9987,2.406147,243.7054,41.14764,50.90319,359.1213,-1
208.9985,2.406044,243.7053,41.16534,51.04181,358.8743,-1
208.9985,2.406072,243.7053,41.07504,51.1382,358.9417,-1
208.9984,2.406025,243.7052,41.31865,51.22013,358.8266,-1
208.9984,2.406024,243.7052,41.25548,51.33051,358.8269,-1
208.9984,2.406033,243.7051,41.24518,51.43197,358.8469,-1
208.9983,2.406024,243.7051,41.24406,51.4963,358.8266,-1
208.9983,2.406026,243.7051,41.23965,51.58504,358.8313,-1
208.9982,2.406024,243.7051,41.2341,51.67145,358.8268,-1
208.9982,2.406023,243.705,41.23493,51.75355,358.824,-1
208.9982,2.406011,243.705,41.23857,51.83261,358.7951,-1
208.9981,2.406019,243.705,41.22502,51.92636,358.8144,-1
208.9981,2.406029,243.705,41.19526,52.01857,358.8387,-1
208.9981,2.406037,243.7049,41.16594,52.10944,358.8579,-1
208.998,2.406042,243.7049,41.15614,52.18686,358.8693,-1
208.998,2.406054,243.7049,41.13174,52.27253,358.9005,-1
208.998,2.406055,243.7049,41.11892,52.34595,358.9016,-1
208.9979,2.406057,243.7048,41.10228,52.4146,358.9066,-1
208.9979,2.406061,243.7048,41.10354,52.49368,358.916,-1
208.9979,2.406063,243.7048,41.10711,52.56322,358.9207,-1
208.9978,2.406062,243.7048,41.10494,52.62326,358.9179,-1
208.9978,2.406059,243.7047,41.11463,52.6876,358.9117,-1
208.9978,2.406051,243.7047,41.12137,52.731,358.8911,-1
208.9978,2.406054,243.7047,41.12927,52.80133,358.8988,-1
208.9977,2.406058,243.7047,41.12759,52.87515,358.9083,-1
208.9977,2.406057,243.7047,41.12864,52.94086,358.9067,-1
208.9977,2.406061,243.7046,41.12606,53.01246,358.9161,-1
208.9977,2.40606,243.7046,41.11501,53.07728,358.9142,-1
208.9976,2.406061,243.7046,41.12541,53.14855,358.9147,-1
208.9976,2.406057,243.7046,41.1324,53.20093,358.9054,-1
208.9976,2.406065,243.7046,41.13008,53.28214,358.9249,-1
208.9975,2.406067,243.7045,41.13395,53.35209,358.9311,-1
208.9975,2.406065,243.7045,41.12771,53.40979,358.9262,-1
208.9975,2.406066,243.7045,41.12759,53.46999,358.9277,-1
208.9975,2.406062,243.7045,41.12222,53.52066,358.918,-1
208.9974,2.406058,243.7044,41.12413,53.56889,358.9088,-1
208.9974,2.406059,243.7044,41.13803,53.62894,358.9107,-1
208.9974,2.406058,243.7044,41.14138,53.67821,358.9077,-1
208.9973,2.406059,243.7044,41.13939,53.72909,358.91,-1
208.9973,2.406058,243.7044,41.14445,53.78293,358.9074,-1
208.9973,2.406056,243.7044,41.15501,53.83004,358.9041,-1
208.9973,2.406056,243.7043,41.15458,53.87888,358.9031,-1
208.9973,2.406053,243.7043,41.14996,53.92368,358.8962,-1
208.9972,2.406046,243.7043,41.15725,53.96383,358.8803,-1
208.9972,2.406043,243.7043,41.15548,53.99955,358.8717,-1
208.9972,2.406044,243.7043,41.15957,54.04915,358.8751,-1
208.9972,2.406043,243.7043,41.16313,54.09747,358.8719,-1
208.9971,2.406042,243.7043,41.16354,54.14394,358.8708,-1
208.9971,2.406045,243.7043,41.16717,54.19566,358.8764,-1
208.9971,2.406047,243.7042,41.16782,54.24545,358.8816,-1
208.9971,2.40605,243.7042,41.16293,54.28341,358.8881,-1
208.9971,2.406054,243.7042,41.15863,54.33418,358.8976,-1
208.9971,2.406057,243.7042,41.15082,54.38657,358.9067,-1
208.997,2.406055,243.7042,41.14458,54.428,358.9026,-1
208.997,2.406056,243.7042,41.13906,54.47179,358.9049,-1
208.997,2.406055,243.7041,41.13749,54.51566,358.9017,-1
208.997,2.406056,243.7041,41.13777,54.55569,358.9041,-1
208.9969,2.406056,243.7041,41.13607,54.59526,358.9049,-1
208.9969,2.406054,243.7041,41.13976,54.6248,358.8996,-1
208.9969,2.406057,243.7041,41.13724,54.66145,358.9072,-1
208.9969,2.406058,243.7041,41.14228,54.69404,358.9088,-1
208.9969,2.40606,243.7041,41.14067,54.72763,358.9123,-1
208.9969,2.406057,243.7041,41.14183,54.75411,358.9072,-1
208.9969,2.406056,243.7041,41.14012,54.78273,358.9044,-1
208.9969,2.406054,243.704,41.14412,54.81203,358.9002,-1
208.9968,2.406053,243.704,41.14254,54.837,358.8968,-1
208.9968,2.406054,243.704,41.14336,54.87448,358.8992,-1
208.9968,2.406054,243.704,41.13998,54.89921,358.8976,-1
208.9968,2.406055,243.704,41.13458,54.92871,358.9018,-1
208.9968,2.406055,243.704,41.13076,54.95196,358.9009,-1
208.9968,2.40605,243.704,41.13098,54.97325,358.8899,-1
208.9968,2.40605,243.704,41.1265,54.99359,358.8891,-1
208.9967,2.406046,243.704,41.12853,55.01077,358.8796,-1
208.9967,2.40604,243.704,41.12583,55.02929,358.8668,-1
208.9967,2.406039,243.704,41.12448,55.04795,358.8633,-1
208.9967,2.406036,243.7039,41.12456,55.06654,358.8569,-1
208.9967,2.406038,243.7039,41.13322,55.08935,358.8608,-1
208.9967,2.406039,243.7039,41.13061,55.10823,358.8646,-1
208.9967,2.406041,243.7039,41.13333,55.12637,358.8678,-1
208.9967,2.406041,243.7039,41.1398,55.13195,358.8683,-1
208.9967,2.406041,243.7039,41.1398,55.13193,358.8683,-1
208.9967,2.406041,243.7039,41.12873,55.14054,358.8685,-1
208.9967,2.406051,243.7039,41.12228,55.17122,358.8916,-1
208.9967,2.406039,243.7039,41.21691,55.17211,358.8608,-1
208.9967,2.406108,243.7039,41.06108,55.25763,359.0281,-1
208.9967,2.40609,243.7039,41.17816,55.20285,358.9833,-1
208.9967,2.406085,243.7039,41.12782,55.20467,358.9713,-1
208.9967,2.406076,243.7039,41.14623,55.2042,358.952,-1
208.9967,2.406078,243.7039,41.1311,55.21408,358.9566,-1
208.9967,2.406071,243.7039,41.13852,55.20934,358.9389,-1
208.9967,2.406084,243.7039,41.10543,55.22839,358.9703,-1
208.9967,2.406085,243.7039,41.11012,55.23717,358.9726,-1
208.9967,2.406082,243.7039,41.10951,55.23983,358.9652,-1
208.9967,2.406079,243.7039,41.11277,55.24789,358.958,-1
208.9967,2.406077,243.7039,41.10907,55.25591,358.9538,-1
208.9967,2.406074,243.7039,41.1194,55.25702,358.9476,-1
208.9967,2.406074,243.7039,41.1194,55.25702,358.9476,-1
208.9967,2.406071,243.7039,41.11539,55.25022,358.9387,-1
208.9967,2.406073,243.7039,41.1152,55.26198,358.9438,-1
208.9967,2.40608,243.7039,41.09607,55.27028,358.9608,-1
208.9967,2.406078,243.7039,41.09442,55.27983,358.9564,-1
208.9967,2.406078,243.7039,41.11924,55.28283,358.9573,-1
208.9966,2.406131,243.7039,41.0226,55.38059,359.0847,-1
208.9966,2.406145,243.7039,41.07286,55.39582,359.1151,-1
208.9966,2.406144,243.7039,41.06306,55.39388,359.1142,-1
208.9966,2.406142,243.7039,41.05987,55.39616,359.1092,-1
208.9966,2.406142,243.7039,41.05577,55.39783,359.1103,-1
208.9966,2.406143,243.7039,41.05819,55.40604,359.1117,-1
208.9966,2.406145,243.7039,41.06404,55.41208,359.1164,-1
208.9966,2.406144,243.7039,41.07053,55.40831,359.1135,-1
208.9966,2.406147,243.7039,41.06435,55.40496,359.1197,-1
208.9966,2.40614,243.7039,41.06754,55.38709,359.1049,-1
208.9967,2.406138,243.7039,41.06556,55.37543,359.101,-1
208.9967,2.40614,243.7039,41.05762,55.36988,359.1058,-1
208.9967,2.406142,243.7039,41.06532,55.3649,359.1103,-1
208.9967,2.406144,243.7039,41.06408,55.36212,359.113,-1
208.9967,2.406147,243.7039,41.00766,55.36036,359.1212,-1
208.9967,2.406106,243.7039,41.08091,55.26909,359.0226,-1
208.9967,2.406109,243.7039,41.08591,55.26666,359.0304,-1
208.9967,2.406115,243.7039,41.06981,55.26086,359.0448,-1
208.9967,2.406106,243.7039,41.07504,55.22264,359.0239,-1
208.9967,2.406098,243.7039,41.08112,55.19201,359.005,-1
208.9967,2.406098,243.7039,41.07405,55.16783,359.0042,-1
208.9967,2.406105,243.704,41.07328,55.16,359.0204,-1
208.9967,2.406134,243.704,41.0227,55.18819,359.0916,-1
208.9967,2.406132,243.704,41.04027,55.17375,359.0858,-1
208.9967,2.406132,243.704,41.059,55.153,359.0853,-1
208.9967,2.406132,243.704,41.06183,55.15002,359.0856,-1
208.9967,2.406132,243.704,41.06183,55.15002,359.0856,-1
208.9968,2.406142,243.704,41.03003,55.12948,359.1109,-1
208.9968,2.406136,243.704,41.06741,55.09079,359.0959,-1
208.9968,2.406133,243.704,41.08084,55.06233,359.087,-1
208.9968,2.406127,243.704,41.1016,55.0331,359.0729,-1
208.9968,2.406116,243.704,41.12081,54.99129,359.0456,-1
208.9968,2.406116,243.704,41.11804,54.96598,359.0482,-1
208.9968,2.406112,243.704,41.12528,54.93177,359.036,-1
208.9969,2.406107,243.704,41.13009,54.89292,359.0266,-1
208.9969,2.406189,243.7041,41.03856,54.89566,359.221,-1
208.9969,2.406151,243.7041,41.13324,54.87447,359.1302,-1
208.9969,2.406151,243.7041,41.12397,54.8595,359.1302,-1
208.9969,2.406122,243.7041,41.13517,54.78556,359.0605,-1
208.9969,2.406107,243.7041,41.13766,54.74079,359.0246,-1
208.9969,2.406106,243.7041,41.13311,54.70654,359.0237,-1
208.9969,2.406116,243.7041,41.10435,54.69089,359.0465,-1
208.997,2.406127,243.7041,41.08632,54.67997,359.0745,-1
208.997,2.406127,243.7041,41.09424,54.65966,359.0743,-1
208.997,2.406127,243.7041,41.08915,54.62809,359.0748,-1
208.997,2.406128,243.7042,41.05062,54.60795,359.0761,-1
208.997,2.406122,243.7042,41.06765,54.56392,359.0611,-1
208.997,2.406129,243.7042,41.07047,54.54005,359.0783,-1
208.997,2.406139,243.7042,41.06395,54.5322,359.1021,-1
208.9971,2.406142,243.7042,41.05605,54.50968,359.1102,-1
208.9971,2.406141,243.7042,41.05849,54.47758,359.1065,-1
208.9971,2.406136,243.7042,41.07337,54.43919,359.0953,-1
208.9971,2.406138,243.7042,41.06931,54.40738,359.0995,-1
208.9971,2.406147,243.7042,41.06481,54.39337,359.1214,-1
208.9971,2.40615,243.7043,41.06137,54.36659,359.1287,-1
208.9971,2.406143,243.7043,41.06998,54.33176,359.1115,-1
208.9971,2.406134,243.7043,41.07954,54.28051,359.0892,-1
208.9972,2.406136,243.7043,41.08131,54.24652,359.0951,-1
208.9972,2.406139,243.7043,41.07051,54.20537,359.1016,-1
208.9972,2.406137,243.7043,41.07792,54.16185,359.0983,-1
208.9972,2.406135,243.7043,41.08544,54.11991,359.0909,-1
208.9973,2.406135,243.7043,41.08495,54.07575,359.0929,-1
208.9973,2.406135,243.7043,41.09495,54.03176,359.093,-1
208.9973,2.406139,243.7043,41.0939,53.99227,359.1023,-1
208.9973,2.406139,243.7044,41.09216,53.94916,359.1015,-1
208.9973,2.406133,243.7044,41.10271,53.90103,359.0866,-1
208.9973,2.406135,243.7044,41.09879,53.84984,359.0908,-1
208.9974,2.406137,243.7044,41.09875,53.80724,359.0961,-1
208.9974,2.406138,243.7044,41.08915,53.76332,359.1003,-1
208.9974,2.406133,243.7044,41.10888,53.71634,359.0861,-1
208.9974,2.406132,243.7045,41.11105,53.67382,359.084,-1
208.9975,2.40613,243.7045,41.10617,53.62031,359.0805,-1
208.9975,2.406129,243.7045,41.10307,53.57314,359.0779,-1
208.9975,2.406128,243.7045,41.09871,53.5219,359.0748,-1
208.9975,2.406126,243.7045,41.10072,53.46965,359.0694,-1
208.9975,2.406124,243.7045,41.09745,53.42142,359.0668,-1
208.9976,2.406134,243.7046,41.08181,53.38186,359.0908,-1
208.9976,2.40613,243.7046,41.09208,53.32589,359.0815,-1
208.9976,2.406122,243.7046,41.10574,53.26204,359.0623,-1
208.9976,2.406123,243.7046,41.10633,53.21091,359.0644,-1
208.9977,2.406132,243.7046,41.09441,53.17275,359.0856,-1
208.9977,2.406148,243.7047,41.07444,53.14058,359.1229,-1
208.9977,2.406148,243.7047,41.11342,53.09499,359.1223,-1
208.9977,2.406144,243.7047,41.1051,53.03451,359.1127,-1
208.9977,2.406144,243.7047,41.09857,52.98352,359.1135,-1
208.9978,2.406147,243.7047,41.102,52.93217,359.1197,-1
208.9978,2.406044,243.7047,41.286,52.74371,358.8711,-1
208.9978,2.406072,243.7047,40.98039,52.74457,358.9438,-1
208.9978,2.406162,243.7048,40.78353,52.7789,359.1596,-1
208.9979,2.40615,243.7048,41.23265,52.56481,359.1252,-1
208.9978,2.406082,243.7047,40.76847,52.76478,358.9707,-1
208.9979,2.406088,243.7048,41.1211,52.48757,358.9804,-1
208.9979,2.406086,243.7048,41.1125,52.47994,358.9761,-1
208.998,2.406096,243.7048,41.07241,52.44905,358.9986,-1
208.998,2.406098,243.7049,41.0873,52.39843,359.0038,-1
208.998,2.4061,243.7049,41.0909,52.3434,359.0086,-1
208.998,2.406097,243.7049,41.08392,52.27455,359.0014,-1
208.9981,2.406094,243.7049,41.0957,52.21329,358.994,-1
208.9981,2.406143,243.705,41.07205,52.21663,359.1125,-1
208.9981,2.406162,243.705,41.0465,52.17352,359.158,-1
208.9982,2.406165,243.705,41.05959,52.10776,359.1628,-1
208.9982,2.406165,243.705,41.06579,52.05661,359.1636,-1
208.9982,2.406074,243.705,41.22095,51.88979,358.9458,-1
208.9982,2.406097,243.705,41.08934,51.87366,359.0013,-1
208.9982,2.406075,243.705,41.13004,51.82244,358.9489,-1
208.9982,2.406085,243.705,41.13697,51.77996,358.9717,-1
208.9983,2.40607,243.7051,41.15318,51.71893,358.9369,-1
208.9983,2.406079,243.7051,41.18484,51.69773,358.9588,-1
208.9983,2.406075,243.7051,41.16896,51.64568,358.948,-1
208.9983,2.406071,243.7051,41.16134,51.57854,358.9384,-1
208.9984,2.406073,243.7051,41.15902,51.51139,358.9432,-1
208.9984,2.406066,243.7051,41.16413,51.4992,358.927,-1
208.9984,2.406066,243.7051,41.16413,51.4992,358.927,-1
208.9984,2.406063,243.7052,41.13593,51.43487,358.9201,-1
208.9984,2.406071,243.7052,41.11533,51.38921,358.9396,-1
208.9984,2.40607,243.7052,41.10508,51.32774,358.9371,-1
208.9985,2.406077,243.7052,41.2508,51.22466,358.9515,-1
208.9985,2.406137,243.7053,41.01984,51.25909,359.0968,-1
208.9985,2.406107,243.7053,41.08788,51.14755,359.0274,-1
208.9986,2.406106,243.7053,41.09763,51.08113,359.024,-1
208.9986,2.406098,243.7053,41.10917,51.01168,359.0047,-1
208.9986,2.406078,243.7054,41.14159,50.93851,358.9553,-1
208.9986,2.40607,243.7054,41.14318,50.86382,358.9375,-1
208.9987,2.406085,243.7054,41.13946,50.80765,358.9742,-1
208.9987,2.406086,243.7054,41.15175,50.76522,358.9749,-1
208.9989,2.406312,243.7056,41.00714,50.64357,359.515,-1
208.999,2.406236,243.7056,41.4973,50.34496,359.3283,-1
209.0028,2.407642,243.7094,64.44132,45.38936,4.673203,-1
209.0095,2.41216,243.7235,77.72713,68.09256,56.05369,-1
209.003,2.404029,243.7097,83.90919,353.451,312.8857,-1
209.0058,2.405343,243.7135,79.97105,20.06196,347.8339,-1
209.0039,2.401874,243.7112,77.54105,355.7632,317.7365,-1
209.0104,2.40777,243.7261,78.51862,18.8896,11.34256,-1
209.0104,2.40909,243.7346,81.36396,24.59133,32.37942,-1
209.0027,2.403389,243.7514,84.34563,236.1389,277.2512,-1
208.9993,2.417619,243.7523,64.18851,3.028343,52.8223,-1
209.0037,2.411174,243.7499,79.63532,88.59261,126.0188,-1
209.0083,2.413882,243.7402,76.67237,74.89249,93.16691,-1
209.0104,2.411264,243.7311,81.16934,73.70379,75.10349,-1
209.0107,2.406862,243.7284,87.20495,16.36871,12.76076,-1
209.0076,2.419813,243.7265,64.56346,113.9915,104.679,-1
209.0088,2.414046,243.7385,69.45226,25.23368,42.09538,-1
209.0062,2.390463,243.734,59.84513,259.222,267.0901,-1
209.0054,2.389615,243.7357,57.9433,265.4086,275.6425,-1
209.0047,2.395533,243.7455,67.29061,268.9396,297.2325,-1
209.0005,2.404072,243.7538,84.37318,261.8111,308.8009,-1
208.9994,2.40284,243.7546,57.52053,300.0236,347.6432,-1
209.0052,2.399798,243.7472,25.4705,321.7341,346.5522,-1
209.0055,2.403322,243.7477,7.551743,326.4756,354.2201,-1
209.0061,2.404085,243.7469,355.3804,329.2742,355.6273,-1
209.0055,2.405157,243.7479,357.3559,326.9426,357.562,-1
209.0058,2.406252,243.7475,6.704439,327.7567,359.5217,-1
209.0064,2.405475,243.7464,0.5752418,329.9428,358.1333,-1
209.0077,2.404741,243.744,6.279792,334.5168,356.7986,-1
209.0082,2.40532,243.7428,8.494838,336.8758,357.8318,-1
209.0084,2.405224,243.7423,4.492895,337.9677,357.6771,-1
209.0092,2.405661,243.7401,10.32665,342.1879,358.4415,-1
209.0092,2.405089,243.7401,10.66187,341.8825,357.3969,-1
209.0097,2.406215,243.7385,16.53013,345.2536,359.4366,-1
209.0099,2.407632,243.7375,18.52632,347.8336,2.106049,-1
209.0104,2.409936,243.7339,16.42646,355.5561,6.395122,-1
209.0103,2.409713,243.7348,16.35815,353.8443,5.974078,-1
209.0103,2.410012,243.7347,22.1393,354.8,6.771057,-1
209.0099,2.40927,243.7374,24.01946,349.65,5.404242,-1
209.0099,2.409512,243.7373,22.76294,349.8281,5.824509,-1
209.0098,2.409201,243.7376,22.78296,349.0525,5.219162,-1
209.0099,2.409177,243.7373,22.29356,349.5503,5.154537,-1
209.0098,2.408043,243.7379,23.99238,347.6997,2.992277,-1
209.0095,2.405169,243.7392,20.37405,343.1581,357.4255,-1
209.0089,2.403164,243.7406,20.47719,339.094,353.5784,-1
209.0092,2.40531,243.7401,21.10286,341.4975,357.6839,-1
209.0091,2.406038,243.7405,22.53957,341.3698,359.0718,-1
209.0106,2.406713,243.7339,3.322838,353.8889,0.3523745,-1
209.0093,2.407424,243.7399,359.7131,342.7653,1.624352,-1
209.0098,2.407022,243.7381,1.695418,346.2022,0.9035717,-1
209.0098,2.407279,243.7381,5.982625,346.2641,1.37284,-1
209.0094,2.406113,243.7397,12.5998,342.9677,359.259,-1
209.0087,2.405521,243.7416,15.61835,339.0169,358.1485,-1
209.0087,2.406337,243.7416,8.944526,339.4371,359.6731,-1
209.0083,2.405742,243.7427,9.320654,337.138,358.5934,-1
209.0077,2.405547,243.744,13.09493,334.4155,358.2159,-1
209.0076,2.405746,243.7442,17.44863,333.9921,358.5515,-1
209.0074,2.40425,243.7446,22.0478,332.0072,355.6157,-1
209.0082,2.404338,243.7428,22.63321,335.5551,355.7688,-1
209.0088,2.404983,243.7413,21.81271,339.0562,357.0395,-1
209.0084,2.404935,243.7423,20.31358,337.186,356.979,-1
209.0085,2.404951,243.742,19.52385,337.7993,357.0242,-1
209.0087,2.404555,243.7415,22.30326,338.264,356.201,-1
209.0088,2.405006,243.7412,18.9138,339.2933,357.1383,-1
209.0084,2.404566,243.7423,18.8227,337.0435,356.3067,-1
209.0089,2.404294,243.7411,20.9355,339.0137,355.7336,-1
209.0088,2.405289,243.7413,16.38964,339.5634,357.7084,-1
209.0091,2.405534,243.7405,14.38583,341.1994,358.1822,-1
209.0094,2.406718,243.7398,12.5596,343.1144,0.3682593,-1
209.0091,2.406526,243.7405,20.35034,341.7113,0.01669308,-1
209.0093,2.40655,243.7399,23.56623,342.887,0.06430466,-1
209.0092,2.40626,243.7402,20.82038,342.0026,359.507,-1
209.0094,2.406326,243.7396,22.49808,343.1917,359.6292,-1
209.0095,2.406219,243.7393,24.35548,343.6936,359.415,-1
209.009,2.406779,243.7409,19.42217,341.0167,0.4969292,-1
209.0087,2.406861,243.7418,22.06975,339.4747,0.664286,-1
209.0087,2.406914,243.7416,22.66949,339.9053,0.7700608,-1
209.0091,2.407186,243.7406,20.97349,341.9415,1.283617,-1
209.009,2.407347,243.7408,23.81691,341.6705,1.624364,-1
209.0098,2.408827,243.7377,24.78876,348.7554,4.560072,-1
209.0097,2.408262,243.7385,26.19227,346.8912,3.484301,-1
209.0091,2.408165,243.7403,27.59075,343.5652,3.33084,-1
209.0089,2.407142,243.741,25.22433,341.1711,1.236998,-1
209.0097,2.405864,243.7386,24.91403,344.7259,358.7104,-1
209.0092,2.406329,243.7401,26.55023,342.2634,359.6234,-1
209.0093,2.406374,243.74,26.81852,342.4568,359.7119,-1
209.0087,2.405972,243.7417,24.07542,338.8804,358.931,-1
209.0087,2.405803,243.7415,16.0015,339.2955,358.6698,-1
209.0091,2.405662,243.7404,18.51857,341.2838,358.3857,-1
209.009,2.406159,243.741,18.67713,340.5785,359.3231,-1
209.0091,2.405982,243.7405,18.52844,341.2331,358.9888,-1
209.0091,2.406042,243.7406,18.71227,341.2588,359.1023,-1
209.0091,2.406094,243.7406,17.82817,341.2283,359.204,-1
209.0091,2.40614,243.7406,17.86027,341.2497,359.2914,-1
209.0091,2.406157,243.7405,17.86297,341.4583,359.3237,-1
209.009,2.406275,243.7408,18.47028,341.0357,359.5423,-1
209.009,2.406444,243.7408,18.74532,341.0624,359.8608,-1
209.009,2.406627,243.7409,18.81607,341.0103,0.206995,-1
209.009,2.406574,243.7408,18.32759,341.1648,0.1084682,-1
209.0091,2.406318,243.7406,18.3273,341.4003,359.6253,-1
209.0091,2.406238,243.7406,18.55545,341.2657,359.4721,-1
209.009,2.406107,243.7408,18.43214,340.8539,359.2267,-1
209.009,2.40616,243.7408,18.43531,340.854,359.3258,-1
209.0091,2.405932,243.7405,18.61775,341.3414,358.8947,-1
209.0092,2.405817,243.7401,18.9341,341.9061,358.6735,-1
209.0093,2.405782,243.7399,19.01558,342.3166,358.6073,-1
209.0093,2.405795,243.7398,19.15683,342.4409,358.6309,-1
209.0094,2.405897,243.7397,18.97141,342.7013,358.8265,-1
209.0094,2.405973,243.7397,18.5437,342.8379,358.9726,-1
209.0094,2.405924,243.7396,18.51632,342.9679,358.8796,-1
209.0095,2.405725,243.7393,18.51337,343.3203,358.5038,-1
209.0094,2.405872,243.7395,18.70673,343.2183,358.7799,-1
209.0096,2.405976,243.7391,19.47856,343.9455,358.9719,-1
209.0096,2.406251,243.7391,19.46787,344.1334,359.4948,-1
209.0096,2.405977,243.7387,20.56316,344.5901,358.9668,-1
209.0096,2.40589,243.7388,20.65207,344.4211,358.799,-1
209.0097,2.405985,243.7387,19.77835,344.722,358.9886,-1
209.0097,2.405879,243.7386,19.30116,344.7156,358.7892,-1
209.0098,2.406361,243.7382,18.51966,345.832,359.705,-1
209.0098,2.406698,243.738,17.76864,346.4016,0.3399088,-1
209.0098,2.406407,243.7381,18.27667,346.1155,359.7935,-1
209.0098,2.406282,243.738,19.14268,346.1743,359.5552,-1
209.0099,2.406187,243.7379,19.62293,346.2469,359.3726,-1
209.0099,2.406197,243.7379,19.61996,346.2828,359.3914,-1
209.0098,2.406235,243.738,19.63259,346.1854,359.4632,-1
209.0099,2.406235,243.7379,19.74958,346.296,359.4627,-1
209.0099,2.406257,243.7379,19.77716,346.3904,359.5051,-1
209.0099,2.406266,243.7379,19.85197,346.3997,359.523,-1
209.0099,2.406202,243.7378,19.91601,346.5645,359.4001,-1
209.0099,2.406192,243.7378,19.94638,346.5446,359.381,-1
209.0099,2.406163,243.7377,19.7735,346.7005,359.3265,-1
209.0099,2.406174,243.7377,19.64856,346.5957,359.3481,-1
209.0099,2.406128,243.7376,19.4997,346.7087,359.261,-1
209.0099,2.406203,243.7377,19.52046,346.7356,359.4034,-1
209.0099,2.406152,243.7375,19.53205,346.9273,359.307,-1
209.0099,2.406187,243.7375,19.48625,346.9767,359.373,-1
209.01,2.406193,243.7374,19.4177,347.1918,359.3853,-1
209.01,2.406256,243.7374,19.39773,347.2299,359.5046,-1
209.01,2.406307,243.7374,19.30832,347.3249,359.6017,-1
209.01,2.406225,243.7372,19.07613,347.5294,359.4474,-1
209.01,2.4062,243.7372,19.19566,347.5989,359.399,-1
209.01,2.406186,243.7371,19.17242,347.7832,359.3725,-1
209.01,2.406219,243.7371,19.16185,347.7917,359.4356,-1
209.01,2.406241,243.7371,19.29246,347.8531,359.4771,-1
209.0101,2.406214,243.737,19.25812,347.9999,359.4256,-1
209.01,2.406138,243.7373,17.99448,347.3748,359.2866,-1
209.01,2.406146,243.7372,18.73706,347.654,359.2982,-1
209.0101,2.406115,243.737,19.05614,347.8667,359.2388,-1
209.0101,2.406025,243.7369,19.0965,348.0314,359.0673,-1
209.0101,2.405911,243.7368,18.982,348.2374,358.8523,-1
209.0101,2.405893,243.7369,18.58403,347.9355,358.8209,-1
209.0101,2.405851,243.7368,18.35712,348.0731,358.743,-1
209.0101,2.405866,243.7368,18.37528,348.04,358.7722,-1
209.0101,2.405899,243.7368,18.35429,348.1976,358.8337,-1
209.0101,2.405916,243.7367,18.19515,348.2931,358.8672,-1
209.0101,2.405939,243.7366,18.11901,348.5485,358.9106,-1
209.0101,2.40594,243.7365,17.85241,348.6969,358.9153,-1
209.0101,2.406057,243.7366,17.82144,348.6295,359.1356,-1
209.0101,2.406095,243.7365,17.75537,348.7257,359.2066,-1
209.0101,2.40617,243.7366,17.69712,348.7423,359.3486,-1
209.0101,2.406208,243.7366,14.96301,348.6878,359.4272,-1
209.0102,2.406163,243.7365,16.16486,348.8898,359.3404,-1
209.0102,2.406088,243.7365,16.92636,348.8889,359.1967,-1
209.0102,2.405921,243.7364,17.57211,348.956,358.8806,-1
209.0102,2.405885,243.7364,18.01134,348.9418,358.8094,-1
209.0102,2.405807,243.7363,18.16742,349.0898,358.6629,-1
209.0102,2.405864,243.7363,18.21655,349.0763,358.7686,-1
209.0102,2.405824,243.7362,18.28806,349.2441,358.6924,-1
209.0102,2.406022,243.7362,18.22193,349.2927,359.0671,-1
209.0102,2.406174,243.7362,17.93784,349.3782,359.3554,-1
209.0102,2.406108,243.7362,17.79569,349.3895,359.231,-1
209.0102,2.406069,243.7362,17.89206,349.4141,359.1569,-1
209.0102,2.406057,243.7361,17.91592,349.4825,359.1343,-1
209.0102,2.406051,243.7361,18.10291,349.4985,359.1226,-1
209.0103,2.40601,243.736,18.21044,349.6618,359.0443,-1
209.0103,2.406079,243.736,18.33091,349.6696,359.1745,-1
209.0103,2.406077,243.736,18.22092,349.6494,359.1707,-1
209.0103,2.406053,243.7359,18.3874,349.8171,359.1244,-1
209.0103,2.405994,243.7358,18.66984,349.9246,359.0123,-1
209.0103,2.405961,243.7357,18.76053,350.0827,358.9478,-1
209.0103,2.405975,243.7357,18.92285,350.185,358.9738,-1
209.0103,2.406015,243.7357,19.03388,350.2571,359.049,-1
209.0103,2.405981,243.7355,18.90265,350.5099,358.9859,-1
209.0103,2.405884,243.7354,19.01918,350.6969,358.8013,-1
209.0104,2.405818,243.7354,19.26297,350.7388,358.6744,-1
209.0104,2.405856,243.7354,19.40587,350.7508,358.7441,-1
209.0104,2.405838,243.7353,19.2772,350.8762,358.7122,-1
209.0104,2.405729,243.7351,19.166,351.1293,358.5056,-1
209.0104,2.405487,243.7348,18.92016,351.45,358.0491,-1
209.0104,2.405456,243.7348,19.09511,351.4787,357.9886,-1
209.0104,2.405499,243.7348,19.11987,351.4911,358.0704,-1
209.0104,2.405524,243.7348,19.24026,351.5945,358.1168,-1
209.0104,2.405575,243.7348,19.38219,351.6027,358.2113,-1
209.0104,2.405661,243.7348,19.3334,351.6402,358.3754,-1
209.0104,2.405643,243.7347,19.19557,351.7206,358.3423,-1
209.0103,2.403661,243.7346,9.695115,351.6642,354.8062,-1
209.0106,2.403597,243.7319,354.8011,357.9111,354.7428,-1
209.0107,2.405411,243.732,357.017,357.3746,358.0169,-1
209.0107,2.405772,243.7319,358.1283,357.3379,358.6656,-1
209.0107,2.405469,243.7323,358.0397,356.7604,358.1227,-1
209.0107,2.405325,243.7323,357.2856,356.7426,357.8624,-1
209.0107,2.405568,243.7328,358.1394,355.8403,358.3003,-1
209.0107,2.406464,243.7315,2.309558,358.0623,359.9052,-1
209.0107,2.407839,243.7308,3.828319,359.4914,2.372403,-1
209.0107,2.408083,243.7307,3.632521,359.6804,2.810406,-1
209.0107,2.408267,243.7307,3.24736,359.7767,3.139457,-1
209.0105,2.410138,243.7324,1.665395,356.613,6.498943,-1
209.0106,2.409565,243.7303,1.090689,0.2308923,5.467188,-1
209.0107,2.408789,243.7301,1.226858,0.7426379,4.071579,-1
209.0107,2.408807,243.7299,1.16167,1.012366,4.103779,-1
209.0107,2.409052,243.7302,1.662276,0.5238168,4.545913,-1
209.0106,2.409373,243.7304,2.55827,0.2163925,5.125809,-1
209.0107,2.408946,243.7305,3.899856,0.2124932,4.362669,-1
209.0107,2.408648,243.7296,4.182543,1.836045,3.8293,-1
209.0106,2.408511,243.7287,3.680264,3.278886,3.580331,-1
209.0106,2.408136,243.728,4.825711,4.539383,2.909709,-1
209.0107,2.407942,243.7284,5.247105,3.890411,2.562402,-1
209.0107,2.406787,243.7285,3.071686,3.467776,0.485056,-1
209.0107,2.407751,243.7284,4.106245,3.823247,2.215916,-1
209.0107,2.407746,243.7284,3.996573,3.816118,2.206818,-1
209.0107,2.407628,243.7284,3.801123,3.725745,1.99316,-1
209.0107,2.407565,243.7286,4.393488,3.408278,1.882403,-1
209.0107,2.40737,243.7286,4.845444,3.322933,1.532733,-1
209.0107,2.407574,243.7292,5.403774,2.366587,1.901967,-1
209.0107,2.407459,243.7292,6.505552,2.432714,1.698582,-1
209.0107,2.407245,243.7294,4.883501,1.901879,1.307797,-1
209.0107,2.407342,243.7291,5.311965,2.563869,1.483296,-1
209.0107,2.407275,243.7289,5.433214,2.875464,1.363481,-1
209.0107,2.405379,243.7291,356.0424,2.563819,357.9579,-1
209.0107,2.407503,243.732,6.110503,357.4226,1.775136,-1
209.0105,2.406302,243.7345,18.41406,352.605,359.5942,-1
209.0106,2.405982,243.7337,19.82879,353.8538,358.9815,-1
209.0106,2.40583,243.7332,21.48623,354.6148,358.6781,-1
209.0107,2.405975,243.7329,21.96146,355.2235,358.9542,-1
209.0107,2.405991,243.7329,21.73563,355.2313,358.9858,-1
209.0107,2.406035,243.7328,21.47606,355.3826,359.0723,-1
209.0107,2.406045,243.7329,21.49492,355.2266,359.091,-1
209.0107,2.40595,243.7327,20.93287,355.5522,358.9135,-1
209.0107,2.406162,243.7326,20.04743,355.8338,359.3231,-1
209.0107,2.406479,243.7328,19.56771,355.7388,359.927,-1
209.0107,2.406532,243.7328,19.59662,355.6789,0.02856679,-1
209.0107,2.406474,243.7329,19.84605,355.5978,359.9174,-1
209.0107,2.40636,243.7328,20.06296,355.668,359.7003,-1
209.0106,2.406419,243.733,20.0645,355.3573,359.814,-1
209.0107,2.406295,243.7328,19.99201,355.7086,359.577,-1
209.0107,2.406293,243.7327,20.07205,355.7138,359.5722,-1
209.0107,2.406342,243.7328,20.19256,355.7073,359.6656,-1
209.0107,2.406364,243.7327,20.1163,355.8564,359.7077,-1
209.0107,2.406441,243.7328,19.99949,355.7893,359.8545,-1
209.0107,2.406367,243.7326,20.01835,355.9633,359.7139,-1
209.0107,2.406446,243.7327,20.15939,355.9307,359.8636,-1
209.0107,2.406419,243.7326,20.18855,356.0754,359.8127,-1
209.0107,2.406417,243.7326,20.21711,356.1088,359.8092,-1
209.0107,2.406373,243.7325,20.28397,356.2098,359.725,-1
209.0107,2.406484,243.7326,20.34757,356.0954,359.937,-1
209.0107,2.406511,243.7325,20.43574,356.2661,359.9893,-1
209.0107,2.406599,243.7325,20.58303,356.2431,0.1570297,-1
209.0107,2.406622,243.7325,20.53633,356.3756,0.2000707,-1
209.0107,2.406637,243.7325,20.6586,356.4055,0.228756,-1
209.0107,2.40664,243.7324,20.54786,356.5474,0.2351546,-1
209.0107,2.406665,243.7328,11.49349,355.8857,0.2707005,-1
209.0106,2.406847,243.7331,13.87892,355.4477,0.6093504,-1
209.0107,2.406649,243.7328,16.47001,355.7789,0.2456012,-1
209.0107,2.40629,243.7328,20.99348,355.6347,359.5641,-1
209.0107,2.406289,243.7328,21.0041,355.641,359.563,-1
209.0107,2.406289,243.7328,21.0041,355.641,359.563,-1
209.0107,2.406289,243.7328,21.27529,355.6415,359.5619,-1
209.0107,2.406363,243.7328,20.86275,355.5644,359.7041,-1
209.0107,2.406312,243.7328,20.49686,355.6588,359.6078,-1
209.0107,2.406246,243.7328,20.35124,355.6491,359.482,-1
209.0107,2.406217,243.7327,20.52251,355.7131,359.4272,-1
209.0106,2.40659,243.7336,16.8012,354.359,0.1350777,-1
209.0106,2.406241,243.7335,16.40826,354.2915,359.4847,-1
209.0107,2.405802,243.7326,20.98059,355.6749,358.6281,-1
209.0107,2.405379,243.7325,22.17216,355.5326,357.7989,-1
209.0106,2.405677,243.7331,24.23676,354.6081,358.3501,-1
209.0106,2.405761,243.7332,24.39841,354.4986,358.5125,-1
209.0106,2.405791,243.7333,23.42179,354.3039,358.5824,-1
209.0106,2.405719,243.7332,22.61662,354.5468,358.451,-1
209.0106,2.405655,243.7329,24.54754,354.9214,358.3028,-1
209.0106,2.405736,243.7329,24.92054,354.8242,358.4573,-1
209.0107,2.406286,243.7326,26.31602,355.8724,359.5383,-1
209.0107,2.406164,243.7329,27.7853,355.2146,359.2856,-1
209.0107,2.406198,243.7323,30.53284,356.2331,359.3358,-1
209.0106,2.406566,243.7336,32.35932,354.3615,0.1035065,-1
209.0107,2.406403,243.732,31.67463,357.0117,359.7597,-1
209.0106,2.406356,243.7332,29.57906,354.8052,359.6689,-1
209.0107,2.40561,243.7327,29.62125,355.0606,358.1321,-1
209.0106,2.405676,243.7329,29.88638,354.6941,358.2624,-1
209.0107,2.405711,243.7326,27.64298,355.3232,358.3716,-1
209.0107,2.40703,243.7317,13.30906,358.0169,0.9435952,-1
209.0107,2.40782,243.7323,7.177547,356.9407,2.352058,-1
209.0107,2.407699,243.7321,7.304949,357.1859,2.134418,-1
209.0107,2.407624,243.7323,7.431761,356.9679,1.998248,-1
209.0107,2.407592,243.7324,7.390387,356.8111,1.940724,-1
209.0107,2.407482,243.7322,7.530993,356.9844,1.743384,-1
209.0107,2.407451,243.7323,7.686116,356.9576,1.687789,-1
209.0107,2.407441,243.7324,8.310533,356.7037,1.672707,-1
209.0107,2.407444,243.7325,8.582365,356.6231,1.679191,-1
209.0107,2.407439,243.7325,8.490275,356.6125,1.66834,-1
209.0107,2.407439,243.7325,8.490276,356.6125,1.66834,-1
209.0107,2.407439,243.7325,8.490276,356.6125,1.66834,-1
209.0107,2.407438,243.7325,8.486164,356.6108,1.666542,-1
209.0107,2.407514,243.7325,8.606165,356.5275,1.805283,-1
209.0107,2.407508,243.7325,8.574629,356.5625,1.795184,-1
209.0107,2.40755,243.7325,8.536615,356.5472,1.870719,-1
209.0107,2.407614,243.7325,4.662151,356.3625,1.97083,-1
209.0107,2.407518,243.7325,6.092968,356.5479,1.803645,-1
209.0107,2.407153,243.7326,11.15323,356.3379,1.159712,-1
209.0106,2.406912,243.7333,14.39293,355.0327,0.7309869,-1
209.0106,2.406961,243.7339,14.23259,353.974,0.8206263,-1
209.0105,2.406901,243.7341,13.7655,353.6173,0.70806,-1
209.0105,2.406755,243.7341,14.20903,353.4469,0.4399849,-1
209.0106,2.406708,243.7338,15.87834,354.0303,0.3546984,-1
209.0105,2.406656,243.7339,15.81166,353.759,0.2578624,-1
209.0106,2.406608,243.7339,15.50443,353.8699,0.1683459,-1
209.0105,2.406656,243.7342,15.45807,353.3018,0.2574616,-1
209.0105,2.406875,243.7344,13.62633,352.9596,0.6596656,-1
209.0106,2.406655,243.7336,13.33331,354.37,0.2542031,-1
209.0105,2.406962,243.7341,13.55402,353.586,0.8191977,-1
209.0105,2.407045,243.7341,13.17232,353.6133,0.9715211,-1
209.0105,2.407052,243.7341,13.26623,353.6664,0.983602,-1
209.0105,2.406875,243.734,10.7039,353.6441,0.6519578,-1
209.0105,2.406833,243.7342,12.50758,353.3774,0.5800935,-1
209.0105,2.406669,243.7341,14.96365,353.4783,0.2810366,-1
209.0105,2.406383,243.7341,17.7829,353.3798,359.7473,-1
209.0106,2.406136,243.7338,18.33832,353.8189,359.2808,-1
209.0106,2.406124,243.7338,17.86733,353.7579,359.261,-1
239.1396,2.405785,301.6372,17.06781,353.6777,359.2622,-1
239.1396,2.405822,301.6372,17.02419,353.7173,359.3324,-1
239.1396,2.405838,301.6372,17.12911,353.6896,359.3604,-1
239.1396,2.405827,301.6375,16.44972,353.2862,359.3435,-1
239.1396,2.405278,301.6301,16.91521,6.156537,358.3145,-1
239.1378,2.406098,301.6227,16.13237,20.33824,359.8494,-1
239.1348,2.405846,301.6166,15.32999,32.38696,359.3828,-1
239.1296,2.40582,301.6104,13.88124,46.99281,359.3384,-1
239.1195,2.405328,301.604,12.32956,68.16779,358.4404,-1
239.108,2.404809,301.6018,12.69902,89.10055,357.4857,-1
239.0992,2.404734,301.6031,13.3804,105.1254,357.3403,-1
239.0917,2.404717,301.6062,13.12573,119.7354,357.3119,-1
239.1078,1.031179,301.6338,0,320,0,exit0
239.0844,2.404688,301.6123,12.34972,136.8869,357.2654,-1
239.0806,2.404242,301.6175,13.11756,148.2851,356.43,-1
239.1657,2.40532,301.6694,13.16477,154.3626,357.7987,-1
239.2202,2.405271,301.6952,12.60652,153.798,357.7135,-1
239.3007,2.400579,301.7328,14.15983,150.484,358.3413,-1
239.3018,2.40018,301.7334,13.59123,150.4905,357.9238,-1
239.3029,2.400131,301.7338,14.25567,150.2354,358.0875,-1
239.3033,2.399773,301.7344,15.99489,150.6808,357.5559,-1
239.3033,2.39987,301.7343,18.12211,150.5076,357.7155,-1
239.3583,2.405558,301.6414,18.01799,149.4384,358.1932,-1
239.773,2.405391,300.9536,20.23655,148.8042,357.85,-1
240.4241,2.399164,299.867,20.19658,149.4736,357.7061,-1
241.0631,2.39995,298.7931,20.14136,149.7489,357.1684,-1
241.5906,2.402989,297.8816,20.77089,150.0668,357.2223,-1
242.1217,2.39581,296.9481,21.56096,150.7648,357.2683,-1
242.652,2.405035,296.0045,21.58125,150.6943,357.1452,-1
243.2276,2.396571,294.9817,22.05453,150.698,357.1864,-1
243.7453,2.405064,294.0609,22.35475,150.6603,357.1859,-1
244.3311,2.401283,293.0144,22.7638,150.871,357.0165,-1
244.9821,2.404966,291.8438,22.96437,151.0323,356.9819,-1
245.537,2.404858,290.8367,23.04054,151.2415,356.7696,-1
246.1641,2.394989,289.692,23.13893,151.4372,356.7302,-1
246.886,2.404771,288.3725,23.08896,151.1792,356.6004,-1
247.5401,2.396989,287.1826,23.04085,151.1821,356.6611,-1
248.2581,2.404885,285.8769,23.18887,151.1161,356.8194,-1
249.0003,2.404847,284.5298,23.16489,151.1294,356.7981,-1
249.6972,2.398901,283.2652,23.14033,151.0442,356.7642,-1
250.3489,2.404886,282.0876,23.3237,150.9307,356.8174,-1
251.0733,2.404898,280.7843,23.24973,150.8625,356.8428,-1
251.6928,2.404922,279.6719,23.32405,150.9509,356.888,-1
252.4086,2.398798,278.3834,23.21724,150.9527,356.8867,-1
253.0964,2.404913,277.1452,23.1401,150.9041,356.8748,-1
253.7847,2.404856,275.9078,23.17397,151.0324,356.7623,-1
254.5066,2.404735,274.6058,23.26012,151.0293,356.525,-1
255.1688,2.404732,273.4097,23.12521,150.9901,356.5219,-1
255.8529,2.404268,272.1715,22.8901,151.0762,356.5563,-1
256.533,2.404725,270.9393,22.72567,151.0071,356.5179,-1
257.1507,2.404731,269.8216,22.81369,151.0842,356.5279,-1
257.8931,2.404702,268.4796,22.80278,150.991,356.4731,-1
258.6144,2.404722,267.1783,22.64293,150.8056,356.5146,-1
259.3642,2.404766,265.8372,22.63802,150.8728,356.6019,-1
259.9667,2.404808,264.7585,22.64594,150.8012,356.6821,-1
260.6898,2.404782,263.4671,22.61158,150.7279,356.6322,-1
261.3585,2.404749,262.2752,22.85167,150.7912,356.563,-1
262.0479,2.404707,261.0435,22.85931,150.8132,356.4815,-1
262.7306,2.395412,259.8221,22.98277,150.8942,356.3253,-1
263.4034,2.40119,258.6169,23.51423,150.7766,356.3269,-1
264.0762,2.404659,257.4148,23.99763,150.874,356.3555,-1
264.7917,2.398046,256.1308,23.99763,150.874,356.3555,-1
265.4698,2.402525,254.9141,23.99763,150.874,356.3555,-1
266.0771,2.404786,253.8261,23.902,150.7601,356.6083,-1
266.797,2.404848,252.545,24.10887,150.6117,356.7246,-1
267.4905,2.404746,251.3169,24.094,150.4778,356.524,-1
268.2219,2.403258,250.0223,24.23005,150.7087,356.3129,-1
268.953,2.404637,248.7265,24.07031,150.5803,356.3104,-1
269.6749,2.404664,247.4495,23.98644,150.3172,356.3661,-1
270.3348,2.40469,246.2956,23.96656,149.9979,356.417,-1
270.992,2.40238,245.1499,22.25558,150.2373,356.4362,-1
271.6709,2.405416,243.9763,22.66797,149.079,357.8638,-1
271.9263,2.408195,243.9066,22.06052,140.5379,3.24242,-1
272.2787,2.408628,243.926,22.31181,140.5476,4.089272,-1
272.5956,2.408442,243.8654,25.14449,140.8603,3.80885,-1
273.1539,2.40783,243.4535,23.76813,141.0413,2.569839,-1
273.8346,2.406957,242.6017,26.25668,146.2728,0.952107,-1
274.374,2.406241,241.7296,24.53574,153.32,359.4567,-1
274.556,2.40516,241.3558,24.33073,157.0416,357.3323,-1
274.7199,2.405656,240.9554,26.62668,159.3927,358.2759,-1
275.0182,2.405766,240.1573,29.3301,159.9756,358.4581,-1
275.4373,2.399775,239.0491,29.7795,159.6604,358.3357,-1
275.8174,2.405848,238.007,29.01572,161.0375,358.629,-1
276.1577,2.405666,237.0152,28.61772,161.3179,358.265,-1
276.6032,2.402831,235.6822,29.39924,161.4461,358.0371,-1
276.9585,2.405521,234.5899,28.9883,162.1961,357.9614,-1
277.3513,2.404044,233.3737,28.41979,161.8968,357.9323,-1
277.6947,2.405516,232.3326,28.85329,161.6656,357.9539,-1
278.0778,2.405248,231.1655,29.82878,161.0288,357.381,-1
278.4042,2.404909,230.1876,29.94682,162.699,356.6749,-1
278.6905,2.405212,229.2597,29.67582,162.6871,357.3103,-1
279.0275,2.405243,228.175,30.15831,162.9138,357.3618,-1
279.3405,2.399667,227.1583,30.43255,162.8407,357.3156,-1
279.6505,2.405154,226.1596,30.37448,162.8519,357.169,-1
279.9591,2.405197,225.1605,30.41835,162.84,357.2581,-1
280.2798,2.403963,224.134,29.85033,162.1577,357.5648,-1
280.6581,2.40534,222.976,28.0099,160.8997,357.6129,-1
280.7236,1.031517,222.8832,0,320,0,enter1
280.7404,2.397284,222.7354,26.17686,159.7531,357.7533,-1
280.7408,2.397275,222.7346,26.14821,158.6917,357.6251,-1
280.7408,2.397119,222.7346,27.09304,158.6012,357.292,-1
280.7408,2.396948,222.7346,27.25993,158.4843,356.942,-1
280.7408,2.396898,222.7347,27.16335,158.519,356.8437,-1
280.7408,2.397045,222.7344,27.05985,158.1039,357.1434,-1
280.7409,2.397136,222.7342,26.76538,157.809,357.3329,-1
280.7409,2.397093,222.7343,28.88112,157.901,357.1924,-1
280.741,2.396866,222.7339,28.74546,156.9818,356.7321,-1
280.741,2.396692,222.7339,28.30391,156.8491,356.3922,-1
280.7411,2.396751,222.7337,28.26473,156.4227,356.5136,-1
280.7412,2.396922,222.7335,28.65996,156.2266,356.8502,-1
280.7708,1.023465,222.7456,0,320,0,exit1
280.892,2.402043,222.3933,28.39028,156.0342,357.0625,-1
281.2981,2.399032,221.4489,25.63996,159.3869,357.359,-1
281.6344,2.40475,220.4108,22.0018,172.453,356.5858,-1
281.6561,2.404342,220.2121,17.32164,197.9487,357.3426,-1
281.6663,2.405164,220.1873,14.40467,223.6961,357.4991,-1
281.6897,2.40367,220.175,14.25345,233.8231,354.7332,-1
281.6931,2.403865,220.1769,15.15848,240.8484,355.0746,-1
281.8141,2.40377,219.9532,13.59276,244.7875,354.9342,-1
282.0385,2.404124,219.443,13.93588,248.1575,355.5819,-1
282.397,2.404146,218.5515,14.41619,249.2958,355.6126,-1
282.566,2.403443,218.1154,14.14599,248.2526,354.3152,-1
282.572,2.403594,218.1016,15.12247,248.8947,354.5703,-1
282.5705,2.404727,218.1011,16.75624,246.4508,356.6504,-1
282.5703,2.405079,218.1011,18.8518,246.1978,357.2792,-1
282.3352,2.402878,217.993,20.82757,244.5897,357.55,-1
281.9333,2.405038,217.8067,21.81745,245.116,357.1761,-1
281.2083,2.404974,217.4817,22.50964,246.2485,357.008,-1
280.2209,2.404902,217.0544,22.08111,246.9997,356.8775,-1
279.2561,2.404876,216.6477,21.97499,247.1379,356.8306,-1
278.2889,2.404897,216.2424,22.00491,247.3358,356.8694,-1
277.2877,2.404692,215.8245,21.64571,247.2549,356.8184,-1
276.194,2.404869,215.3687,21.47792,247.3719,356.8268,-1
275.1502,2.401367,214.9331,21.25858,247.2794,356.9631,-1
274.1545,2.405039,214.5154,21.26574,247.2514,357.1592,-1
273.1606,2.405098,214.097,21.73075,246.9982,357.265,-1
272.1974,2.404135,213.6881,21.92406,247.0689,357.1703,-1
271.2063,2.405016,213.268,21.77059,247.097,357.1056,-1
270.1351,2.404972,212.8166,21.7822,247.1505,357.0186,-1
269.113,2.404846,212.3847,21.66936,247.0088,356.7784,-1
267.9807,2.404715,211.9057,21.6442,247.0694,356.526,-1
266.9261,2.404716,211.4594,21.55279,246.982,356.5299,-1
265.9641,2.397852,211.05,21.453,246.7237,356.6222,-1
264.9708,2.404712,210.6218,21.54849,246.4637,356.5233,-1
264.0122,2.404742,210.2042,21.91397,246.3011,356.5725,-1
263.0204,2.404905,209.7685,22.45064,246.1483,356.8754,-1
261.9875,2.40493,209.31,22.59236,245.921,357.1407,-1
260.6807,2.404938,208.7248,22.78112,245.7474,356.9327,-1
259.6038,2.404866,208.2393,23.14116,245.7431,356.784,-1
258.3919,2.403996,207.693,23.28789,245.7613,356.6783,-1
257.03,2.404423,207.0805,23.56135,245.7594,356.6771,-1
255.9601,2.404715,206.5996,23.4438,245.9408,356.4809,-1
254.9759,2.399123,206.1575,23.47185,245.6315,356.1369,-1
253.8786,2.404596,205.6584,23.44321,245.7606,356.2482,-1
252.7988,2.399896,205.1752,23.74813,245.9314,356.0171,-1
251.8435,2.404498,204.7473,23.84024,245.9044,356.0452,-1
250.8598,2.404549,204.3042,23.88905,245.4604,356.1436,-1
249.9085,2.404544,203.8698,24.11156,245.3009,356.126,-1
248.9598,2.404575,203.4321,24.3093,245.0576,356.1812,-1
247.8034,2.404572,202.8934,24.14261,244.9609,356.1809,-1
246.8194,2.404541,202.4333,24.01229,244.7706,356.125,-1
245.7506,2.401094,201.9295,24.24385,244.5465,355.9828,-1
244.8068,2.404392,201.4794,24.28058,244.3712,355.8234,-1
243.8357,2.398679,201.015,24.27265,244.5272,355.7055,-1
242.86,2.404245,200.5506,24.47309,244.6605,355.5257,-1
241.7282,2.404116,200.0156,24.64256,244.7179,355.2653,-1
240.7179,2.403989,199.537,24.64084,244.7269,355.0136,-1
239.7207,2.404037,199.0655,24.55623,244.5971,355.1129,-1
238.7498,2.404227,198.6028,24.69624,244.2869,355.4823,-1
237.7793,2.404137,198.1329,24.74844,244.0015,355.3031,-1
236.8421,2.404007,197.675,24.77636,243.8459,355.0438,-1
235.8198,2.40413,197.1759,24.2342,244.2022,355.309,-1
235.1343,2.404319,196.8449,24.2858,244.3182,355.6773,-1
235.0954,2.404319,196.8259,24.2858,244.3182,355.6773,-1
235.0495,2.404319,196.8037,24.2858,244.3182,355.6773,-1
235.0623,1.031517,196.7745,0,320,0,enter2
235.0482,2.404959,196.8032,24.64361,243.3727,356.9296,-1
235.048,2.405005,196.8031,24.76617,242.9526,357.0168,-1
235.0479,2.405028,196.8031,24.50783,242.9284,357.068,-1
235.048,2.405069,196.8031,24.0419,243.0278,357.1605,-1
235.0515,2.405272,196.8046,21.88855,250.0502,357.5963,-1
235.0563,2.405907,196.8058,18.21402,259.5211,358.8501,-1
235.0639,2.405984,196.8063,14.61885,273.3853,359.0146,-1
235.0747,2.405413,196.8036,12.47429,293.2044,357.9747,-1
235.0827,2.404945,196.7986,12.27738,309.9642,357.1176,-1
235.0896,2.404749,196.7903,13.07871,329.3152,356.7487,-1
235.0928,2.40616,196.7828,21.88181,344.4328,359.3112,-1
235.0906,2.406427,196.7884,17.62275,333.8671,359.8308,-1
235.0619,1.031517,196.7744,0,320,0,exit2
235.09,2.406282,196.7897,16.57799,331.2086,359.5609,-1
235.0897,2.406389,196.7903,16.81779,336.2432,359.7603,-1
235.0193,2.396462,197.0393,15.73119,357.8775,358.9014,-1
234.9079,2.405757,197.0504,16.07989,1.652112,358.5844,-1
234.8464,2.405692,197.0521,14.76506,1.378422,358.4713,-1
234.8453,2.4048,197.0472,13.15253,9.949874,356.8421,-1
234.8452,2.405252,197.0464,14.03774,11.55483,357.6649,-1
234.8514,2.405739,197.0779,15.45846,11.14972,358.5537,-1
234.8517,2.4059,197.0799,17.90025,9.754936,358.839,-1
234.9288,2.406032,197.6865,20.55278,6.068527,359.0729,-1
235.0542,2.406192,198.8177,21.09932,6.009255,359.3763,-1
235.1726,2.405994,199.8931,20.53061,6.465114,358.9998,-1
235.3194,2.403549,201.174,20.91753,6.712405,359.022,-1
235.4688,2.398725,202.4731,21.25865,6.394133,359.167,-1
235.6178,2.406214,203.8147,21.14962,6.144801,359.4191,-1
235.7469,2.406264,205.0147,21.0863,6.058112,359.5144,-1
235.8806,2.406276,206.2681,21.07536,6.119409,359.5376,-1
236.0209,2.406174,207.5862,21.52382,5.967993,359.3391,-1
236.1749,2.399152,209.0638,21.23633,5.941058,359.1613,-1
236.3323,2.406128,210.5854,21.43382,5.85871,359.2523,-1
236.4738,2.401504,211.9789,21.47732,5.615159,359.3265,-1
236.6109,2.406142,213.3907,21.53751,5.430241,359.2781,-1
236.7494,2.405454,214.8651,21.86509,5.354699,359.1147,-1
236.8767,2.406012,216.2312,22.09061,5.384903,359.0245,-1
237.0181,2.405989,217.7437,21.91668,5.278132,358.9807,-1
237.1534,2.405927,219.2091,22.02665,5.177296,358.86,-1
237.287,2.404706,220.7,22.16449,4.998487,358.8515,-1
237.4212,2.398726,222.2415,22.25078,4.846818,358.8888,-1
237.5512,2.405911,223.7792,22.32259,4.717401,358.8269,-1
237.6824,2.405814,225.3722,22.48901,4.544694,358.6375,-1
237.8053,2.405727,226.9151,22.49505,4.517759,358.4697,-1
237.9236,2.405692,228.4108,22.4415,4.413804,358.4007,-1
238.0333,2.405614,229.8236,22.44222,4.407578,358.2497,-1
238.1432,2.405583,231.2605,22.5168,4.184828,358.1895,-1
238.256,2.405535,232.8083,22.6581,4.129286,358.0942,-1
238.3553,2.403728,234.1786,22.74836,4.137397,358.0512,-1
238.4697,2.405491,235.7681,22.63776,4.049654,358.009,-1
238.5867,2.405466,237.4315,22.6777,3.941317,357.9603,-1
238.6949,2.405397,239.0349,22.86317,3.82942,357.8231,-1
238.7861,2.405375,240.4004,23.09921,3.857565,357.7764,-1
238.889,2.40534,241.9467,23.02201,3.720995,357.7103,-1
238.9779,2.405301,243.3284,22.99633,3.551619,357.6333,-1
239.0792,2.404186,244.9514,23.35131,3.439854,357.6223,-1
239.1672,2.405286,246.4174,23.3859,3.338088,357.598,-1
239.2567,2.405294,247.9681,23.35361,3.230057,357.6152,-1
239.3437,2.402328,249.5135,23.6409,3.143621,357.5246,-1
239.4193,2.405233,250.9036,23.58559,3.114485,357.4914,-1
239.4982,2.405413,252.3958,21.31781,2.042021,357.8785,-1
239.5242,2.405077,253.4522,14.14978,355.3283,357.3406,-1
239.524,2.406058,253.4728,8.541941,352.1925,359.1693,-1
239.5241,2.406024,253.4725,9.131505,352.6538,359.1063,-1
239.524,2.405851,253.4727,9.717224,352.2096,358.7893,-1
239.524,2.40554,253.473,9.649561,351.6941,358.2246,-1
239.5235,2.404845,253.4756,8.281774,346.615,356.974,-1
239.5236,2.405078,253.4752,8.940425,347.4847,357.3914,-1
239.5237,2.405105,253.4748,11.59272,348.1715,357.4182,-1
239.4723,2.405362,253.6966,13.9958,344.287,357.8675,-1
239.4028,2.404691,253.935,10.57527,339.2444,357.2396,-1
239.3829,2.396608,253.9862,9.71598,339.8538,358.5459,-1
239.3537,2.400807,254.0674,8.943353,341.0702,357.4902,-1
239.3256,2.403452,254.1485,11.86295,343.0508,356.9208,-1
239.3237,2.403491,254.155,13.93442,343.6215,356.6959,-1
239.1876,2.404208,254.6304,14.80951,345.695,355.7201,-1
239.0653,2.404454,255.148,16.17636,347.1362,356.151,-1
238.9348,2.404376,255.7402,16.50149,348.2835,355.9988,-1
238.8032,2.403135,256.4102,18.81278,352.1959,356.6642,-1
238.7158,2.405259,257.1247,19.87943,354.3089,357.605,-1
238.6392,2.405234,257.9218,19.82264,354.8535,357.557,-1
238.5463,2.405337,258.9391,19.86412,355.2227,357.753,-1
238.4829,2.405607,259.7211,18.96402,355.1365,358.2766,-1
238.4419,1.027084,259.8321,0,320,0,enter0
