*Subject
13
*Layout
2
*Condition
False,True,True,False,False
*Marks
299.1415,0,159.5397
260.5125,0,205.4487
280.9577,0,261.8564
*Path
x,y,z,flag
267.1543,2.404793,239.0865,8.655257,182.8282,356.8755,-1
267.1534,2.404951,239.0667,8.575832,182.655,357.1628,-1
267.1534,2.404955,239.0667,8.812186,182.6537,357.1693,-1
267.1537,2.405585,239.0692,8.356473,187.2787,358.3125,-1
267.1555,2.405707,239.0763,7.809093,200.4772,358.5363,-1
267.1619,2.403205,239.0865,5.444092,222.0046,354.0316,-1
267.1635,2.405045,239.0883,5.296664,226.5736,357.3515,-1
267.1644,2.405702,239.0892,5.388553,229.0148,358.5348,-1
267.1648,2.405451,239.0895,7.211426,229.771,358.0754,-1
267.1645,2.405956,239.0892,6.94505,229.2222,358.9874,-1
267.1639,2.406224,239.0887,6.987487,227.8623,359.4716,-1
267.1634,2.406403,239.0882,7.676048,226.5187,359.7941,-1
267.1634,2.406372,239.0882,7.220693,226.611,359.7376,-1
267.1632,2.406269,239.0881,6.765609,226.1661,359.5534,-1
267.1627,2.406005,239.0875,7.091328,224.6862,359.0757,-1
267.1626,2.406094,239.0875,7.53618,224.5623,359.2352,-1
267.1626,2.406196,239.0875,7.820281,224.5923,359.4189,-1
267.1626,2.406247,239.0875,8.062411,224.6132,359.5126,-1
267.1627,2.406173,239.0875,8.185663,224.7548,359.378,-1
267.1625,2.406163,239.0874,7.909123,224.4462,359.3601,-1
267.1629,2.406286,239.0877,7.762197,225.2903,359.5825,-1
267.1633,2.406138,239.0882,7.753214,226.4157,359.3158,-1
267.1633,2.405958,239.0882,7.897446,226.3647,358.9895,-1
267.1633,2.405987,239.0881,7.679536,226.2747,359.0429,-1
267.1635,2.405818,239.0883,7.384808,226.6734,358.7376,-1
267.1636,2.405684,239.0884,7.43654,226.8682,358.4968,-1
267.1635,2.405792,239.0883,7.60816,226.6169,358.6897,-1
267.1635,2.405888,239.0883,7.916351,226.7188,358.8625,-1
267.1635,2.405782,239.0883,7.940496,226.576,358.6706,-1
267.1633,2.405947,239.0881,7.799419,226.2774,358.9702,-1
267.1636,2.406371,239.0885,5.896667,227.2249,359.7365,-1
267.1644,2.407891,239.0891,4.653822,229.1784,2.468855,-1
267.1641,2.407744,239.0889,5.772605,228.5641,2.208682,-1
267.1641,2.407744,239.0888,6.428946,228.4379,2.211401,-1
267.1641,2.407822,239.0888,6.352965,228.4727,2.352229,-1
267.1641,2.407795,239.0888,6.654419,228.5942,2.303773,-1
267.1641,2.407849,239.0888,6.661761,228.609,2.401673,-1
267.1635,2.407517,239.0883,10.70108,227.1198,1.82182,-1
267.1635,2.407108,239.0883,9.138717,227.1357,1.072567,-1
267.1632,2.407134,239.0881,9.263755,226.4459,1.119349,-1
267.1633,2.406884,239.0882,7.736059,226.5445,0.6625357,-1
267.1632,2.406959,239.0881,7.712768,226.3258,0.7985641,-1
267.1631,2.406968,239.0879,7.564604,225.8944,0.814421,-1
267.1631,2.406856,239.088,7.386699,226.0794,0.6120095,-1
267.1632,2.406842,239.0881,7.12073,226.2736,0.5865992,-1
267.1633,2.406859,239.0882,7.164101,226.5839,0.6168524,-1
267.1634,2.406822,239.0882,7.165476,226.6673,0.5504835,-1
267.1634,2.406819,239.0883,7.100372,226.7552,0.5454192,-1
267.1635,2.406808,239.0883,7.165827,226.8404,0.5245742,-1
267.1635,2.406913,239.0883,7.275584,226.9123,0.714519,-1
267.1635,2.406974,239.0883,7.283433,227.0843,0.8242279,-1
267.1635,2.407037,239.0883,7.110196,226.9276,0.938773,-1
267.1636,2.407023,239.0884,7.138143,227.3041,0.9134462,-1
267.1638,2.406956,239.0886,7.077521,227.5902,0.7915978,-1
267.1638,2.406981,239.0886,7.168978,227.7319,0.838248,-1
267.1639,2.406987,239.0887,7.149668,228.0376,0.8485149,-1
267.164,2.40697,239.0888,7.107341,228.2307,0.8170649,-1
267.1641,2.406956,239.0888,7.030164,228.3561,0.7916474,-1
267.1642,2.406863,239.089,6.936972,228.8103,0.6237041,-1
267.1644,2.406819,239.0891,6.864536,229.1255,0.5452698,-1
267.1644,2.406797,239.0892,6.89845,229.2432,0.505135,-1
267.1645,2.406816,239.0892,6.9991,229.3505,0.5396528,-1
267.1646,2.40674,239.0893,7.004485,229.6086,0.4017206,-1
267.1647,2.406759,239.0894,7.114191,229.7843,0.4370875,-1
267.1645,2.40666,239.0892,7.865845,229.3893,0.2575705,-1
267.1642,2.406895,239.0889,8.422515,228.6112,0.6834785,-1
267.1643,2.407032,239.0891,9.746758,228.9721,0.9362963,-1
267.1644,2.407282,239.0891,9.57235,229.3308,1.389003,-1
267.1647,2.40725,239.0894,8.491333,230.018,1.327059,-1
267.1652,2.407132,239.0898,8.53213,231.0939,1.113788,-1
267.1655,2.407012,239.0901,8.714505,231.7553,0.8961053,-1
267.1655,2.407038,239.09,8.742698,231.6582,0.9433123,-1
267.1654,2.407142,239.0899,8.863515,231.5031,1.133498,-1
267.1652,2.407171,239.0898,8.973653,231.2051,1.185802,-1
267.1653,2.40708,239.0899,9.311295,231.2932,1.021864,-1
267.1653,2.40712,239.0898,9.27014,231.2413,1.09383,-1
267.1653,2.407093,239.0899,9.16021,231.383,1.044805,-1
267.1655,2.407061,239.09,9.097597,231.6886,0.9870088,-1
267.1655,2.407107,239.0901,8.950796,231.7793,1.070321,-1
267.1647,2.407454,239.0894,11.04265,230.1797,1.708755,-1
267.1647,2.407409,239.0894,10.0151,230.0462,1.62176,-1
267.1646,2.407182,239.0893,8.403137,229.7904,1.203948,-1
267.1646,2.407234,239.0893,9.117781,229.8067,1.300128,-1
267.1652,2.407072,239.0898,8.72093,230.9997,1.004785,-1
267.165,2.407202,239.0897,8.240203,230.7468,1.239402,-1
267.165,2.407084,239.0896,7.940936,230.5813,1.025972,-1
267.1636,2.406232,239.0885,8.311314,227.1787,359.4848,-1
267.163,2.406249,239.0879,9.185534,225.629,359.5132,-1
267.1631,2.406271,239.088,9.288507,225.8971,359.5544,-1
267.1632,2.406258,239.088,9.419824,226.101,359.5294,-1
267.1631,2.406379,239.088,9.697847,225.9043,359.749,-1
267.1632,2.406379,239.088,9.978628,226.1048,359.7487,-1
267.1632,2.406263,239.0881,9.953562,226.1169,359.5386,-1
267.1631,2.406527,239.088,9.361502,226.0207,0.01744808,-1
267.1631,2.406649,239.0879,9.094298,225.8963,0.2398627,-1
267.1631,2.406649,239.0879,9.094298,225.8963,0.2398627,-1
267.1631,2.406649,239.0879,9.094298,225.8963,0.2398627,-1
267.1632,2.406099,239.088,7.177367,226.0281,359.2456,-1
267.1637,2.403155,239.0882,5.729636,226.4011,353.9389,-1
267.1655,2.395581,239.0875,0.9366408,228.2446,340.0143,-1
267.1706,2.384101,239.0824,14.30931,215.1983,313.7033,-1
267.166,2.394731,239.0875,54.88877,194.9396,320.1819,-1
267.1605,2.40902,239.0849,60.69268,226.6673,9.194325,-1
267.1703,2.421931,239.0886,35.16492,260.341,36.10074,-1
267.1826,2.417461,239.0949,14.98638,270.3625,20.73443,-1
267.1923,2.396098,239.0944,3.287344,282.1743,340.966,-1
267.196,2.381872,239.0824,3.415138,297.3342,309.5092,-1
267.2004,2.379381,239.0728,8.27013,319.1422,301.0276,-1
267.2021,2.379831,239.0706,13.03417,320.9955,301.1307,-1
267.2116,2.388861,239.0699,43.84766,309.7626,310.0866,-1
267.2158,2.402182,239.074,49.83674,334.1412,347.874,-1
267.2144,2.404464,239.0784,71.97063,323.7559,348.0386,-1
267.2119,2.405685,239.0828,84.56181,310.3081,344.0775,-1
267.2101,2.406049,239.0852,85.15354,310.733,350.042,-1
267.2094,2.406138,239.0861,85.4407,310.079,351.4264,-1
267.2094,2.406123,239.086,85.43211,309.9556,351.1163,-1
267.2095,2.406149,239.086,85.30573,310.9209,351.9293,-1
267.2097,2.406181,239.0858,85.44199,311.7696,352.4068,-1
267.2097,2.406109,239.0857,85.58199,310.0512,350.4758,-1
267.2098,2.40609,239.0856,85.27731,310.4391,350.6714,-1
267.2123,2.405576,239.0822,85.03825,307.4852,340.1175,-1
267.2073,2.406163,239.0883,84.9408,306.135,352.7834,-1
267.2079,2.406123,239.0877,84.58891,307.276,352.4944,-1
267.2054,2.406442,239.0899,85.20834,307.1364,358.3877,-1
267.206,2.406382,239.0894,85.1524,307.3636,357.1379,-1
267.2053,2.406459,239.09,85.45878,307.1572,358.6835,-1
267.2065,2.406248,239.0889,84.36312,306.5979,355.0822,-1
267.2067,2.406285,239.0888,84.6393,307.3193,355.5411,-1
267.2068,2.406276,239.0888,84.61424,307.3687,355.3992,-1
267.2068,2.406292,239.0887,84.59913,307.8622,355.7099,-1
267.2069,2.406276,239.0886,84.70454,307.6469,355.3257,-1
267.207,2.406278,239.0886,84.7407,307.7949,355.3246,-1
267.207,2.40629,239.0885,84.82824,308.114,355.4858,-1
267.2071,2.406287,239.0885,84.80978,308.2122,355.4323,-1
267.2072,2.406293,239.0884,84.82597,308.4809,355.5466,-1
267.2072,2.406296,239.0883,84.84775,308.6753,355.5864,-1
267.2073,2.406294,239.0883,84.86786,308.7758,355.5292,-1
267.2073,2.406289,239.0882,84.78587,308.8982,355.4926,-1
267.2074,2.406282,239.0882,84.68648,309.0047,355.4572,-1
267.2075,2.40627,239.0881,84.55299,309.0051,355.3229,-1
267.2075,2.406263,239.0881,84.45483,309.1053,355.2838,-1
267.2076,2.406257,239.088,84.33372,309.2307,355.2792,-1
267.2076,2.406254,239.088,84.2494,309.3761,355.2898,-1
267.2077,2.406249,239.0879,84.16965,309.4942,355.2719,-1
267.2077,2.406246,239.0879,84.11031,309.6294,355.2643,-1
267.2078,2.406241,239.0878,84.04271,309.7387,355.2383,-1
267.2078,2.406238,239.0877,83.98784,309.8625,355.2301,-1
267.2079,2.406235,239.0877,83.93819,309.9661,355.2062,-1
267.2079,2.406229,239.0876,83.89951,310.0383,355.145,-1
267.208,2.406226,239.0876,83.85851,310.1476,355.1212,-1
267.208,2.40622,239.0876,83.8252,310.2014,355.0473,-1
267.2081,2.406218,239.0875,83.79591,310.3169,355.031,-1
267.2081,2.406213,239.0874,83.76439,310.3875,354.9797,-1
267.2082,2.406211,239.0874,83.74411,310.5031,354.9724,-1
267.2083,2.406211,239.0873,83.72459,310.6293,354.9738,-1
267.2083,2.406212,239.0873,83.70649,310.7836,355.004,-1
267.2083,2.406209,239.0872,83.69084,310.8826,354.9851,-1
267.2084,2.406205,239.0872,83.67647,310.9301,354.9143,-1
267.2084,2.406198,239.0872,83.65755,310.9619,354.8227,-1
267.2085,2.406193,239.0871,83.64008,311.0138,354.7561,-1
267.2085,2.406191,239.0871,83.62296,311.118,354.7392,-1
267.2086,2.406187,239.087,83.60757,311.1899,354.6911,-1
267.2086,2.406185,239.0869,83.60003,311.2747,354.6595,-1
267.2086,2.406181,239.0869,83.5962,311.3334,354.5946,-1
267.2087,2.406179,239.0869,83.58675,311.4319,354.5802,-1
267.2087,2.406177,239.0868,83.5778,311.5204,354.5527,-1
267.2088,2.406179,239.0868,83.57056,311.6776,354.5959,-1
267.2088,2.406176,239.0867,83.56927,311.7396,354.5477,-1
267.2089,2.406178,239.0867,83.56172,311.8848,354.5731,-1
267.2089,2.406178,239.0866,83.5518,312.007,354.5874,-1
267.209,2.406176,239.0866,83.54943,312.0834,354.5639,-1
267.209,2.406175,239.0865,83.54272,312.1698,354.5461,-1
267.209,2.406179,239.0865,83.5391,312.3526,354.621,-1
267.2091,2.406181,239.0865,83.53371,312.5026,354.6557,-1
267.2091,2.40618,239.0864,83.53174,312.5859,354.635,-1
267.2092,2.406175,239.0864,83.52747,312.6196,354.5606,-1
267.2092,2.406173,239.0863,83.52543,312.6942,354.5269,-1
267.2092,2.406174,239.0863,83.52734,312.817,354.543,-1
267.2093,2.406172,239.0862,83.52083,312.8918,354.5225,-1
267.2093,2.406172,239.0862,83.5185,312.992,354.5162,-1
267.2094,2.406171,239.0862,83.51173,313.0882,354.509,-1
267.2094,2.406173,239.0861,83.51076,313.2194,354.5427,-1
267.2094,2.406175,239.0861,83.50542,313.3535,354.5769,-1
267.2095,2.406173,239.086,83.4967,313.4449,354.5628,-1
267.2095,2.406172,239.086,83.49386,313.511,354.5323,-1
267.2095,2.406172,239.0859,83.49319,313.6035,354.5325,-1
267.2096,2.406175,239.0859,83.48366,313.759,354.587,-1
267.2096,2.406169,239.0858,83.48506,313.7795,354.5067,-1
267.2097,2.406168,239.0858,83.48543,313.8686,354.4884,-1
267.2097,2.406167,239.0858,83.48513,313.9493,354.4703,-1
267.2097,2.406175,239.0857,83.48353,314.1626,354.5918,-1
267.2097,2.406177,239.0857,83.49021,314.277,354.6198,-1
267.2098,2.40618,239.0857,83.48681,314.4246,354.6768,-1
267.2098,2.40618,239.0856,83.48859,314.52,354.6773,-1
267.2098,2.406179,239.0856,83.49196,314.5896,354.6576,-1
267.2099,2.40618,239.0855,83.49509,314.6876,354.6665,-1
267.2099,2.40618,239.0855,83.49296,314.7797,354.6688,-1
267.2099,2.406181,239.0854,83.49853,314.8776,354.6771,-1
267.21,2.406181,239.0854,83.49805,314.9662,354.6783,-1
267.21,2.406181,239.0854,83.49657,315.0411,354.6731,-1
267.21,2.406178,239.0854,83.4995,315.0801,354.6331,-1
267.2101,2.406176,239.0853,83.49784,315.1323,354.6058,-1
267.2101,2.406178,239.0853,83.50165,315.2359,354.6288,-1
267.2101,2.406177,239.0853,83.50245,315.2963,354.6122,-1
267.2101,2.406178,239.0852,83.50089,315.3788,354.6193,-1
267.2101,2.40618,239.0852,83.4985,315.5027,354.6671,-1
267.2102,2.406183,239.0851,83.49591,315.6162,354.7071,-1
267.2102,2.406187,239.0851,83.49127,315.7617,354.7835,-1
267.2102,2.406189,239.0851,83.49016,315.8649,354.8138,-1
267.2103,2.406188,239.0851,83.49453,315.9193,354.7919,-1
267.2103,2.406189,239.085,83.48916,316.0177,354.8122,-1
267.2103,2.406189,239.085,83.48483,316.0914,354.8138,-1
267.2103,2.406185,239.085,83.48582,316.092,354.7443,-1
267.2104,2.406185,239.0849,83.49241,316.1669,354.7493,-1
267.2104,2.406185,239.0849,83.49606,316.2273,354.742,-1
267.2104,2.406184,239.0849,83.49718,316.2937,354.7333,-1
267.2104,2.40618,239.0848,83.4969,316.2952,354.6621,-1
267.2104,2.406178,239.0848,83.49793,316.3297,354.6265,-1
267.2105,2.406175,239.0848,83.50375,316.3474,354.5792,-1
267.2105,2.406174,239.0847,83.50704,316.3948,354.5593,-1
267.2105,2.406173,239.0847,83.50701,316.4272,354.5368,-1
267.2106,2.406172,239.0847,83.50991,316.4711,354.5209,-1
267.2106,2.406171,239.0847,83.50846,316.5263,354.5145,-1
267.2106,2.406172,239.0847,83.50829,316.6001,354.5267,-1
267.2106,2.406172,239.0846,83.50858,316.6502,354.5211,-1
267.2106,2.406174,239.0846,83.50623,316.744,354.5589,-1
267.2106,2.406174,239.0846,83.50542,316.8036,354.5582,-1
267.2107,2.406174,239.0845,83.5062,316.8544,354.5571,-1
267.2107,2.406175,239.0845,83.5042,316.929,354.5746,-1
267.2107,2.406178,239.0845,83.50642,317.0144,354.6139,-1
267.2107,2.406175,239.0845,83.50487,317.0215,354.5754,-1
267.2108,2.406173,239.0845,83.50282,317.0455,354.5468,-1
267.2108,2.406172,239.0844,83.49878,317.0788,354.5348,-1
267.2108,2.40617,239.0844,83.49476,317.0931,354.505,-1
267.2108,2.406168,239.0844,83.49775,317.1118,354.482,-1
267.2108,2.406168,239.0844,83.49974,317.153,354.4754,-1
267.2108,2.406167,239.0844,83.49844,317.1848,354.4626,-1
267.2108,2.406168,239.0844,83.49615,317.2458,354.4822,-1
267.2108,2.406166,239.0843,83.49296,317.2533,354.4472,-1
267.2108,2.406166,239.0843,83.49251,317.2865,354.4445,-1
267.2109,2.406167,239.0843,83.49284,317.3419,354.4617,-1
267.2109,2.406168,239.0843,83.49091,317.4055,354.488,-1
267.2109,2.406171,239.0843,83.49263,317.4805,354.5306,-1
267.2109,2.40617,239.0842,83.49064,317.5003,354.51,-1
267.2109,2.406171,239.0842,83.49058,317.5542,354.5293,-1
267.2109,2.406169,239.0842,83.49043,317.5563,354.5004,-1
267.2109,2.406169,239.0842,83.48904,317.5871,354.4943,-1
267.2109,2.406167,239.0842,83.48663,317.5946,354.4694,-1
267.2109,2.406168,239.0842,83.48831,317.6418,354.4834,-1
267.211,2.406173,239.0842,83.49073,317.7441,354.5589,-1
267.211,2.406175,239.0841,83.49281,317.7985,354.581,-1
267.211,2.406175,239.0841,83.48634,317.8414,354.5917,-1
267.211,2.406174,239.0841,83.48139,317.8651,354.5898,-1
267.211,2.406171,239.0841,83.47559,317.8359,354.5402,-1
267.211,2.406167,239.0841,83.47592,317.8024,354.4819,-1
267.211,2.406171,239.0841,83.47454,317.8801,354.5374,-1
267.211,2.40617,239.0841,83.47219,317.893,354.5277,-1
267.211,2.406169,239.0841,83.47616,317.8833,354.5021,-1
267.2111,2.406167,239.0841,83.47688,317.8653,354.4756,-1
267.2111,2.406165,239.084,83.47787,317.8528,354.4411,-1
267.2111,2.40616,239.084,83.47863,317.7968,354.3681,-1
267.2111,2.406163,239.084,83.48299,317.8499,354.4052,-1
267.2111,2.406163,239.084,83.47955,317.8711,354.4118,-1
267.2111,2.406167,239.084,83.47598,317.9535,354.4774,-1
267.2111,2.406172,239.084,83.47459,318.0511,354.5591,-1
267.2111,2.406173,239.084,83.47118,318.0749,354.57,-1
267.2111,2.406175,239.084,83.47223,318.1209,354.6025,-1
267.2111,2.406173,239.084,83.46781,318.1032,354.571,-1
267.2111,2.406174,239.084,83.46638,318.1292,354.5955,-1
267.2111,2.406172,239.084,83.47832,318.0897,354.5462,-1
267.2111,2.406175,239.084,83.48814,318.1503,354.5981,-1
267.2111,2.406176,239.084,83.49168,318.1613,354.6008,-1
267.2111,2.406177,239.084,83.49612,318.1748,354.6126,-1
267.2111,2.406177,239.084,83.50255,318.177,354.6082,-1
267.2111,2.406178,239.084,83.50022,318.2045,354.6268,-1
267.2111,2.40618,239.084,83.50303,318.2377,354.6584,-1
267.2111,2.406178,239.084,83.50391,318.2187,354.6314,-1
267.2111,2.406171,239.084,83.50198,318.1118,354.524,-1
267.2111,2.406169,239.084,83.50053,318.0675,354.4835,-1
267.2111,2.406169,239.084,83.50222,318.076,354.4894,-1
267.2111,2.406167,239.084,83.49403,318.048,354.4635,-1
267.2111,2.406169,239.084,83.48766,318.0739,354.4935,-1
267.2111,2.406168,239.084,83.48693,318.0647,354.4878,-1
267.2111,2.406168,239.084,83.48446,318.0404,354.4755,-1
267.2111,2.406169,239.084,83.48582,318.0695,354.5087,-1
267.2111,2.406169,239.084,83.47998,318.055,354.5016,-1
267.2111,2.406174,239.084,83.48136,318.1314,354.5842,-1
267.2111,2.406179,239.084,83.47884,318.1935,354.6615,-1
267.2111,2.406181,239.084,83.47839,318.2098,354.6924,-1
267.2111,2.406181,239.084,83.47971,318.2003,354.6929,-1
267.2111,2.406183,239.084,83.47993,318.2199,354.7275,-1
267.2111,2.406183,239.084,83.47857,318.2005,354.7191,-1
267.2111,2.406184,239.084,83.48257,318.2034,354.7352,-1
267.2111,2.406184,239.084,83.47932,318.1953,354.7376,-1
267.2111,2.406189,239.084,83.4819,318.2628,354.8217,-1
267.2111,2.40619,239.084,83.4798,318.2698,354.8399,-1
267.2111,2.406188,239.084,83.47694,318.2239,354.8122,-1
267.2111,2.406186,239.084,83.4817,318.1747,354.7754,-1
267.211,2.406186,239.0841,83.47953,318.154,354.7729,-1
267.211,2.406182,239.0841,83.48351,318.074,354.7106,-1
267.211,2.406182,239.0841,83.47869,318.0419,354.7048,-1
267.211,2.406178,239.0841,83.47511,317.9732,354.6599,-1
267.211,2.40618,239.0841,83.47965,317.9695,354.6769,-1
267.211,2.406178,239.0841,83.48431,317.9128,354.6378,-1
267.211,2.406176,239.0841,83.48657,317.864,354.6098,-1
267.211,2.406174,239.0841,83.48509,317.7996,354.5756,-1
267.211,2.406173,239.0841,83.49413,317.7476,354.5519,-1
267.211,2.406173,239.0842,83.49507,317.7287,354.5523,-1
267.2109,2.406171,239.0842,83.48946,317.6786,354.529,-1
267.2109,2.406173,239.0842,83.48849,317.6861,354.5664,-1
267.2109,2.406171,239.0842,83.48233,317.6249,354.5316,-1
267.2109,2.40617,239.0842,83.48022,317.5818,354.515,-1
267.2109,2.406167,239.0842,83.47935,317.5161,354.478,-1
267.2109,2.406169,239.0842,83.48317,317.5208,354.5063,-1
267.2109,2.406168,239.0843,83.47349,317.4818,354.4986,-1
267.2109,2.40617,239.0843,83.47247,317.4769,354.5339,-1
267.2109,2.406171,239.0843,83.47758,317.4542,354.5456,-1
267.2109,2.406177,239.0843,83.47625,317.5099,354.6289,-1
267.2109,2.40618,239.0843,83.48585,317.5156,354.6686,-1
267.2108,2.406178,239.0843,83.48458,317.4506,354.6374,-1
267.2108,2.406179,239.0844,83.48203,317.4378,354.662,-1
267.2108,2.406177,239.0844,83.48531,317.3605,354.6225,-1
267.2108,2.406175,239.0844,83.48744,317.2969,354.595,-1
267.2108,2.406178,239.0844,83.48976,317.2999,354.6399,-1
267.2108,2.406178,239.0844,83.49172,317.254,354.6361,-1
267.2108,2.406178,239.0844,83.49245,317.2116,354.6333,-1
267.2108,2.406177,239.0844,83.48952,317.1573,354.6212,-1
267.2108,2.406176,239.0845,83.49106,317.1046,354.6055,-1
267.2107,2.406172,239.0845,83.49001,317.0076,354.5482,-1
267.2107,2.406171,239.0845,83.48895,316.9478,354.5287,-1
267.2107,2.406173,239.0845,83.4879,316.9362,354.5611,-1
267.2107,2.406172,239.0845,83.48038,316.8772,354.5441,-1
267.2107,2.406172,239.0846,83.48392,316.8402,354.5449,-1
267.2106,2.406173,239.0846,83.47764,316.8224,354.5753,-1
267.2106,2.406177,239.0846,83.47914,316.8309,354.6262,-1
267.2106,2.406175,239.0846,83.48058,316.7557,354.6025,-1
267.2106,2.406178,239.0846,83.48747,316.7433,354.6353,-1
267.2106,2.406177,239.0847,83.48781,316.6924,354.6288,-1
267.2106,2.406177,239.0847,83.48961,316.6293,354.6217,-1
267.2106,2.406181,239.0847,83.49096,316.6504,354.6917,-1
267.2105,2.406186,239.0847,83.49163,316.6834,354.771,-1
267.2105,2.406188,239.0847,83.49263,316.6571,354.7932,-1
267.2105,2.40619,239.0847,83.4866,316.6516,354.835,-1
267.2105,2.40619,239.0848,83.48698,316.5933,354.835,-1
267.2104,2.406188,239.0848,83.49161,316.4949,354.7872,-1
267.2104,2.406182,239.0848,83.48874,316.3578,354.7029,-1
267.2104,2.406182,239.0849,83.49066,316.2992,354.7024,-1
267.2104,2.406178,239.0849,83.48287,316.1895,354.6371,-1
267.2104,2.406176,239.0849,83.48651,316.1045,354.6071,-1
267.2104,2.406177,239.0849,83.48838,316.0525,354.6135,-1
267.2104,2.406176,239.085,83.49001,315.9911,354.6105,-1
267.2103,2.406176,239.085,83.48859,315.9391,354.6089,-1
267.2103,2.406175,239.085,83.48594,315.8617,354.5871,-1
267.2103,2.406176,239.085,83.48338,315.8315,354.6081,-1
267.2103,2.406174,239.0851,83.4879,315.7437,354.5787,-1
267.2103,2.406176,239.0851,83.48651,315.7197,354.6104,-1
267.2102,2.406178,239.0851,83.49491,315.6823,354.6261,-1
267.2102,2.406177,239.0851,83.49091,315.6211,354.6196,-1
267.2102,2.406179,239.0851,83.49184,315.5957,354.6556,-1
267.2102,2.406177,239.0852,83.49184,315.5036,354.6193,-1
267.2101,2.406179,239.0852,83.49435,315.4742,354.647,-1
267.2101,2.406178,239.0852,83.48956,315.4101,354.6394,-1
267.2101,2.406179,239.0852,83.49271,315.3615,354.6498,-1
267.2101,2.406179,239.0853,83.49403,315.3023,354.6484,-1
267.2101,2.406178,239.0853,83.49868,315.218,354.6308,-1
267.2101,2.406178,239.0853,83.50013,315.1518,354.626,-1
267.21,2.406177,239.0854,83.49657,315.0825,354.6212,-1
267.21,2.406176,239.0854,83.50008,314.9966,354.5982,-1
267.21,2.406172,239.0854,83.50043,314.8708,354.5412,-1
267.21,2.406172,239.0854,83.50414,314.8013,354.5345,-1
267.2099,2.406175,239.0854,83.50059,314.7825,354.5844,-1
267.2099,2.406174,239.0855,83.49784,314.6964,354.5623,-1
267.2099,2.406175,239.0855,83.49311,314.6609,354.5874,-1
267.2099,2.406177,239.0855,83.49109,314.6244,354.6147,-1
267.2098,2.406176,239.0856,83.49365,314.5485,354.6059,-1
267.2098,2.406175,239.0856,83.49088,314.4679,354.593,-1
267.2098,2.406172,239.0856,83.48952,314.3494,354.5376,-1
267.2098,2.406167,239.0857,83.48724,314.2021,354.4584,-1
267.2097,2.406167,239.0857,83.48161,314.1482,354.4674,-1
267.2097,2.406167,239.0857,83.48717,314.085,354.4724,-1
267.2097,2.406167,239.0858,83.481,314.0136,354.4702,-1
267.2097,2.406168,239.0858,83.47971,313.9652,354.4898,-1
267.2097,2.406173,239.0858,83.48534,313.9596,354.554,-1
267.2096,2.406174,239.0858,83.48676,313.921,354.5853,-1
267.2096,2.406174,239.0858,83.48705,313.8515,354.5793,-1
267.2096,2.406178,239.0859,83.49154,313.8424,354.6454,-1
267.2095,2.406181,239.0859,83.4901,313.8128,354.6839,-1
267.2095,2.406183,239.0859,83.48759,313.7694,354.7135,-1
267.2095,2.406181,239.086,83.48696,313.6804,354.6906,-1
267.2095,2.406179,239.086,83.48446,313.5864,354.6616,-1
267.2094,2.406175,239.086,83.48154,313.4443,354.5971,-1
267.2094,2.406174,239.0861,83.48257,313.3576,354.5808,-1
267.2094,2.406171,239.0861,83.48576,313.2421,354.5355,-1
267.2094,2.406174,239.0861,83.49043,313.2054,354.5727,-1
267.2094,2.406175,239.0862,83.48046,313.1603,354.6044,-1
267.2093,2.406176,239.0862,83.47668,313.1018,354.6177,-1
267.2093,2.40618,239.0862,83.47628,313.0875,354.6758,-1
267.2093,2.406181,239.0862,83.48254,313.0354,354.6955,-1
267.2092,2.406177,239.0863,83.4832,312.8972,354.6311,-1
267.2092,2.406183,239.0863,83.48771,312.9061,354.7151,-1
267.2092,2.406188,239.0863,83.49525,312.912,354.7963,-1
267.2091,2.40619,239.0864,83.49615,312.8602,354.8289,-1
267.2091,2.406191,239.0864,83.50288,312.7775,354.8292,-1
267.2091,2.406192,239.0865,83.50188,312.7206,354.8495,-1
267.209,2.406192,239.0865,83.50524,312.6408,354.8444,-1
267.209,2.406191,239.0865,83.50327,312.5875,354.8287,-1
267.209,2.406191,239.0865,83.50327,312.5875,354.8287,-1
267.209,2.406187,239.0865,83.49513,312.4903,354.7809,-1
267.209,2.406186,239.0865,83.48676,312.4067,354.7703,-1
267.209,2.406182,239.0866,83.49163,312.2575,354.6938,-1
267.2089,2.406181,239.0866,83.49266,312.1691,354.6853,-1
267.2089,2.40618,239.0866,83.4997,312.0634,354.6562,-1
267.2089,2.406178,239.0867,83.49464,311.9659,354.6256,-1
267.2089,2.406178,239.0867,83.49818,311.8991,354.6412,-1
267.2088,2.406176,239.0867,83.49911,311.7893,354.6044,-1
267.2088,2.406175,239.0868,83.50227,311.6948,354.5838,-1
267.2088,2.406174,239.0868,83.49001,311.6064,354.5741,-1
267.2087,2.406174,239.0868,83.48679,311.5382,354.5834,-1
267.2087,2.406172,239.0869,83.4879,311.4171,354.5416,-1
267.2087,2.406174,239.0869,83.48959,311.3685,354.5723,-1
267.2086,2.406173,239.0869,83.49088,311.2806,354.5561,-1
267.2086,2.406173,239.0869,83.49163,311.196,354.5484,-1
267.2086,2.406174,239.087,83.49194,311.1372,354.5685,-1
267.2086,2.406171,239.087,83.49136,311.016,354.5248,-1
267.2085,2.406168,239.087,83.49712,310.8897,354.475,-1
267.2085,2.406169,239.0871,83.49905,310.8215,354.4831,-1
267.2085,2.406168,239.0871,83.49718,310.7304,354.4678,-1
267.2084,2.40617,239.0871,83.49857,310.686,354.5011,-1
267.2084,2.406174,239.0872,83.50061,310.6692,354.5612,-1
267.2084,2.406172,239.0872,83.5008,310.5652,354.5306,-1
267.2084,2.406174,239.0872,83.50028,310.5285,354.5682,-1
267.2083,2.406175,239.0872,83.49618,310.462,354.5819,-1
267.2083,2.406175,239.0873,83.49835,310.3884,354.5887,-1
267.2083,2.406175,239.0873,83.4994,310.3177,354.588,-1
267.2083,2.406173,239.0873,83.49902,310.1993,354.5505,-1
267.2082,2.406165,239.0874,83.49441,309.9922,354.4251,-1
267.2082,2.406164,239.0874,83.49702,309.9003,354.4062,-1
267.2081,2.406165,239.0874,83.49206,309.854,354.4307,-1
267.2081,2.406168,239.0875,83.49133,309.8369,354.4856,-1
267.2081,2.40617,239.0875,83.49175,309.7778,354.5085,-1
267.2081,2.406168,239.0875,83.48747,309.673,354.4855,-1
267.208,2.406174,239.0876,83.49175,309.684,354.5736,-1
267.208,2.406176,239.0876,83.49419,309.6438,354.6089,-1
267.2079,2.406178,239.0876,83.49872,309.5804,354.627,-1
267.2079,2.406179,239.0876,83.49676,309.5361,354.6541,-1
267.2079,2.406177,239.0877,83.49519,309.4151,354.6101,-1
267.2079,2.406178,239.0877,83.49878,309.3529,354.6286,-1
267.2078,2.406179,239.0877,83.50127,309.2991,354.6529,-1
267.2078,2.406181,239.0878,83.50442,309.2435,354.6702,-1
267.2078,2.40618,239.0878,83.50125,309.1637,354.6649,-1
267.2078,2.406182,239.0878,83.50309,309.1064,354.6908,-1
267.2077,2.406182,239.0879,83.4988,309.0381,354.6989,-1
267.2077,2.406182,239.0879,83.49905,308.9633,354.6958,-1
267.2076,2.406181,239.0879,83.49895,308.8647,354.6797,-1
267.2076,2.406182,239.088,83.49883,308.8011,354.6907,-1
267.2076,2.406182,239.088,83.50028,308.7147,354.6851,-1
267.2076,2.406182,239.088,83.49645,308.6485,354.7,-1
267.2075,2.406182,239.088,83.49061,308.5687,354.6947,-1
267.2075,2.406182,239.0881,83.49004,308.5101,354.7037,-1
267.2075,2.406182,239.0881,83.49024,308.4272,354.697,-1
267.2075,2.406179,239.0881,83.48949,308.3159,354.6612,-1
267.2074,2.40618,239.0882,83.48603,308.2535,354.6688,-1
267.2074,2.406178,239.0882,83.47989,308.1515,354.6454,-1
267.2073,2.406177,239.0882,83.47989,308.0576,354.6292,-1
267.2073,2.406177,239.0883,83.48314,307.9768,354.6229,-1
267.2073,2.406177,239.0883,83.4888,307.893,354.6167,-1
267.2073,2.406176,239.0883,83.49271,307.7991,354.597,-1
267.2072,2.406177,239.0883,83.4929,307.7504,354.6175,-1
267.2072,2.406175,239.0883,83.49211,307.6394,354.5839,-1
267.2072,2.406178,239.0884,83.49326,307.6143,354.631,-1
267.2072,2.406176,239.0884,83.49615,307.5105,354.5988,-1
267.2071,2.406173,239.0884,83.49223,307.3933,354.5549,-1
267.2071,2.406175,239.0885,83.48877,307.3555,354.5883,-1
267.207,2.406178,239.0885,83.49115,307.3466,354.6475,-1
267.207,2.406178,239.0885,83.49633,307.2613,354.6332,-1
267.207,2.406183,239.0886,83.50813,307.2543,354.7018,-1
267.207,2.406183,239.0886,83.50898,307.1917,354.709,-1
267.2069,2.406183,239.0886,83.50417,307.1195,354.71,-1
267.2069,2.406183,239.0886,83.50215,307.054,354.7166,-1
267.2068,2.406183,239.0887,83.50198,306.9693,354.7035,-1
267.2068,2.406181,239.0887,83.50195,306.8718,354.675,-1
267.2068,2.40618,239.0887,83.50059,306.7787,354.6626,-1
267.2068,2.406177,239.0887,83.4985,306.6617,354.6146,-1
267.2068,2.406175,239.0888,83.50191,306.5557,354.5795,-1
267.2067,2.406174,239.0888,83.50508,306.4689,354.5635,-1
267.2067,2.406171,239.0888,83.49603,306.3678,354.5282,-1
267.2067,2.406172,239.0888,83.48603,306.3272,354.553,-1
267.2066,2.406173,239.0889,83.4823,306.2743,354.569,-1
267.2066,2.406174,239.0889,83.48933,306.2103,354.5689,-1
267.2066,2.406171,239.0889,83.48937,306.1086,354.5332,-1
267.2065,2.406171,239.0889,83.48964,306.0364,354.5207,-1
267.2065,2.406173,239.089,83.48914,306.0013,354.5534,-1
267.2065,2.406174,239.089,83.49172,305.9556,354.5727,-1
267.2065,2.406171,239.089,83.49998,305.8342,354.5124,-1
267.2065,2.406173,239.089,83.49733,305.8102,354.5569,-1
267.2064,2.406174,239.0891,83.49875,305.7512,354.5636,-1
267.2064,2.406176,239.0891,83.50243,305.7148,354.5917,-1
267.2064,2.406175,239.0891,83.5015,305.6425,354.5829,-1
267.2064,2.406176,239.0891,83.50291,305.5856,354.5905,-1
267.2063,2.406175,239.0891,83.50475,305.504,354.576,-1
267.2063,2.406177,239.0892,83.50059,305.463,354.6093,-1
267.2062,2.406177,239.0892,83.4988,305.4036,354.6149,-1
267.2062,2.40618,239.0892,83.4966,305.3847,354.6641,-1
267.2062,2.406179,239.0893,83.49905,305.3064,354.6454,-1
267.2062,2.406183,239.0893,83.49811,305.3147,354.7208,-1
267.2061,2.406185,239.0893,83.49446,305.2749,354.7451,-1
267.2061,2.406188,239.0893,83.49555,305.2455,354.7812,-1
267.2061,2.406189,239.0894,83.49706,305.2129,354.8124,-1
267.2061,2.406191,239.0894,83.50182,305.169,354.8337,-1
267.2061,2.406193,239.0894,83.49814,305.1496,354.8778,-1
267.206,2.406193,239.0894,83.49555,305.0907,354.8792,-1
267.206,2.406192,239.0894,83.48933,305.0219,354.8678,-1
267.206,2.406193,239.0894,83.48862,304.9783,354.8845,-1
267.2059,2.406193,239.0895,83.48766,304.9043,354.8741,-1
267.2059,2.40619,239.0895,83.48639,304.8066,354.838,-1
267.2059,2.406191,239.0895,83.48856,304.7617,354.8513,-1
267.2059,2.406187,239.0895,83.48976,304.6344,354.7842,-1
267.2058,2.406186,239.0896,83.48263,304.5686,354.768,-1
267.2058,2.406182,239.0896,83.48133,304.4523,354.7121,-1
267.2058,2.406179,239.0896,83.47896,304.3606,354.6717,-1
267.2057,2.406175,239.0896,83.47623,304.2369,354.5991,-1
267.2057,2.406176,239.0896,83.47427,304.2029,354.614,-1
267.2057,2.406178,239.0897,83.47623,304.1851,354.6472,-1
267.2057,2.406178,239.0897,83.47406,304.142,354.6593,-1
267.2057,2.406178,239.0897,83.4744,304.0919,354.659,-1
267.2056,2.406178,239.0897,83.47736,304.0352,354.6584,-1
267.2056,2.406177,239.0897,83.47974,303.9581,354.6354,-1
267.2056,2.406181,239.0898,83.47884,303.9758,354.7012,-1
267.2056,2.406181,239.0898,83.48161,303.9183,354.6904,-1
267.2056,2.40618,239.0898,83.48184,303.8486,354.6716,-1
267.2055,2.406182,239.0898,83.48618,303.8254,354.6977,-1
267.2055,2.406182,239.0898,83.48804,303.7751,354.6967,-1
267.2055,2.40618,239.0898,83.49576,303.688,354.6587,-1
267.2055,2.406176,239.0898,83.49654,303.5871,354.6031,-1
267.2054,2.406173,239.0899,83.50127,303.4835,354.5526,-1
267.2054,2.406172,239.0899,83.4976,303.4192,354.5354,-1
267.2054,2.406174,239.0899,83.49914,303.3943,354.56,-1
267.2054,2.406174,239.0899,83.49787,303.3492,354.5626,-1
267.2054,2.406169,239.0899,83.49525,303.2403,354.4985,-1
267.2054,2.406171,239.09,83.49625,303.2142,354.5195,-1
267.2053,2.406174,239.09,83.49371,303.2171,354.5691,-1
267.2053,2.406176,239.09,83.49491,303.2115,354.6067,-1
267.2053,2.406174,239.09,83.49751,303.1297,354.5704,-1
267.2053,2.406177,239.09,83.50466,303.1288,354.6104,-1
267.2053,2.406178,239.09,83.4948,303.0933,354.6223,-1
267.2052,2.406177,239.0901,83.48982,303.0502,354.6234,-1
267.2052,2.406174,239.0901,83.48967,302.9626,354.5808,-1
267.2052,2.406174,239.0901,83.49335,302.9154,354.578,-1
267.2052,2.406172,239.0901,83.49564,302.8339,354.5423,-1
267.2051,2.406173,239.0901,83.50406,302.7943,354.5466,-1
267.2051,2.406172,239.0901,83.4982,302.7462,354.5388,-1
267.2051,2.406173,239.0901,83.50285,302.7142,354.544,-1
267.2051,2.406171,239.0901,83.50442,302.6408,354.5136,-1
267.2051,2.406171,239.0901,83.50454,302.5983,354.5144,-1
267.2051,2.406172,239.0902,83.5007,302.5762,354.5358,-1
267.205,2.406174,239.0902,83.4973,302.5717,354.5739,-1
267.205,2.406176,239.0902,83.49453,302.5633,354.6013,-1
267.205,2.406175,239.0902,83.49271,302.5182,354.5905,-1
267.205,2.406178,239.0902,83.48988,302.5208,354.6302,-1
267.205,2.406179,239.0902,83.49259,302.5045,354.6593,-1
267.205,2.406179,239.0903,83.49838,302.441,354.6422,-1
267.205,2.406179,239.0903,83.50388,302.4049,354.6428,-1
267.2049,2.406181,239.0903,83.50445,302.4066,354.6821,-1
267.2049,2.406177,239.0903,83.50524,302.2928,354.6019,-1
267.2049,2.406175,239.0903,83.50098,302.2356,354.5754,-1
267.2049,2.406176,239.0903,83.49657,302.2273,354.596,-1
267.2049,2.406174,239.0903,83.497,302.165,354.5712,-1
267.2048,2.406176,239.0903,83.49983,302.1555,354.5959,-1
267.2048,2.406179,239.0904,83.49818,302.1846,354.6506,-1
267.2048,2.406181,239.0904,83.49841,302.1786,354.6732,-1
267.2048,2.40618,239.0904,83.49031,302.1477,354.6693,-1
267.2048,2.406178,239.0904,83.49088,302.0953,354.6451,-1
267.2048,2.406178,239.0904,83.49139,302.0642,354.6456,-1
267.2048,2.406183,239.0904,83.49678,302.0945,354.7089,-1
267.2048,2.406187,239.0904,83.49358,302.1232,354.7674,-1
267.2048,2.406184,239.0904,83.49853,302.0597,354.7327,-1
267.2047,2.406183,239.0904,83.49986,302.0085,354.7062,-1
267.2047,2.406182,239.0904,83.49818,301.9686,354.6928,-1
267.2047,2.406182,239.0905,83.50037,301.9428,354.6936,-1
267.2047,2.406181,239.0905,83.49326,301.9038,354.6777,-1
267.2047,2.406178,239.0905,83.49229,301.8451,354.6435,-1
267.2047,2.406179,239.0905,83.49326,301.825,354.6512,-1
267.2047,2.40618,239.0905,83.49298,301.8175,354.67,-1
267.2047,2.406183,239.0905,83.49232,301.8418,354.7164,-1
267.2047,2.406186,239.0905,83.49407,301.8596,354.7609,-1
267.2047,2.406188,239.0905,83.49371,301.8606,354.7891,-1
267.2046,2.406188,239.0905,83.4929,301.8388,354.7906,-1
267.2046,2.406187,239.0905,83.49429,301.8004,354.7764,-1
267.2046,2.406188,239.0905,83.49712,301.7951,354.791,-1
267.2046,2.406191,239.0905,83.49781,301.8217,354.8378,-1
267.2046,2.406191,239.0905,83.49778,301.8217,354.8378,-1
267.2046,2.406191,239.0905,83.49781,301.8217,354.8378,-1
267.2046,2.406184,239.0905,83.49615,301.6871,354.7314,-1
267.2046,2.40618,239.0905,83.50381,301.5962,354.6633,-1
267.2046,2.406179,239.0906,83.50459,301.5478,354.6413,-1
267.2046,2.40618,239.0906,83.51046,301.5427,354.6613,-1
267.2045,2.406179,239.0906,83.5159,301.4972,354.6398,-1
267.2045,2.406182,239.0906,83.51898,301.5137,354.679,-1
267.2045,2.406185,239.0906,83.51494,301.5472,354.7331,-1
267.2045,2.406187,239.0906,83.51935,301.5432,354.7495,-1
267.2045,2.406186,239.0906,83.51548,301.5177,354.7406,-1
267.2045,2.40619,239.0906,83.51009,301.5766,354.8123,-1
267.2045,2.406191,239.0906,83.50983,301.5704,354.8217,-1
267.2045,2.40619,239.0906,83.50294,301.5525,354.8196,-1
267.2045,2.406192,239.0906,83.50303,301.565,354.8466,-1
267.2045,2.406194,239.0906,83.4967,301.5809,354.882,-1
267.2045,2.406194,239.0906,83.4888,301.5732,354.8867,-1
267.2045,2.40619,239.0906,83.48796,301.5013,354.827,-1
267.2045,2.406191,239.0906,83.49028,301.5019,354.8407,-1
267.2045,2.406191,239.0906,83.49353,301.4876,354.8363,-1
267.2045,2.406188,239.0906,83.50043,301.4208,354.7778,-1
267.2044,2.406187,239.0907,83.49754,301.3952,354.7643,-1
267.2044,2.406184,239.0907,83.49597,301.3396,354.7235,-1
267.2044,2.406186,239.0907,83.49351,301.3697,354.7606,-1
267.2044,2.406187,239.0907,83.49621,301.377,354.7739,-1
267.2044,2.406185,239.0907,83.48898,301.3323,354.7428,-1
267.2044,2.406182,239.0907,83.48928,301.2766,354.6988,-1
267.2044,2.406178,239.0907,83.48946,301.2096,354.6359,-1
267.2044,2.40618,239.0907,83.48681,301.2354,354.6673,-1
267.2044,2.406182,239.0907,83.48705,301.2638,354.7008,-1
267.2044,2.406182,239.0907,83.48366,301.2538,354.7001,-1
267.2044,2.406183,239.0907,83.47646,301.2739,354.7271,-1
267.2044,2.406188,239.0907,83.47244,301.3471,354.8113,-1
267.2044,2.406188,239.0907,83.47665,301.346,354.8175,-1
267.2044,2.406189,239.0907,83.48401,301.3464,354.8233,-1
267.2044,2.406192,239.0907,83.48073,301.385,354.8652,-1
267.2044,2.406193,239.0907,83.48351,301.4012,354.8897,-1
267.2044,2.406195,239.0907,83.47983,301.424,354.9142,-1
267.2044,2.406195,239.0907,83.48227,301.4167,354.9156,-1
267.2044,2.406199,239.0907,83.48323,301.4695,354.9759,-1
267.2044,2.4062,239.0907,83.49066,301.474,354.9858,-1
267.2044,2.406197,239.0907,83.49206,301.4136,354.9291,-1
267.2044,2.406197,239.0907,83.49453,301.4229,354.943,-1
267.2044,2.406197,239.0907,83.49682,301.4055,354.9268,-1
267.2044,2.406193,239.0907,83.50608,301.3461,354.8658,-1
267.2044,2.406195,239.0907,83.50895,301.3733,354.885,-1
267.2044,2.406192,239.0907,83.50729,301.3337,354.8425,-1
267.2044,2.40619,239.0907,83.50312,301.3211,354.8225,-1
267.2044,2.406188,239.0907,83.5055,301.2933,354.794,-1
267.2044,2.406187,239.0907,83.50195,301.27,354.7721,-1
267.2044,2.406184,239.0907,83.50946,301.2313,354.724,-1
267.2044,2.406183,239.0907,83.50753,301.2276,354.7107,-1
267.2044,2.406181,239.0907,83.50716,301.2016,354.6795,-1
267.2044,2.406181,239.0907,83.50955,301.2016,354.6711,-1
267.2044,2.40618,239.0907,83.50822,301.1924,354.6566,-1
267.2044,2.406181,239.0907,83.50357,301.2148,354.6767,-1
267.2044,2.406182,239.0907,83.50224,301.2431,354.6943,-1
267.2044,2.406182,239.0907,83.50798,301.2457,354.6832,-1
267.2044,2.406182,239.0907,83.50514,301.2556,354.6907,-1
267.2044,2.406184,239.0907,83.50188,301.295,354.7276,-1
267.2044,2.406182,239.0907,83.50414,301.2645,354.6933,-1
267.2044,2.406184,239.0907,83.504,301.3052,354.7263,-1
267.2044,2.406183,239.0907,83.50711,301.2972,354.7119,-1
267.2044,2.406186,239.0907,83.50792,301.355,354.7578,-1
267.2044,2.406185,239.0907,83.51052,301.334,354.7284,-1
267.2044,2.406183,239.0907,83.51529,301.3069,354.6928,-1
267.2044,2.40618,239.0907,83.51572,301.271,354.6511,-1
267.2044,2.406179,239.0907,83.5104,301.2703,354.6417,-1
267.2044,2.40618,239.0906,83.50753,301.2917,354.6547,-1
267.2045,2.406179,239.0906,83.50864,301.2951,354.647,-1
267.2045,2.406181,239.0906,83.50448,301.3303,354.6726,-1
267.2045,2.406179,239.0906,83.50267,301.3154,354.6477,-1
267.2045,2.406179,239.0906,83.50158,301.3329,354.6517,-1
267.2045,2.406181,239.0906,83.50367,301.3626,354.6721,-1
267.2045,2.406179,239.0906,83.50134,301.3464,354.6445,-1
267.2045,2.406178,239.0906,83.49555,301.3655,354.6434,-1
267.2045,2.406179,239.0906,83.49582,301.3806,354.6471,-1
267.2045,2.40618,239.0906,83.49645,301.41,354.66,-1
267.2045,2.406181,239.0906,83.50249,301.4411,354.6754,-1
267.2045,2.406181,239.0906,83.49986,301.4572,354.6778,-1
267.2045,2.406178,239.0906,83.49483,301.4335,354.6393,-1
267.2045,2.40618,239.0906,83.49664,301.4864,354.6716,-1
267.2045,2.406178,239.0906,83.49576,301.4538,354.6245,-1
267.2045,2.406181,239.0906,83.49263,301.5331,354.6885,-1
267.2045,2.406181,239.0906,83.48892,301.5435,354.6844,-1
267.2045,2.406181,239.0906,83.48698,301.5587,354.6886,-1
267.2046,2.40618,239.0906,83.49392,301.5554,354.6684,-1
267.2046,2.40618,239.0906,83.49293,301.5761,354.6721,-1
267.2046,2.406178,239.0905,83.49507,301.5472,354.6288,-1
267.2046,2.406177,239.0905,83.50122,301.5497,354.6117,-1
267.2046,2.406178,239.0905,83.50388,301.5719,354.6158,-1
267.2046,2.406175,239.0905,83.50008,301.5632,354.588,-1
267.2046,2.406174,239.0905,83.50153,301.5597,354.5593,-1
267.2046,2.406174,239.0905,83.49793,301.5882,354.5681,-1
267.2046,2.406175,239.0905,83.49151,301.6393,354.5947,-1
267.2047,2.406178,239.0905,83.49664,301.6983,354.629,-1
267.2047,2.406181,239.0905,83.49319,301.7754,354.6803,-1
267.2047,2.406182,239.0905,83.49168,301.8218,354.7002,-1
267.2047,2.406183,239.0905,83.496,301.8534,354.7099,-1
267.2047,2.406186,239.0905,83.49498,301.93,354.7648,-1
267.2047,2.406185,239.0905,83.49648,301.9404,354.7492,-1
267.2047,2.406187,239.0905,83.50167,301.9817,354.7676,-1
267.2047,2.406187,239.0905,83.49923,302.0192,354.7783,-1
267.2047,2.406187,239.0905,83.50218,302.0351,354.7684,-1
267.2047,2.406187,239.0904,83.50119,302.0571,354.7687,-1
267.2047,2.406185,239.0904,83.50158,302.0478,354.7353,-1
267.2048,2.406183,239.0904,83.50484,302.0474,354.7047,-1
267.2048,2.40618,239.0904,83.51155,302.0305,354.6577,-1
267.2048,2.406184,239.0904,83.50704,302.1121,354.7181,-1
267.2048,2.406182,239.0904,83.50774,302.109,354.6921,-1
267.2048,2.406179,239.0904,83.5049,302.0912,354.6482,-1
267.2048,2.406178,239.0904,83.50822,302.0921,354.6159,-1
267.2048,2.406178,239.0904,83.51556,302.1111,354.6063,-1
267.2048,2.406176,239.0904,83.51935,302.112,354.5846,-1
267.2048,2.406178,239.0903,83.5123,302.1754,354.6204,-1
267.2049,2.406179,239.0903,83.50946,302.2248,354.642,-1
267.2049,2.406181,239.0903,83.51073,302.2711,354.6632,-1
267.2049,2.406184,239.0903,83.50798,302.3658,354.7217,-1
267.2049,2.406184,239.0903,83.50179,302.4015,354.7267,-1
267.2049,2.406187,239.0903,83.5021,302.4725,354.7713,-1
267.2049,2.406187,239.0903,83.49046,302.5079,354.78,-1
267.205,2.406188,239.0903,83.48766,302.5612,354.8054,-1
267.205,2.406187,239.0903,83.4907,302.5651,354.783,-1
267.205,2.406188,239.0902,83.48416,302.62,354.8084,-1
267.205,2.406186,239.0902,83.48631,302.6095,354.7632,-1
267.205,2.406186,239.0902,83.48235,302.6505,354.7675,-1
267.205,2.406182,239.0902,83.48203,302.6227,354.7072,-1
267.205,2.40618,239.0902,83.48119,302.6125,354.6722,-1
267.205,2.406178,239.0902,83.4838,302.6138,354.6412,-1
267.205,2.406177,239.0902,83.48446,302.6223,354.6157,-1
267.2051,2.406173,239.0902,83.48458,302.5946,354.5569,-1
267.2051,2.406171,239.0902,83.49281,302.5958,354.5238,-1
267.2051,2.406171,239.0901,83.49118,302.6317,354.5256,-1
267.2051,2.406173,239.0901,83.49464,302.6851,354.5475,-1
267.2051,2.406172,239.0901,83.49308,302.7127,354.5401,-1
267.2051,2.406173,239.0901,83.48736,302.7607,354.5535,-1
267.2051,2.406175,239.0901,83.49168,302.8349,354.5952,-1
267.2052,2.406174,239.0901,83.49146,302.8527,354.5767,-1
267.2052,2.406175,239.0901,83.49483,302.886,354.5817,-1
267.2052,2.406178,239.0901,83.49149,302.9616,354.6293,-1
267.2052,2.406181,239.0901,83.49422,303.0439,354.6765,-1
267.2052,2.406178,239.0901,83.48843,303.0393,354.6359,-1
267.2053,2.406177,239.09,83.49211,303.0599,354.6227,-1
267.2053,2.406176,239.09,83.49422,303.067,354.6005,-1
267.2053,2.406176,239.09,83.49453,303.1016,354.6069,-1
267.2053,2.406176,239.09,83.49468,303.1414,354.6091,-1
267.2053,2.406178,239.09,83.48892,303.194,354.6299,-1
267.2053,2.406174,239.09,83.48811,303.1773,354.5763,-1
267.2053,2.406175,239.09,83.48684,303.2271,354.5859,-1
267.2054,2.406175,239.09,83.49229,303.2722,354.5938,-1
267.2054,2.406175,239.0899,83.49305,303.2987,354.5822,-1
267.2054,2.406174,239.0899,83.49464,303.3221,354.5689,-1
267.2054,2.40617,239.0899,83.49146,303.2991,354.5107,-1
267.2054,2.406166,239.0899,83.49983,303.2721,354.4392,-1
267.2054,2.406166,239.0899,83.49706,303.3142,354.4458,-1
267.2054,2.406168,239.0899,83.49555,303.3892,354.4828,-1
267.2054,2.406169,239.0899,83.4948,303.4315,354.4915,-1
267.2055,2.406169,239.0898,83.48952,303.4748,354.4951,-1
267.2055,2.406171,239.0898,83.49365,303.5384,354.5231,-1
267.2055,2.406168,239.0898,83.50179,303.514,354.464,-1
267.2055,2.406166,239.0898,83.49597,303.5251,354.4426,-1
267.2055,2.406168,239.0898,83.50245,303.5813,354.465,-1
267.2056,2.406172,239.0898,83.49498,303.6874,354.5363,-1
267.2056,2.406174,239.0898,83.49636,303.7545,354.5638,-1
267.2056,2.406173,239.0898,83.49109,303.7872,354.5573,-1
267.2056,2.406174,239.0898,83.49241,303.842,354.5757,-1
267.2056,2.406176,239.0897,83.4922,303.9009,354.5971,-1
267.2056,2.406176,239.0897,83.4879,303.9458,354.6054,-1
267.2057,2.40618,239.0897,83.48946,304.0462,354.6647,-1
267.2057,2.406182,239.0897,83.49223,304.1286,354.7069,-1
267.2057,2.406182,239.0897,83.49344,304.1603,354.6997,-1
267.2057,2.406183,239.0897,83.49084,304.2119,354.7098,-1
267.2057,2.406182,239.0897,83.48778,304.2522,354.7063,-1
267.2057,2.406184,239.0896,83.49088,304.309,354.7274,-1
267.2057,2.406182,239.0896,83.49039,304.3229,354.7069,-1
267.2057,2.406182,239.0896,83.48536,304.3679,354.7083,-1
267.2058,2.406182,239.0896,83.48173,304.4018,354.7015,-1
267.2058,2.406181,239.0896,83.47938,304.4402,354.6998,-1
267.2058,2.40618,239.0896,83.48272,304.4613,354.6806,-1
267.2058,2.406181,239.0895,83.48373,304.5134,354.6927,-1
267.2059,2.406181,239.0895,83.49329,304.5424,354.6874,-1
267.2059,2.40618,239.0895,83.49805,304.567,354.6703,-1
267.2059,2.406178,239.0895,83.49748,304.5676,354.6263,-1
267.2059,2.406178,239.0895,83.49284,304.6132,354.6255,-1
267.2059,2.40618,239.0895,83.49772,304.6985,354.6652,-1
267.2059,2.406181,239.0894,83.50055,304.7573,354.6803,-1
267.206,2.406181,239.0894,83.49356,304.7984,354.6868,-1
267.206,2.406184,239.0894,83.49588,304.8836,354.7336,-1
267.206,2.406184,239.0894,83.49721,304.9162,354.7283,-1
267.206,2.406189,239.0894,83.49721,305.039,354.8134,-1
267.206,2.406193,239.0894,83.49271,305.1485,354.8827,-1
267.2061,2.406193,239.0894,83.49706,305.1708,354.8688,-1
267.2061,2.406195,239.0894,83.49863,305.2452,354.8999,-1
267.2061,2.406191,239.0894,83.49416,305.232,354.8483,-1
267.2061,2.406185,239.0893,83.50536,305.1566,354.7347,-1
267.2061,2.406186,239.0893,83.50532,305.2167,354.7488,-1
267.2061,2.406186,239.0893,83.50317,305.2663,354.7582,-1
267.2062,2.406186,239.0893,83.50195,305.3154,354.7599,-1
267.2062,2.406184,239.0893,83.49868,305.3128,354.7183,-1
267.2062,2.406185,239.0893,83.49895,305.3759,354.7399,-1
267.2062,2.406185,239.0892,83.49615,305.4246,354.7467,-1
267.2062,2.406186,239.0892,83.50195,305.4765,354.7569,-1
267.2062,2.406186,239.0892,83.49664,305.5201,354.7597,-1
267.2062,2.406185,239.0892,83.49055,305.5467,354.7497,-1
267.2063,2.406184,239.0892,83.49175,305.5722,354.738,-1
267.2063,2.406185,239.0892,83.49301,305.6092,354.7423,-1
267.2063,2.406188,239.0892,83.49413,305.689,354.7825,-1
267.2063,2.406184,239.0891,83.49115,305.6734,354.7314,-1
267.2063,2.406183,239.0891,83.48708,305.6956,354.7202,-1
267.2064,2.406184,239.0891,83.47989,305.7527,354.741,-1
267.2064,2.406187,239.0891,83.47923,305.8399,354.7933,-1
267.2064,2.406188,239.0891,83.4832,305.8972,354.8098,-1
267.2064,2.40619,239.0891,83.48266,305.9655,354.841,-1
267.2064,2.406188,239.0891,83.48373,305.9669,354.807,-1
267.2064,2.406189,239.0891,83.48933,306.0103,354.8154,-1
267.2064,2.40619,239.0891,83.49453,306.0631,354.8294,-1
267.2065,2.406188,239.089,83.49548,306.0714,354.7958,-1
267.2065,2.406186,239.089,83.49084,306.0704,354.7573,-1
267.2065,2.406186,239.089,83.48278,306.1229,354.7705,-1
267.2065,2.406185,239.089,83.48503,306.1476,354.7546,-1
267.2065,2.406183,239.089,83.48856,306.1579,354.7239,-1
267.2065,2.406187,239.089,83.48926,306.254,354.7779,-1
267.2065,2.406183,239.0889,83.49064,306.2378,354.7177,-1
267.2066,2.406184,239.0889,83.49416,306.2934,354.7303,-1
267.2066,2.406183,239.0889,83.49552,306.3163,354.7146,-1
267.2066,2.406182,239.0889,83.50402,306.3314,354.6861,-1
267.2066,2.40618,239.0889,83.50647,306.3456,354.6599,-1
267.2067,2.406178,239.0889,83.49818,306.3589,354.6362,-1
267.2067,2.406179,239.0888,83.49923,306.4037,354.6417,-1
267.2067,2.406179,239.0888,83.49603,306.4532,354.6529,-1
267.2067,2.40618,239.0888,83.49028,306.4966,354.6678,-1
267.2067,2.406179,239.0888,83.49123,306.4818,354.6471,-1
267.2067,2.406179,239.0888,83.49123,306.4818,354.6471,-1
267.2067,2.406175,239.0888,83.49533,306.4435,354.5794,-1
267.2067,2.406171,239.0888,83.49905,306.4258,354.5262,-1
267.2067,2.406173,239.0888,83.50409,306.4719,354.5424,-1
267.2067,2.406175,239.0888,83.50786,306.5329,354.5745,-1
267.2068,2.406173,239.0887,83.51436,306.536,354.536,-1
267.2068,2.406176,239.0887,83.51901,306.6182,354.583,-1
267.2068,2.406177,239.0887,83.5297,306.6465,354.5829,-1
267.2068,2.406178,239.0887,83.52583,306.7029,354.6012,-1
267.2068,2.40618,239.0887,83.52928,306.7773,354.6331,-1
267.2068,2.406183,239.0887,83.5331,306.8623,354.681,-1
267.2068,2.406186,239.0887,83.53298,306.9322,354.7202,-1
267.2068,2.406189,239.0887,83.52985,307.033,354.7799,-1
267.2069,2.406194,239.0887,83.52752,307.1468,354.8548,-1
267.2069,2.406197,239.0886,83.51983,307.2426,354.9108,-1
267.2069,2.406197,239.0886,83.51681,307.2819,354.9206,-1
267.2069,2.406196,239.0886,83.51309,307.2999,354.9043,-1
267.2069,2.406195,239.0886,83.51414,307.3254,354.8929,-1
267.207,2.406196,239.0886,83.5075,307.3723,354.9052,-1
267.207,2.406194,239.0886,83.50388,307.372,354.8731,-1
267.207,2.406194,239.0886,83.49621,307.4208,354.8833,-1
267.207,2.406195,239.0885,83.49591,307.4765,354.9056,-1
267.207,2.406192,239.0885,83.49546,307.4633,354.8614,-1
267.207,2.406191,239.0885,83.49618,307.4644,354.8345,-1
267.207,2.406187,239.0885,83.49829,307.4395,354.769,-1
267.207,2.406181,239.0885,83.49784,307.3843,354.6771,-1
267.2071,2.40618,239.0885,83.49329,307.4037,354.6621,-1
267.2071,2.40618,239.0885,83.50031,307.4347,354.6569,-1
267.2071,2.406177,239.0884,83.49603,307.421,354.6097,-1
267.2071,2.406176,239.0884,83.49564,307.4525,354.6012,-1
267.2072,2.406186,239.0884,83.54639,307.6206,354.721,-1
267.2072,2.406177,239.0884,83.52335,307.5237,354.5909,-1
267.2072,2.406173,239.0884,83.51487,307.5019,354.5334,-1
267.2072,2.406185,239.0884,83.54409,307.7103,354.7119,-1
267.2072,2.406178,239.0884,83.51913,307.6434,354.6163,-1
267.2072,2.406184,239.0883,83.52734,307.7599,354.7071,-1
267.2072,2.406179,239.0883,83.51372,307.7197,354.6375,-1
267.2072,2.406168,239.0883,83.54764,307.545,354.4348,-1
267.2072,2.406171,239.0883,83.55612,307.6124,354.468,-1
267.2072,2.40617,239.0883,83.53825,307.6471,354.4774,-1
267.2072,2.40617,239.0883,83.53635,307.6683,354.4742,-1
267.2073,2.406168,239.0883,83.54621,307.6611,354.4359,-1
267.2073,2.406176,239.0883,83.63395,307.7448,354.4869,-1
267.2073,2.406171,239.0883,83.55466,307.7651,354.4713,-1
267.2073,2.406173,239.0883,83.5557,307.828,354.5037,-1
267.2073,2.406176,239.0883,83.54384,307.9109,354.5614,-1
267.2073,2.406176,239.0882,83.54821,307.9416,354.5622,-1
267.2073,2.406173,239.0882,83.5752,307.8905,354.4796,-1
267.2073,2.406165,239.0882,83.57658,307.8033,354.361,-1
267.2074,2.406163,239.0882,83.58149,307.7943,354.3209,-1
267.2074,2.406172,239.0882,83.5595,307.9973,354.4915,-1
267.2074,2.406178,239.0882,83.55041,308.1189,354.5937,-1
267.2074,2.406182,239.0882,83.56276,308.1973,354.6403,-1
267.2074,2.40618,239.0882,83.55679,308.1958,354.6163,-1
267.2074,2.40618,239.0881,83.56773,308.2174,354.6064,-1
267.2074,2.406179,239.0881,83.5627,308.2334,354.5981,-1
267.2075,2.406176,239.0881,83.56297,308.207,354.5494,-1
267.2075,2.406177,239.0881,83.56627,308.2379,354.5481,-1
267.2075,2.406176,239.0881,83.57044,308.2541,354.5372,-1
267.2075,2.406179,239.0881,83.57456,308.334,354.5889,-1
267.2075,2.406183,239.0881,83.59792,308.407,354.6325,-1
267.2075,2.406176,239.0881,83.57437,308.3333,354.5342,-1
267.2075,2.406177,239.0881,83.56873,308.3813,354.5542,-1
267.2075,2.406173,239.088,83.57807,308.35,354.4893,-1
267.2075,2.406169,239.088,83.57987,308.313,354.4278,-1
267.2075,2.406171,239.088,83.57902,308.3639,354.4556,-1
267.2076,2.406172,239.088,83.58296,308.395,354.4588,-1
267.2076,2.406172,239.088,83.58688,308.4305,354.4645,-1
267.2076,2.406172,239.088,83.58143,308.4583,354.4636,-1
267.2076,2.406173,239.088,83.57844,308.51,354.4869,-1
267.2076,2.406175,239.088,83.5843,308.5616,354.5112,-1
267.2076,2.406176,239.088,83.57865,308.6214,354.5392,-1
267.2076,2.406179,239.088,83.56806,308.6982,354.5946,-1
267.2076,2.406181,239.088,83.5688,308.7548,354.623,-1
267.2076,2.406182,239.0879,83.57172,308.7937,354.6314,-1
267.2076,2.406184,239.0879,83.56587,308.8572,354.6783,-1
267.2076,2.406186,239.0879,83.56846,308.8927,354.6984,-1
267.2076,2.406185,239.0879,83.5724,308.8981,354.6859,-1
267.2077,2.406188,239.0879,83.56699,308.9576,354.7278,-1
267.2077,2.406187,239.0879,83.56306,308.978,354.7243,-1
267.2077,2.406187,239.0879,83.56306,308.978,354.7243,-1
267.2077,2.406187,239.0879,83.56306,308.978,354.7243,-1
267.2077,2.406182,239.0879,83.55277,308.9323,354.652,-1
267.2077,2.406182,239.0879,83.55728,308.9525,354.6459,-1
267.2077,2.40618,239.0879,83.56337,308.9335,354.6048,-1
267.2077,2.406178,239.0879,83.56395,308.9249,354.5806,-1
267.2077,2.406176,239.0879,83.56496,308.9018,354.5412,-1
267.2077,2.406174,239.0879,83.56882,308.8885,354.5111,-1
267.2077,2.406176,239.0878,83.57481,308.9299,354.5331,-1
267.2078,2.406177,239.0878,83.5696,308.9773,354.559,-1
267.2078,2.406177,239.0878,83.56947,308.9931,354.5519,-1
267.2078,2.406178,239.0878,83.56922,309.0399,354.5826,-1
267.2078,2.406173,239.0878,83.62373,308.9156,354.4365,-1
267.2078,2.406146,239.0878,83.6765,308.4597,353.9577,-1
267.2078,2.406124,239.0878,83.81065,307.9977,353.4512,-1
267.2077,2.406238,239.0879,84.5639,308.9355,354.7205,-1
267.197,2.417627,239.0927,64.33066,343.134,53.27621,-1
267.2028,2.422403,239.0866,55.07793,3.877956,60.13253,-1
267.2044,2.422722,239.0849,44.22791,348.5122,44.96886,-1
267.2097,2.417973,239.0823,51.24024,353.0351,34.87691,-1
267.2048,2.420365,239.0863,51.50568,349.403,44.04589,-1
267.2025,2.422732,239.0866,41.10236,339.1934,42.25795,-1
267.1837,2.419308,239.0942,52.66632,301.5792,41.23055,-1
267.2018,2.416445,239.0905,34.39905,315.6584,22.08528,-1
267.1974,2.416982,239.0927,62.60437,335.2591,45.29242,-1
267.2001,2.414608,239.0922,67.46307,337.507,41.27787,-1
267.2147,2.41919,239.0671,66.21166,73.80617,79.06673,-1
267.2129,2.420303,239.0562,63.79033,93.5261,77.27925,-1
267.2162,2.412638,239.0593,76.25974,137.6094,126.3616,-1
267.2171,2.406085,239.069,54.25183,351.6327,358.6759,-1
267.2169,2.405202,239.07,46.565,348.4603,356.5723,-1
267.2146,2.405688,239.078,56.06283,333.7508,357.3416,-1
267.2102,2.410203,239.0848,78.9881,357.9074,37.081,-1
267.2098,2.406371,239.0856,66.95723,319.2473,359.3299,-1
267.213,2.393794,239.0749,9.603173,335.9943,336.2184,-1
267.2107,2.387203,239.0682,355.8933,355.8638,322.7639,-1
267.2164,2.398892,239.0652,332.2432,7.054247,344.3806,-1
267.2169,2.401029,239.0647,319.6109,9.068157,346.9877,-1
267.2171,2.403227,239.0668,326.2345,0.5889778,352.895,-1
267.2167,2.405337,239.0712,327.175,350.1346,357.4846,-1
267.2173,2.406411,239.066,327.963,358.2412,359.7771,-1
267.2153,2.401325,239.055,332.4777,23.37796,349.4585,-1
267.2126,2.401305,239.0489,336.3418,34.68793,349.7579,-1
267.2113,2.402924,239.0466,343.243,37.17902,353.2649,-1
267.2114,2.40515,239.0464,350.419,35.84903,357.5174,-1
267.2119,2.406896,239.0471,351.6648,33.87744,0.6856701,-1
267.2121,2.407544,239.0474,354.3672,33.23348,1.847675,-1
267.2132,2.407015,239.0492,357.7076,29.57834,0.8924772,-1
267.2125,2.408342,239.0481,359.0944,31.8303,3.269881,-1
267.2132,2.408623,239.0494,355.9741,28.95354,3.782039,-1
267.2135,2.407652,239.0497,356.713,28.39204,2.036828,-1
267.2137,2.407545,239.0502,357.3157,27.33221,1.843052,-1
267.2141,2.40726,239.0508,356.0688,26.07498,1.334369,-1
267.2137,2.407529,239.0502,354.7903,27.3518,1.820702,-1
267.2136,2.407755,239.05,354.3023,27.61155,2.228946,-1
267.2136,2.407877,239.05,354.8342,27.60587,2.445737,-1
267.2137,2.407808,239.0503,354.6796,27.16825,2.32267,-1
267.2138,2.407673,239.0504,354.7149,26.97396,2.080025,-1
267.2138,2.407603,239.0504,354.5547,26.92584,1.953456,-1
267.2139,2.407726,239.0506,354.0752,26.45618,2.177686,-1
267.214,2.407635,239.0507,354.1603,26.23923,2.012611,-1
267.2141,2.40763,239.0508,354.2434,26.00932,2.003608,-1
267.2141,2.407689,239.051,354.0096,25.77154,2.109622,-1
267.2142,2.407752,239.0511,353.8898,25.43796,2.223178,-1
267.2142,2.40768,239.0511,353.6665,25.3785,2.094604,-1
267.2143,2.407739,239.0513,353.7249,25.11649,2.201935,-1
267.2144,2.407824,239.0515,353.641,24.74529,2.355159,-1
267.2144,2.407788,239.0516,353.6199,24.36455,2.289787,-1
267.2145,2.407804,239.0518,353.7167,23.95801,2.319495,-1
267.2146,2.407783,239.052,353.6881,23.69803,2.281496,-1
267.2147,2.407818,239.0522,353.7736,23.35299,2.34369,-1
267.2141,2.407374,239.051,352.2124,25.70257,1.548668,-1
267.214,2.407354,239.0508,353.9164,26.24372,1.506874,-1
267.2141,2.40691,239.0508,352.7356,26.20101,0.7095233,-1
267.2142,2.406925,239.0512,352.0385,25.38022,0.7367724,-1
267.2143,2.406437,239.0512,351.5507,25.46271,359.856,-1
267.2146,2.407321,239.052,353.9762,23.74447,1.448812,-1
267.2147,2.407609,239.0521,355.7438,23.56659,1.961487,-1
267.2145,2.407447,239.0518,356.2294,24.07253,1.668275,-1
267.2148,2.407616,239.0526,356.4081,22.64711,1.971758,-1
267.215,2.407555,239.0528,356.7139,22.20338,1.861233,-1
267.2151,2.407476,239.0531,357.0374,21.69936,1.720574,-1
267.2151,2.407422,239.0531,357.2243,21.64473,1.621716,-1
267.2151,2.407403,239.0532,357.1006,21.4307,1.589041,-1
267.2151,2.407296,239.0533,357.0895,21.24683,1.396076,-1
267.2152,2.407421,239.0535,357.7559,20.98261,1.620281,-1
267.2153,2.407468,239.0537,357.6212,20.50445,1.705099,-1
267.2155,2.407464,239.0541,357.8647,19.78289,1.696399,-1
267.2158,2.406668,239.055,357.203,18.22667,0.2714031,-1
267.2162,2.406424,239.0563,357.3484,15.71795,359.8336,-1
267.2158,2.407371,239.055,357.7928,18.13535,1.530912,-1
267.2158,2.407661,239.055,357.4156,18.10944,2.050577,-1
267.2157,2.407839,239.0548,356.8919,18.41674,2.37194,-1
267.2157,2.407805,239.0548,357.2771,18.44522,2.309174,-1
267.2157,2.407797,239.0549,356.9617,18.22088,2.294948,-1
267.2157,2.407742,239.0549,357.255,18.31451,2.196011,-1
267.2158,2.407784,239.055,357.1474,18.00337,2.271796,-1
267.2158,2.407606,239.0552,356.6282,17.64563,1.952846,-1
267.2158,2.407645,239.0551,356.7768,17.80118,2.024155,-1
267.2159,2.408059,239.0554,356.7413,17.28091,2.766066,-1
267.216,2.407429,239.0557,355.285,16.64607,1.639257,-1
267.2159,2.407898,239.0553,357.138,17.41617,2.477332,-1
267.2158,2.407237,239.055,354.5012,17.99115,1.295518,-1
267.216,2.407768,239.0558,355.0474,16.48236,2.24894,-1
267.2157,2.407786,239.0548,356.5722,18.45366,2.276525,-1
267.2159,2.407915,239.0556,356.0604,16.83455,2.509082,-1
267.216,2.407971,239.0559,357.0988,16.25669,2.607239,-1
267.2161,2.407981,239.0561,356.8897,15.94677,2.626003,-1
267.2161,2.407823,239.0561,357.1692,16.07724,2.342054,-1
267.2161,2.40776,239.0562,357.3888,15.91485,2.227443,-1
267.2162,2.407875,239.0563,357.6078,15.54913,2.433863,-1
267.2162,2.407819,239.0564,357.4839,15.41587,2.334208,-1
267.2162,2.407841,239.0565,357.6674,15.13624,2.373447,-1
267.2162,2.407827,239.0567,357.7121,14.89643,2.348805,-1
267.2162,2.407756,239.0567,357.5662,14.8194,2.220906,-1
267.2162,2.407721,239.0567,357.5684,14.80381,2.157524,-1
267.2162,2.407721,239.0567,357.5684,14.80381,2.157524,-1
267.2163,2.407755,239.0569,357.7488,14.62448,2.218626,-1
267.2163,2.407762,239.057,357.9448,14.37148,2.230319,-1
267.2164,2.40778,239.0571,358.0406,14.1066,2.26277,-1
267.2164,2.407841,239.0573,358.4124,13.72076,2.371984,-1
267.2164,2.407869,239.0575,358.4297,13.43054,2.423197,-1
267.2165,2.407945,239.0576,358.6419,13.15697,2.558559,-1
267.2165,2.407911,239.0577,358.6908,13.05717,2.498034,-1
267.2165,2.407693,239.0576,358.7924,13.29833,2.106449,-1
267.2164,2.407511,239.0572,358.9757,14.01892,1.78024,-1
267.2164,2.407528,239.0573,359.1346,13.89119,1.810736,-1
267.2165,2.407557,239.0575,358.9979,13.5392,1.862653,-1
267.2165,2.407547,239.0576,359.1998,13.28211,1.844379,-1
267.2165,2.407561,239.0578,359.3031,12.99961,1.869013,-1
267.2166,2.407565,239.0579,359.4262,12.77742,1.875697,-1
267.2166,2.407521,239.058,359.3683,12.54615,1.797244,-1
267.2166,2.407506,239.0582,359.4919,12.24463,1.771526,-1
267.2166,2.407522,239.0583,359.4662,12.03643,1.799256,-1
267.2167,2.407539,239.0584,359.6961,11.8551,1.830508,-1
267.2167,2.407506,239.0584,359.8002,11.80031,1.772043,-1
267.2167,2.407482,239.0585,359.8481,11.64423,1.728252,-1
267.2167,2.407458,239.0586,359.8909,11.48612,1.685505,-1
267.2167,2.407695,239.0585,1.24093,11.77625,2.10981,-1
267.2167,2.407589,239.0584,1.539676,11.88212,1.9204,-1
267.2167,2.407573,239.0585,1.412111,11.63316,1.892041,-1
267.2167,2.4076,239.0587,1.428256,11.32885,1.940154,-1
267.2167,2.407613,239.0588,1.527561,11.15331,1.963812,-1
267.2168,2.40764,239.059,1.538185,10.8202,2.01125,-1
267.2168,2.407554,239.0591,1.616552,10.6936,1.85718,-1
267.2168,2.407474,239.0591,1.565535,10.69492,1.714003,-1
267.2168,2.4075,239.0592,1.592653,10.48408,1.761221,-1
267.2169,2.407473,239.0593,1.627214,10.30422,1.712476,-1
267.2169,2.407469,239.0594,1.757084,10.12731,1.70551,-1
267.2169,2.407441,239.0594,1.732948,10.00902,1.655359,-1
267.2169,2.407417,239.0596,1.767209,9.69807,1.61205,-1
267.2169,2.407454,239.0598,1.866892,9.408405,1.679275,-1
267.2169,2.40734,239.0596,1.997894,9.633108,1.474942,-1
267.2169,2.407374,239.0598,2.302842,9.341017,1.536731,-1
267.2169,2.407306,239.0598,2.12464,9.250475,1.414218,-1
267.217,2.407273,239.06,2.273992,8.988026,1.355307,-1
267.217,2.407238,239.0601,2.367655,8.824261,1.291025,-1
267.217,2.407883,239.0603,3.08807,8.480594,2.449096,-1
299.1732,2.406842,159.5352,2.529399,8.119964,2.532075,-1
299.1732,2.406658,159.535,2.370699,8.47866,2.202539,-1
299.1733,2.406739,159.5359,2.620693,6.885751,2.348712,-1
299.1735,2.406448,159.5397,2.050742,0.02514833,1.826363,-1
299.173,2.406308,159.5451,2.140056,350.2449,1.574987,-1
299.1721,2.408488,159.5486,2.027629,344.0168,5.488688,-1
299.1701,2.407682,159.5539,3.537959,333.8358,4.044371,-1
299.1679,2.407045,159.5577,3.570365,325.8678,2.900252,-1
299.1656,2.405992,159.5607,3.74286,319.0314,1.009087,-1
299.1647,2.40624,159.5617,2.970049,316.5595,1.452743,-1
299.1647,2.406533,159.5616,3.103186,316.7276,1.979545,-1
299.1648,2.406582,159.5616,2.558525,316.8203,2.065723,-1
299.1415,1.030429,159.5397,0,345,0,exit0
299.1651,2.406501,159.5613,3.120394,317.5341,1.92264,-1
299.2789,2.407869,159.4368,5.219067,317.7514,2.432023,-1
299.2877,2.40793,159.427,5.242522,317.758,2.541948,-1
299.2879,2.407821,159.4268,4.266257,318.161,2.342651,-1
299.2881,2.408093,159.4264,3.960515,318.9112,2.830495,-1
299.288,2.408346,159.4266,3.276483,318.5358,3.281503,-1
299.275,2.40844,159.4412,4.466268,318.1979,3.456105,-1
299.0963,2.408325,159.639,4.667575,316.8222,3.250197,-1
298.8033,2.408336,159.952,4.795085,316.6533,3.269068,-1
298.4523,2.408285,160.3234,4.810184,316.6021,3.17775,-1
298.0098,2.408206,160.7921,4.977072,316.5707,3.037717,-1
297.4211,2.408121,161.4152,5.144996,316.7688,2.885015,-1
296.688,2.404166,162.194,4.98122,316.7258,2.850977,-1
295.9188,2.408088,163.0095,5.126448,316.505,2.824874,-1
295.1772,2.408049,163.79,5.092391,316.3157,2.75528,-1
294.4046,2.404961,164.598,5.067252,316.2079,2.545359,-1
293.7179,2.407918,165.3119,5.144058,315.9262,2.519164,-1
292.9633,2.404448,166.0891,5.176744,315.7462,2.423442,-1
292.1754,2.407794,166.8955,5.161588,315.5963,2.296479,-1
291.4075,2.407793,167.6785,5.106204,315.3338,2.294344,-1
290.6121,2.407743,168.4842,5.048851,315.2914,2.20423,-1
289.7648,2.40764,169.3456,5.003253,315.5388,2.018958,-1
288.8987,2.407533,170.2284,5.105144,315.5119,1.827253,-1
288.0074,2.407512,171.1344,5.154242,315.4224,1.789083,-1
287.0105,2.407494,172.1411,5.308966,315.092,1.75693,-1
286.1368,2.407475,173.0158,5.418618,314.8827,1.724174,-1
285.0607,2.407439,174.0872,5.37557,314.7694,1.657863,-1
284.1403,2.407463,174.9991,5.534805,314.6618,1.701509,-1
283.1472,2.407584,175.9851,5.387988,315.6626,1.920132,-1
282.0963,2.407817,177.0881,5.337069,317.8001,2.33774,-1
281.5008,2.407513,177.7497,5.926388,318.2706,1.79354,-1
280.6384,2.407041,178.7195,5.68803,318.7812,0.9435093,-1
279.7482,2.405403,179.745,5.717935,319.3793,0.420563,-1
278.9025,2.404318,180.7337,5.870201,319.5333,0.3509748,-1
278.0083,2.40671,181.7807,5.940596,319.4327,0.346792,-1
277.1861,2.397006,182.7362,6.043521,319.1976,0.3832375,-1
276.2758,2.406777,183.7857,6.094935,318.9042,0.4691576,-1
275.4994,2.399561,184.6759,6.075121,318.7594,0.4826849,-1
274.6012,2.40669,185.6984,6.129095,318.6414,0.3120571,-1
273.6584,2.406326,186.7671,6.317744,318.3872,0.2370494,-1
272.7375,2.406154,187.8056,6.186421,318.322,0.2507061,-1
271.7389,2.406492,188.9352,6.154588,319.6648,359.9546,-1
270.8568,2.406576,189.9975,6.252398,321.7455,0.1062735,-1
270.0035,2.406669,191.0896,6.487295,322.7641,0.2737536,-1
269.1928,2.397184,192.177,6.501534,324.495,1.017945,-1
268.4158,2.405086,193.2775,6.29865,325.1649,1.225049,-1
267.537,2.407242,194.5545,6.187007,326.201,1.305694,-1
266.7413,2.40747,195.7608,6.185889,327.7173,1.716798,-1
265.9475,2.407624,197.0422,5.844771,329.2782,1.993622,-1
265.1313,2.407689,198.4255,5.407807,329.8881,2.107594,-1
264.4375,2.407531,199.6105,5.074488,329.621,1.82203,-1
263.6146,2.407058,201.0068,3.999605,329.5028,0.9710578,-1
262.8389,2.403586,202.354,3.46433,332.0019,359.8306,-1
262.5656,1.031517,202.7976,0,345,0,enter1
262.4951,2.401865,203.0023,3.477639,333.7342,359.312,-1
262.4829,2.397416,203.0257,2.137783,335.7532,358.7702,-1
262.4841,2.397631,203.0228,2.107672,341.2947,359.1303,-1
262.4853,2.397059,203.0179,359.9338,350.3261,358.1129,-1
262.4857,2.398649,203.0143,0.4637205,356.9344,0.9605334,-1
262.4855,2.400192,203.0095,358.6696,5.44044,3.727114,-1
262.4848,2.400231,203.0051,358.8575,13.49703,3.797398,-1
262.4847,2.398842,203.0046,0.7700213,14.43197,1.306177,-1
262.4849,2.397448,203.0052,2.390723,13.18067,358.8088,-1
262.485,2.39843,203.0056,0.6530993,12.63825,0.5693145,-1
262.4849,2.399058,203.0053,0.4139659,13.07194,1.692688,-1
262.4852,2.398946,203.0066,0.4095007,10.77075,1.491778,-1
262.4538,1.023113,203.0126,0,345,0,exit1
262.5075,2.407502,203.1205,3.498197,10.91612,1.770719,-1
262.8544,2.408505,204.9549,6.701443,10.29176,3.587013,-1
263.2829,2.408136,207.2747,6.044288,11.66784,2.916431,-1
263.7525,2.404655,209.4278,4.979429,13.65974,1.078954,-1
264.2802,2.405996,211.547,4.223247,14.93061,0.5214977,-1
264.6943,2.406348,213.1123,4.070585,14.90349,0.100798,-1
265.144,2.406403,214.7756,4.577384,15.17677,359.7943,-1
265.6112,2.40628,216.4991,4.471062,15.33958,359.5744,-1
266.0687,2.406252,218.1696,4.324242,15.26359,359.5241,-1
266.5112,2.399655,219.7987,4.466815,15.21552,359.3971,-1
266.9117,2.406114,221.2684,4.691836,15.38323,359.2761,-1
267.3973,2.405371,223.003,4.754445,16.13141,357.9399,-1
267.8814,2.402623,224.6561,4.504601,17.39476,358.7144,-1
268.3808,2.405948,226.2052,4.450148,18.81873,358.9779,-1
268.8375,2.405784,227.5433,4.451232,18.13298,359.0494,-1
269.2849,2.405905,228.4804,4.657132,18.44629,358.9005,-1
269.968,2.406164,229.7079,4.29667,18.26271,359.3658,-1
270.4553,2.406696,230.8089,4.2241,17.13335,0.3206994,-1
271.0093,2.406525,232.3153,4.554279,18.81461,0.01477992,-1
271.5274,2.407045,233.8682,4.864628,17.54527,1.230092,-1
272.056,2.40734,235.5127,4.721675,17.7072,1.478375,-1
272.566,2.401704,237.1027,4.412946,17.63631,1.386539,-1
273.0142,2.407271,238.5121,4.621698,17.54612,1.354671,-1
273.4738,2.407225,239.9702,4.732019,17.42355,1.333388,-1
273.921,2.407364,241.408,4.750176,17.105,1.522034,-1
274.3759,2.407421,242.8856,4.803058,16.92203,1.624541,-1
274.8416,2.407299,244.4126,4.662331,17.00909,1.404324,-1
275.2615,2.407297,245.7921,4.625045,16.94901,1.400749,-1
275.7652,2.406155,247.4525,4.587951,16.794,1.380661,-1
276.2573,2.402619,249.0822,4.613946,16.78753,1.314872,-1
276.7342,2.407243,250.6627,4.650244,16.79285,1.304554,-1
277.1661,2.407243,252.0937,4.650244,16.79285,1.304554,-1
277.6684,2.407282,253.7582,4.793784,16.59258,1.374933,-1
278.0937,2.407127,255.1801,4.683148,16.63326,1.096506,-1
278.5513,2.407088,256.7151,4.061708,16.34335,1.024257,-1
279.0087,2.406716,258.285,1.22459,16.10117,0.3560309,-1
279.1443,1.024993,258.8696,0,345,0,enter2
279.2318,2.406479,259.0575,0.465263,16.82201,359.9316,-1
279.2324,2.406695,259.0601,0.1508837,18.13348,0.3191813,-1
279.2321,2.407021,259.059,2.0176,20.3327,0.9021046,-1
279.2313,2.405828,259.0571,1.6967,23.9073,358.7664,-1
279.2283,2.408721,259.052,359.7303,34.53278,3.950166,-1
279.2225,2.40964,259.0457,358.799,49.95918,5.601243,-1
279.2143,2.407663,259.0406,358.3299,67.42867,2.05248,-1
279.2104,2.404088,259.0393,0.7120354,74.7835,355.6471,-1
279.2106,2.405402,259.0393,0.7072108,74.40231,358.0035,-1
279.209,2.407987,259.0389,358.1063,77.3715,2.63472,-1
279.2036,2.408749,259.0382,357.9889,87.16599,4.002576,-1
279.1964,2.408404,259.0386,359.1005,100.1325,3.380399,-1
279.2021,1.031517,259.0701,0,345,0,exit2
279.3277,2.40382,258.9948,358.8304,111.5267,358.4171,-1
280.0278,2.406488,258.7192,359.4164,119.0258,359.9483,-1
280.6585,2.401035,258.3105,359.3685,128.8627,2.696335,-1
281.3833,2.408931,257.6788,358.6881,138.4413,4.326798,-1
281.6014,2.408836,257.5184,358.886,147.1484,4.157347,-1
281.608,2.407858,257.5266,0.8175229,155.247,2.402089,-1
281.6116,2.407678,257.5277,1.052264,154.4236,2.078935,-1
281.6121,2.407925,257.5267,0.8024387,152.3888,2.522299,-1
281.842,2.408172,257.1234,2.077998,149.0857,2.965826,-1
282.8251,2.402535,255.5981,3.80621,143.5513,3.829092,-1
284.533,2.403635,253.3952,2.336445,139.1628,5.585691,-1
285.8396,2.409447,251.8889,1.680555,139.805,5.255629,-1
287.1121,2.408335,250.3778,2.422682,140.5184,4.597582,-1
288.4931,2.407902,248.673,3.222274,142.7249,2.48456,-1
289.7312,2.406574,246.9811,3.56165,147.2724,0.1022785,-1
290.9439,2.406312,244.9527,3.616574,152.4548,359.6316,-1
291.9925,2.405852,242.8689,3.027098,155.9084,0.3736311,-1
292.7122,2.407224,241.1518,2.358696,159.8528,1.267423,-1
293.2995,2.407693,239.5056,1.517991,163.5094,2.106253,-1
293.7281,2.407595,237.6661,0.9745901,172.0088,1.931198,-1
293.9593,2.40573,235.9236,0.8186222,174.1268,2.356018,-1
294.1274,2.407573,234.1446,0.8395101,175.1026,1.890866,-1
294.2582,2.407463,232.6228,1.333492,175.2185,1.693637,-1
294.4078,2.407529,230.9295,1.668687,173.7133,1.812414,-1
294.5864,2.407197,229.3401,1.589572,173.3339,1.216717,-1
294.7826,2.407259,227.7048,1.344618,173.0356,1.329984,-1
294.9871,2.397987,226.0414,1.579217,172.7749,1.698054,-1
295.2039,2.407495,224.341,1.808586,172.5769,1.752104,-1
295.4411,2.40732,222.5678,1.579121,172.1344,1.439183,-1
295.6687,2.40732,220.9191,1.579121,172.1344,1.439183,-1
295.8741,2.407265,219.4324,1.579121,172.1344,1.439183,-1
295.976,2.406806,218.7667,0.930878,169.2326,1.437551,-1
296.0099,2.40729,218.5856,0.9974203,168.8891,1.383853,-1
296.1321,2.407231,217.9609,1.258151,168.7784,1.278837,-1
296.2134,1.031517,217.7141,0,345,0,enter0
