*Subject
4
*Layout
1
*Condition
True,True,True,True,True
*Marks
250.436,0,321.0912
202.7504,0,244.7624
246.8175,0,217.2319
*Path
x,y,z,flag
264.4015,2.403829,266.9131,357.6738,286.7466,355.1775,-1
264.4012,2.403391,266.9132,359.3417,286.0189,354.3935,-1
264.3915,2.404462,266.9145,359.4057,268.4334,356.3176,-1
264.3862,2.405126,266.9139,358.1493,258.7697,357.5073,-1
264.3871,2.405048,266.9141,357.4971,260.4485,357.3672,-1
264.3867,2.40522,266.9141,356.3232,259.8957,357.6716,-1
264.3876,2.405303,266.9142,355.6325,261.5421,357.8198,-1
264.3878,2.405126,266.9142,355.1638,261.8632,357.5002,-1
264.3877,2.405071,266.9142,354.7957,261.7787,357.3989,-1
264.388,2.404939,266.9142,353.8578,262.3556,357.1578,-1
264.3884,2.404883,266.9143,353.3467,263.1579,357.0538,-1
264.3882,2.405266,266.9143,352.821,262.7719,357.7419,-1
264.3881,2.405436,266.9143,352.3511,262.4353,358.0468,-1
264.3879,2.405587,266.9142,351.9045,262.1546,358.3183,-1
264.3879,2.405471,266.9142,351.2859,262.1276,358.1049,-1
264.3873,2.405367,266.9142,351.3404,261.071,357.917,-1
264.3868,2.404978,266.9141,351.1894,260.3597,357.2095,-1
264.3875,2.40461,266.9142,351.8514,261.6779,356.5486,-1
264.3881,2.404756,266.9142,354.1265,262.6135,356.8286,-1
264.3881,2.40519,266.9143,355.4765,262.4458,357.6167,-1
264.3876,2.405273,266.9142,355.4932,261.47,357.7659,-1
264.3875,2.404729,266.9142,355.308,261.3492,356.7855,-1
264.3882,2.404162,266.9142,355.2436,262.7029,355.7654,-1
264.3893,2.403754,266.9143,351.0985,265.1165,354.9856,-1
264.3911,2.401356,266.9142,354.045,268.5593,350.6674,-1
264.3877,2.403622,266.9141,0.9389039,261.3319,354.8086,-1
264.3846,2.403702,266.9135,3.432425,255.4749,354.9434,-1
264.3842,2.404213,266.9134,13.0847,254.055,355.7615,-1
264.3848,2.403689,266.9135,17.68135,254.5085,354.6783,-1
264.386,2.403774,266.9138,6.853701,257.7774,355.0462,-1
264.3864,2.40378,266.9139,353.2498,259.7055,355.0589,-1
264.3894,2.403625,266.9143,350.797,265.3567,354.747,-1
264.3895,2.402619,266.9142,351.4233,265.762,352.9245,-1
264.3865,2.403536,266.9139,352.1376,260.0802,354.6037,-1
264.3842,2.403899,266.9134,352.191,255.7,355.2639,-1
264.3853,2.403867,266.9137,353.0184,257.6147,355.2137,-1
264.3906,2.40449,266.9145,357.2962,266.888,356.3646,-1
264.3915,2.403202,266.9144,7.992508,267.5077,353.9951,-1
264.3976,2.394091,266.9116,356.0861,281.8295,337.094,-1
264.4043,2.411839,266.9118,16.25539,294.9266,9.974719,-1
264.3956,2.419162,266.9118,48.80161,305.5583,36.86413,-1
264.4098,2.415823,266.9078,46.66693,323.3279,25.07292,-1
264.4224,2.417348,266.8857,34.02252,8.172159,24.10207,-1
264.4199,2.422327,266.8869,47.24537,29.00532,46.7011,-1
264.421,2.418588,266.8904,60.20662,30.12284,49.39384,-1
264.4208,2.418261,266.8915,63.17069,33.83044,54.40488,-1
264.4214,2.416862,266.8912,68.0562,41.51108,59.88883,-1
264.4229,2.415729,266.8861,69.52448,47.06401,55.38357,-1
264.421,2.412876,266.8696,71.11205,60.80267,37.8703,-1
264.415,2.41131,266.8605,70.35267,69.45572,26.45416,-1
264.4048,2.417185,266.8551,66.64619,120.7077,57.24485,-1
264.3997,2.415288,266.8527,63.84894,111.8961,38.45393,-1
264.3975,2.412953,266.8517,67.31223,110.021,31.42995,-1
264.3962,2.412015,266.8513,71.52089,114.6353,32.82338,-1
264.3975,2.416056,266.8525,69.36514,136.3916,57.76195,-1
264.4069,2.423866,266.8599,56.89911,139.1859,83.10542,-1
264.4101,2.425449,266.8638,53.18889,148.0133,99.10345,-1
264.4101,2.425353,266.8637,53.38953,148.4502,99.25169,-1
264.4102,2.425203,266.8636,53.64478,149.1309,99.9213,-1
264.4103,2.42515,266.8637,53.7155,149.1468,100.2848,-1
264.4103,2.42526,266.8638,53.46622,149.0618,100.3022,-1
264.4103,2.425216,266.8638,53.53962,149.4451,100.4793,-1
264.4103,2.425215,266.8638,53.55234,149.3542,100.4131,-1
264.4103,2.425286,266.8638,53.39438,149.2334,100.3896,-1
264.4104,2.425349,266.864,53.20383,149.3348,100.7263,-1
264.4103,2.425348,266.864,53.18011,149.6613,100.9105,-1
264.4104,2.425244,266.8639,53.38057,149.9888,101.1577,-1
264.4103,2.425345,266.8638,53.12497,150.4948,101.3328,-1
264.4104,2.425241,266.8639,53.2817,150.8324,101.8511,-1
264.4104,2.425236,266.8639,53.27538,150.9127,101.9718,-1
264.4104,2.425257,266.8639,53.22455,150.9858,101.9854,-1
264.4104,2.425266,266.8639,53.2015,151.0556,102.0093,-1
264.4104,2.425264,266.8639,53.17262,151.2702,102.2122,-1
264.4103,2.425264,266.8639,53.17963,151.3337,102.1748,-1
264.4103,2.425269,266.8639,53.15795,151.4391,102.225,-1
264.4103,2.425265,266.8638,53.17751,151.4325,102.1662,-1
264.4103,2.425251,266.8638,53.22195,151.3934,102.0933,-1
264.4103,2.425251,266.8638,53.26094,151.1547,101.8513,-1
264.4103,2.42524,266.8637,53.3266,150.9086,101.5816,-1
264.4102,2.425222,266.8637,53.38918,150.7788,101.4325,-1
264.4102,2.42521,266.8637,53.44026,150.6407,101.2734,-1
264.4102,2.425202,266.8637,53.4827,150.4928,101.1099,-1
264.4102,2.425256,266.8637,53.41607,150.1044,100.7259,-1
264.4102,2.425249,266.8637,53.47157,149.6741,100.4365,-1
264.4102,2.425199,266.8636,53.58845,149.8122,100.409,-1
264.4101,2.425216,266.8636,53.58674,149.5548,100.1391,-1
264.4102,2.425185,266.8636,53.64721,149.6129,100.2028,-1
264.4102,2.425199,266.8636,53.62816,149.5061,100.1114,-1
264.4101,2.425308,266.8636,53.3695,149.7361,100.2066,-1
264.41,2.42534,266.8636,53.30688,149.8297,100.1247,-1
264.4099,2.425456,266.8636,53.07838,149.7339,99.87298,-1
264.4099,2.425496,266.8636,52.96626,149.9643,100.0242,-1
264.41,2.425427,266.8636,53.01356,150.6955,100.8174,-1
264.41,2.425405,266.8637,53.05538,150.4999,100.8769,-1
264.4107,2.424667,266.8636,54.44048,151.6745,102.7577,-1
264.4197,2.403175,266.8662,48.44473,24.16598,350.9408,-1
264.4228,2.409908,266.8732,19.84362,19.40412,6.469254,-1
264.4209,2.404173,266.8682,27.0803,24.57808,355.2802,-1
264.4204,2.409495,266.8673,28.29446,31.46568,6.068003,-1
264.4153,2.39955,266.8614,42.34288,31.05506,342.8697,-1
264.4236,2.411085,266.888,28.89007,354.7239,9.38356,-1
264.4178,2.410717,266.9016,26.13543,326.9439,8.40706,-1
264.4243,2.408966,266.8828,31.13392,2.195086,5.130164,-1
264.4237,2.405147,266.8891,20.69705,347.3926,357.3762,-1
264.4228,2.405759,266.8925,22.30526,341.2971,358.5333,-1
264.4221,2.407997,266.8946,22.71137,339.0542,2.873374,-1
264.4212,2.408128,266.8965,21.06115,335.3816,3.093003,-1
264.4206,2.406101,266.8977,20.9737,331.4503,359.2021,-1
264.4171,2.406927,266.903,16.12329,320.6444,0.7649417,-1
264.4222,2.408698,266.8942,17.16142,339.8813,4.09087,-1
264.4209,2.41099,266.8966,16.84144,336.2731,8.396716,-1
264.4225,2.407844,266.8934,16.58124,340.8741,2.479436,-1
264.4225,2.40661,266.8935,16.22958,340.0767,0.1724941,-1
264.4208,2.410078,266.8969,19.68231,335.554,6.787736,-1
264.4191,2.408849,266.9001,18.27387,328.019,4.401551,-1
264.4221,2.409002,266.8944,14.90765,339.4514,4.609055,-1
264.4244,2.407509,266.8838,15.72219,358.4122,1.845995,-1
264.4241,2.408802,266.8866,14.38691,353.8551,4.226514,-1
264.4243,2.408397,266.8807,16.07731,4.396906,3.50597,-1
264.4243,2.409391,266.8838,12.24804,358.9321,5.273166,-1
264.4243,2.409196,266.8821,15.04738,2.111243,4.972819,-1
264.4243,2.409263,266.8828,14.93597,0.9749507,5.095816,-1
264.4243,2.4093,266.8837,14.09745,359.3113,5.144107,-1
264.4243,2.409366,266.8836,14.43251,359.5663,5.275215,-1
264.4243,2.40946,266.8838,13.95884,359.1438,5.436896,-1
264.4243,2.409308,266.8838,14.46345,359.2068,5.167666,-1
264.4243,2.409326,266.8839,14.48338,358.9774,5.201909,-1
264.4243,2.40928,266.884,13.75784,358.7321,5.100284,-1
264.4243,2.408869,266.8844,13.78672,357.7421,4.339394,-1
264.4241,2.409295,266.8863,18.15687,354.8913,5.241374,-1
264.4218,2.410501,266.8947,13.91978,339.3926,7.369123,-1
264.4219,2.407942,266.895,13.11948,337.7919,2.620005,-1
264.4224,2.409283,266.8934,15.40002,341.4677,5.14279,-1
264.423,2.409255,266.8916,14.7544,344.8767,5.075689,-1
264.4227,2.409176,266.8927,14.65361,342.709,4.927367,-1
264.4217,2.408884,266.8953,14.48678,337.7131,4.381523,-1
264.4221,2.408986,266.8944,14.47984,339.3547,4.570634,-1
264.4221,2.40925,266.8944,14.39022,339.5696,5.057472,-1
264.4221,2.408793,266.8945,14.58944,339.2282,4.215466,-1
264.4218,2.40918,266.8949,12.7086,338.358,4.89294,-1
264.4232,2.408383,266.8912,15.26624,345.328,3.466207,-1
264.424,2.409937,266.8869,14.32942,353.7275,6.333775,-1
264.4243,2.409,266.8834,15.60797,359.8099,4.620895,-1
264.4242,2.409359,266.8849,15.31941,357.2959,5.283036,-1
264.4242,2.409529,266.8854,14.21943,356.2783,5.571257,-1
264.4242,2.409216,266.8856,14.73678,355.8246,5.002806,-1
264.4241,2.409221,266.8858,14.38468,355.4219,5.004543,-1
264.4241,2.409481,266.8864,14.94358,354.6506,5.50099,-1
264.424,2.409217,266.8868,14.22843,353.6057,4.994549,-1
264.424,2.409458,266.8869,14.65229,353.5341,5.451084,-1
264.424,2.409225,266.8867,14.31235,353.8508,5.009348,-1
264.424,2.410269,266.8866,15.29414,354.6581,6.982139,-1
264.424,2.408906,266.887,14.09318,353.1357,4.414356,-1
264.424,2.409975,266.8869,14.69092,353.8693,6.413824,-1
264.4239,2.409278,266.8879,14.84114,351.7001,5.120331,-1
264.4241,2.409375,266.8858,14.52606,355.4721,5.293976,-1
264.4241,2.409043,266.8861,14.28764,354.8695,4.672085,-1
264.4241,2.409327,266.8861,13.97105,354.9966,5.191799,-1
264.4241,2.409304,266.8861,14.47453,354.9724,5.161072,-1
264.4241,2.409024,266.8864,13.9863,354.3069,4.631,-1
264.424,2.409554,266.8866,13.89585,354.1883,5.611649,-1
264.4242,2.409206,266.8857,14.2056,355.6069,4.972637,-1
264.4241,2.40944,266.8861,14.03818,355.0384,5.402606,-1
264.4241,2.40924,266.8861,14.39565,354.9571,5.039078,-1
264.4241,2.40893,266.8864,14.00653,354.2941,4.457211,-1
264.4241,2.409245,266.8862,14.35407,354.8282,5.048091,-1
264.4241,2.409195,266.8866,14.48685,354.0786,4.958717,-1
264.424,2.409256,266.8867,14.44638,353.858,5.071218,-1
264.4241,2.408765,266.8866,14.74733,353.7904,4.166342,-1
264.424,2.408751,266.8876,14.23599,351.9464,4.129772,-1
264.4238,2.409553,266.8881,15.07956,351.4869,5.638002,-1
264.4239,2.409153,266.8877,15.42136,352.0938,4.902213,-1
264.4238,2.408887,266.8887,14.3467,350.0373,4.384202,-1
264.4236,2.40852,266.8893,14.10987,348.8763,3.700955,-1
264.4235,2.408924,266.8897,13.96963,348.2371,4.44499,-1
264.4239,2.407609,266.8882,13.79547,350.4142,2.014243,-1
264.4236,2.408167,266.8897,14.64658,347.8638,3.054421,-1
264.4238,2.409053,266.8886,13.48065,350.1659,4.674812,-1
264.4238,2.407936,266.8889,14.19893,349.2555,2.620679,-1
264.4236,2.408956,266.8895,14.56771,348.6743,4.516737,-1
264.4236,2.408787,266.8895,13.79785,348.4854,4.188207,-1
264.4229,2.408912,266.892,15.05005,343.9482,4.445514,-1
264.4232,2.409204,266.8907,15.11257,346.5093,4.990729,-1
264.4231,2.407629,266.8916,15.78524,344.1262,2.06914,-1
264.423,2.408844,266.8917,14.91237,344.5573,4.316797,-1
264.4201,2.409738,266.8983,14.78119,332.0397,5.97458,-1
264.418,2.406257,266.9018,13.18773,323.0726,359.5215,-1
264.4203,2.408998,266.898,13.63147,332.1635,4.575993,-1
264.4193,2.407984,266.8999,14.56088,327.9101,2.714706,-1
264.4184,2.409264,266.901,16.36483,326.095,5.132135,-1
264.4185,2.409239,266.901,14.52044,326.0403,5.040463,-1
264.4189,2.407117,266.9006,14.5156,326.0403,1.109081,-1
264.4189,2.408491,266.9004,14.48748,327.0931,3.652278,-1
264.419,2.407673,266.9004,14.08156,326.6273,2.134331,-1
264.4181,2.405587,266.9017,13.41028,322.9586,358.2878,-1
264.4147,2.408434,266.9055,16.44103,315.1971,3.580303,-1
264.4191,2.407207,266.9003,12.5164,326.7247,1.266518,-1
264.4241,2.409283,266.8857,13.66631,355.6309,5.103296,-1
264.423,2.411225,266.8746,21.34002,17.94364,9.088161,-1
264.4202,2.409034,266.8669,17.64399,30.93595,4.73471,-1
264.4167,2.409702,266.862,16.53427,41.98361,5.959916,-1
264.4185,2.407233,266.864,34.20096,36.27318,1.550924,-1
264.4182,2.404482,266.8637,56.35756,30.76871,353.4088,-1
264.408,2.405312,266.8546,48.58715,58.50232,356.7364,-1
264.3842,2.406812,266.8517,48.22906,105.4262,0.7937176,-1
264.3604,2.405488,266.8833,50.66647,179.0209,357.092,-1
264.3894,2.404819,266.9144,48.77822,261.0986,355.3819,-1
264.4202,2.40411,266.8983,49.24412,325.426,353.3839,-1
264.4167,2.404582,266.8618,42.29041,37.48973,355.3114,-1
264.3674,2.403103,266.8629,47.31547,135.1186,350.946,-1
264.369,2.405165,266.9044,40.89164,220.8939,356.7952,-1
264.4041,2.405921,266.9124,41.93403,290.3679,358.564,-1
264.4184,2.409424,266.901,44.23338,329.7752,7.282737,-1
264.4088,2.414358,266.9089,56.65479,324.4868,26.47033,-1
264.3975,2.409146,266.9141,69.91389,292.1467,13.84065,-1
264.3839,2.408891,266.9133,64.38388,263.3594,9.881433,-1
264.3822,2.409555,266.9128,68.66623,265.4849,15.12883,-1
264.3736,2.411096,266.9081,66.46033,252.9197,20.99264,-1
264.3744,2.410403,266.9087,68.21618,253.1615,19.09809,-1
264.3758,2.411525,266.9095,66.08347,259.2254,22.70548,-1
264.3742,2.414236,266.9077,60.92118,260.6641,29.75524,-1
264.3865,2.410921,266.9137,64.20356,275.9628,18.43615,-1
264.3863,2.411719,266.9136,63.95759,278.5584,21.73052,-1
264.3954,2.408581,266.9144,71.85968,286.726,11.95419,-1
264.4047,2.408733,266.9121,62.84202,300.3745,8.727306,-1
264.3965,2.405816,266.9143,64.4713,274.6942,357.0869,-1
264.3984,2.405643,266.914,73.12547,275.5205,354.6011,-1
264.3979,2.404968,266.9141,73.48554,270.4969,350.1944,-1
264.3937,2.405286,266.9146,73.71721,264.6501,352.113,-1
264.3913,2.405871,266.9146,77.37916,262.8444,354.7013,-1
264.3944,2.405191,266.9145,75.07475,264.646,350.7404,-1
264.3929,2.40497,266.9146,74.09457,261.125,349.8368,-1
264.3962,2.404803,266.9143,75.22289,264.9978,347.8752,-1
264.3943,2.405655,266.9145,73.15664,268.2343,354.6644,-1
264.3877,2.405394,266.9142,62.55964,257.5523,355.6316,-1
264.388,2.407019,266.9143,65.83285,264.0603,2.194553,-1
264.3943,2.403638,266.9144,56.76099,265.5639,350.5522,-1
264.389,2.404706,266.9144,54.94366,259.236,354.3441,-1
264.3853,2.404538,266.9137,49.29412,252.9688,354.5587,-1
264.3857,2.40499,266.9138,51.73112,254.3261,355.5814,-1
264.3879,2.405449,266.9142,56.02547,258.9696,356.5771,-1
264.389,2.405859,266.9144,59.56005,261.8087,357.6718,-1
264.3887,2.405596,266.9144,62.04427,260.2411,356.4818,-1
264.3887,2.405097,266.9143,60.9435,258.6772,354.7556,-1
264.389,2.407037,266.9144,56.55241,265.1941,1.68952,-1
264.3903,2.406511,266.9145,56.91438,266.1497,359.98,-1
264.3919,2.404887,266.9146,54.11871,265.0517,355.0139,-1
264.4031,2.405671,266.9128,52.07444,287.5383,357.5347,-1
264.4077,2.40596,266.9107,53.78212,297.0402,358.3123,-1
264.4035,2.405366,266.9126,52.35353,287.563,356.6248,-1
264.4,2.405346,266.9137,53.6729,280.7839,356.459,-1
264.3994,2.40513,266.9138,54.04116,279.0615,355.7665,-1
264.399,2.404595,266.9138,54.53392,277.1464,354.0598,-1
264.3991,2.404618,266.9138,54.18219,277.3915,354.1789,-1
264.3984,2.404679,266.914,53.66122,276.3816,354.4384,-1
264.398,2.404383,266.914,53.53661,274.8914,353.5566,-1
264.398,2.404583,266.914,53.53615,275.3091,354.1642,-1
264.3979,2.404771,266.9141,53.15402,275.76,354.7786,-1
264.3978,2.405062,266.9141,52.63127,276.2044,355.7047,-1
264.399,2.404806,266.9138,52.75118,277.8639,354.9314,-1
264.399,2.404947,266.9139,52.88472,278.1406,355.3375,-1
264.3987,2.404872,266.9139,52.65758,277.5539,355.1385,-1
264.3989,2.404785,266.9139,52.83075,277.5815,354.861,-1
264.399,2.404787,266.9138,53.00699,277.8172,354.844,-1
264.3986,2.405159,266.914,53.61472,277.7171,355.8994,-1
264.3986,2.40505,266.9139,53.75384,277.6119,355.5532,-1
264.3989,2.405011,266.9139,53.84513,278.0298,355.4255,-1
264.3988,2.405108,266.9139,53.48529,278.1162,355.7565,-1
264.3988,2.404924,266.9139,52.96449,277.6587,355.2591,-1
264.3983,2.404912,266.914,52.63204,276.87,355.2589,-1
264.3984,2.404863,266.914,52.54355,276.8564,355.1247,-1
264.3984,2.404799,266.914,52.64202,276.6888,354.9246,-1
264.3983,2.404852,266.914,52.53076,276.6262,355.0927,-1
264.3983,2.404759,266.914,52.56636,276.4211,354.8146,-1
264.3978,2.404881,266.9141,53.06949,275.7633,355.1193,-1
264.3978,2.404787,266.9141,53.34818,275.5717,354.8041,-1
264.3978,2.404616,266.9141,53.28859,275.0176,354.2971,-1
264.3978,2.404691,266.9141,53.08265,275.367,354.5501,-1
264.398,2.404642,266.914,52.8701,275.6305,354.4296,-1
264.3979,2.404667,266.9141,52.40694,275.523,354.5614,-1
264.3975,2.404859,266.9142,52.24815,275.3354,355.1435,-1
264.3983,2.404611,266.914,52.58116,276.1653,354.375,-1
264.3985,2.40454,266.9139,52.87239,276.2348,354.1236,-1
264.3985,2.40459,266.9139,52.8656,276.456,354.2751,-1
264.3985,2.404663,266.9139,52.85987,276.5587,354.494,-1
264.3982,2.404678,266.914,52.8135,276.1062,354.5449,-1
264.3984,2.404667,266.914,52.9075,276.445,354.4986,-1
264.3983,2.404558,266.914,52.95526,275.8807,354.1679,-1
264.3979,2.404703,266.9141,53.47588,275.5004,354.5344,-1
264.3979,2.404601,266.9141,53.35377,275.2746,354.2437,-1
264.3975,2.4045,266.9141,53.26374,274.3597,353.9516,-1
264.3974,2.404732,266.9142,52.94692,274.6842,354.6866,-1
264.3987,2.404617,266.9139,53.09456,276.6927,354.3259,-1
264.3979,2.404636,266.9141,52.63261,275.5119,354.4427,-1
264.3975,2.404627,266.9141,52.31048,274.8136,354.4554,-1
264.3977,2.40471,266.9141,52.50603,275.2248,354.6777,-1
264.3982,2.404818,266.914,53.25743,276.2909,354.9064,-1
264.3979,2.404889,266.9141,53.60196,275.8209,355.0802,-1
264.397,2.4048,266.9142,52.99195,274.169,354.887,-1
264.3972,2.404876,266.9142,52.76468,274.7351,355.1388,-1
264.3978,2.404847,266.9141,52.75274,275.6429,355.0524,-1
264.3978,2.404817,266.9141,52.42546,275.6283,355.0022,-1
264.3979,2.405014,266.9141,52.37769,276.3713,355.5863,-1
264.3982,2.405021,266.914,52.48871,276.9494,355.5956,-1
264.3982,2.404927,266.914,52.61524,276.719,355.3047,-1
264.3981,2.404954,266.9141,52.40411,276.5048,355.4095,-1
264.3979,2.404959,266.9141,52.30286,276.1962,355.4344,-1
264.398,2.404884,266.9141,52.60901,276.1785,355.18,-1
264.3973,2.404963,266.9142,52.95447,275.1658,355.3783,-1
264.3978,2.404835,266.9141,53.16201,275.6533,354.9692,-1
264.3979,2.404772,266.9141,52.73322,275.8303,354.8336,-1
264.3976,2.404636,266.9141,52.30269,275.0654,354.4828,-1
264.3978,2.404575,266.9141,52.42672,275.1986,354.2892,-1
264.3978,2.4047,266.9141,52.42179,275.4529,354.657,-1
264.3981,2.406354,266.9141,51.12886,279.8084,359.5353,-1
264.3989,2.409099,266.9138,76.91738,302.0898,20.87926,-1
264.4125,2.406643,266.9075,83.43923,310.9275,1.981599,-1
264.4105,2.408337,266.9089,83.1216,332.6704,28.34585,-1
264.4099,2.41176,266.9089,79.67936,9.385463,66.12774,-1
264.4104,2.411399,266.9086,79.24443,359.0233,54.83977,-1
264.4089,2.411145,266.9096,79.82487,355.9243,54.94388,-1
264.407,2.412176,266.9105,77.98353,355.2369,58.14333,-1
264.4069,2.411472,266.9107,79.06946,351.3979,54.74972,-1
264.4028,2.411988,266.9124,76.08809,333.6094,45.32668,-1
264.398,2.407446,266.9141,81.55403,291.3252,11.39474,-1
264.393,2.410547,266.9143,76.03416,301.7842,31.45308,-1
264.3964,2.407638,266.9143,71.7065,283.2321,6.404325,-1
264.3965,2.408508,266.9143,74.53265,290.4017,13.49344,-1
264.3966,2.40887,266.9142,78.26152,298.3462,21.1907,-1
264.4028,2.408421,266.9128,76.01279,302.7674,14.24811,-1
264.4028,2.409365,266.9127,80.28287,320.4536,31.82843,-1
264.4031,2.408541,266.9127,80.07121,310.674,21.51948,-1
264.4023,2.409786,266.9128,77.87729,316.6945,29.10538,-1
264.4028,2.408391,266.9128,77.30065,303.9586,15.44865,-1
264.4026,2.407625,266.9129,68.58472,293.6438,5.443913,-1
264.401,2.406954,266.9134,76.62494,288.8134,3.385939,-1
264.4041,2.406562,266.9124,70.31002,291.5766,0.2405611,-1
264.4033,2.40691,266.9127,71.16231,291.8281,2.182088,-1
264.4031,2.406404,266.9128,71.14236,288.8353,359.372,-1
264.404,2.406924,266.9124,71.91119,293.3937,2.350635,-1
264.4031,2.407004,266.9128,71.95892,292.2606,2.815628,-1
264.4028,2.406956,266.9129,71.73898,291.2246,2.509472,-1
264.4026,2.407055,266.9129,72.02249,291.6176,3.122084,-1
264.4023,2.406897,266.913,72.50812,290.0794,2.266596,-1
264.4017,2.407723,266.9132,71.77109,293.5352,6.918475,-1
264.4021,2.40689,266.9131,73.75283,289.8296,2.387124,-1
264.4044,2.407801,266.9122,72.15794,299.1851,7.522545,-1
264.4041,2.407051,266.9124,73.13924,294.5689,3.300136,-1
264.4043,2.40766,266.9123,72.70474,298.4147,6.897764,-1
264.4041,2.407279,266.9124,71.30212,295.5126,4.261269,-1
264.4053,2.407105,266.9119,70.45408,296.7418,3.146744,-1
264.4058,2.40693,266.9117,69.90004,296.6534,2.154664,-1
264.4059,2.406802,266.9116,69.5007,296.203,1.457897,-1
264.4059,2.406678,266.9116,69.21468,295.6328,0.8120353,-1
264.406,2.406604,266.9116,68.99592,295.5695,0.435444,-1
264.406,2.406512,266.9116,68.41014,295.1408,359.9767,-1
264.4086,2.407174,266.9102,70.55016,303.7855,3.536449,-1
264.406,2.409367,266.9114,83.82042,350.9236,55.82952,-1
264.3921,2.408933,266.9145,82.92981,307.0558,37.82513,-1
264.3897,2.412105,266.914,78.37412,324.5685,60.05755,-1
264.3903,2.412353,266.914,78.3332,330.1176,64.39388,-1
264.3904,2.41257,266.9139,78.32575,335.1036,69.21047,-1
264.3945,2.41298,266.9139,77.25216,339.4629,66.23847,-1
264.3954,2.407854,266.9144,77.94096,286.685,11.53488,-1
264.4068,2.405776,266.9112,85.71568,134.6892,198.0654,-1
264.4045,2.406151,266.9122,90,292.2562,0,-1
264.3845,2.414868,266.9124,74.1962,327.9277,73.37953,-1
264.3998,2.412133,266.9132,77.76373,48.29966,124.0938,-1
264.4231,2.406117,266.8917,79.64584,167.3958,183.9908,-1
264.4196,2.408411,266.8659,76.98447,196.7224,164.7643,-1
264.4171,2.408697,266.8622,79.77042,197.3369,157.442,-1
264.4158,2.387338,266.8721,47.98401,260.4446,243.5638,-1
264.4129,2.393437,266.8618,63.12436,287.509,244.7141,-1
264.4153,2.393719,266.8642,49.0701,8.685299,322.3773,-1
264.4202,2.399137,266.8685,27.2131,19.88394,344.9704,-1
264.4204,2.405113,266.8671,27.64332,27.64546,357.1618,-1
264.421,2.405788,266.8681,14.08079,26.62924,358.6541,-1
264.4208,2.406855,266.8678,357.1695,27.47238,0.6067412,-1
264.4195,2.4057,266.8655,353.6589,32.45958,358.5275,-1
264.4207,2.405421,266.8677,356.0107,27.84794,358.0319,-1
264.4203,2.405391,266.8669,358.2345,29.37139,357.9828,-1
264.4204,2.405202,266.8672,7.460958,28.58414,357.6241,-1
264.4203,2.40535,266.867,10.63378,28.79979,357.8727,-1
264.4201,2.405248,266.8665,10.8675,29.67083,357.6857,-1
264.4202,2.405964,266.8667,3.38295,29.70874,359.0074,-1
264.4205,2.405555,266.8674,356.6496,28.53538,358.2739,-1
264.4207,2.406398,266.8676,2.339159,27.92085,359.7863,-1
264.4207,2.406624,266.8677,353.1484,27.7869,0.1930207,-1
264.421,2.407308,266.8682,354.8597,26.53712,1.421589,-1
264.421,2.407186,266.8681,354.8262,26.80073,1.20168,-1
264.4205,2.406491,266.8672,355.2288,28.68076,359.9538,-1
264.4184,2.410162,266.8643,338.5789,32.5455,7.028697,-1
264.4152,2.412947,266.861,333.6119,37.67789,12.96263,-1
264.4149,2.413064,266.8607,327.9941,36.71027,13.96066,-1
264.4168,2.412829,266.8629,349.0704,36.67675,11.59021,-1
264.4178,2.410414,266.8635,346.2964,35.17528,7.200391,-1
264.4193,2.409563,266.8656,325.4604,28.54356,6.636346,-1
264.4196,2.409929,266.8661,324.7579,26.86967,7.502219,-1
264.4196,2.409567,266.8661,327.7899,27.83156,6.468826,-1
264.4197,2.409945,266.8661,329.0695,27.43635,7.174566,-1
264.4198,2.409901,266.8664,328.372,26.77305,7.133377,-1
264.4202,2.409588,266.867,327.5189,25.79558,6.531787,-1
264.4211,2.407084,266.8685,319.8166,25.26558,1.32967,-1
264.4212,2.406551,266.8686,319.12,25.89665,0.07942742,-1
264.4128,2.410482,266.8582,316.9775,43.39655,9.756763,-1
264.4043,2.415024,266.8541,306.3486,45.37812,26.65046,-1
264.4023,2.415719,266.8536,307.6072,48.17049,28.11363,-1
264.4047,2.415864,266.8546,310.4242,45.27254,26.77233,-1
264.4135,2.413517,266.8596,322.681,37.61568,15.96592,-1
264.4209,2.406754,266.868,0.3888313,27.22228,0.4235262,-1
264.4209,2.404979,266.8681,4.777319,26.78186,357.2357,-1
264.4208,2.404489,266.8679,10.83384,26.79218,356.3002,-1
264.421,2.408078,266.8683,13.15812,27.26568,2.871488,-1
264.42,2.406984,266.8665,7.992033,30.36325,0.8447416,-1
264.4197,2.407058,266.8659,11.4853,31.54018,0.9883399,-1
264.4189,2.408296,266.8647,15.42594,34.90918,3.305609,-1
264.4177,2.409476,266.8632,15.92316,39.07867,5.51829,-1
264.4185,2.411587,266.8647,18.15957,37.48493,9.598688,-1
264.4197,2.40814,266.866,7.929816,31.75735,2.936228,-1
264.42,2.408997,266.8665,5.577935,30.77591,4.465798,-1
264.4193,2.407279,266.8653,6.521395,32.90421,1.373222,-1
264.4194,2.408083,266.8654,359.784,32.50557,2.804817,-1
264.4197,2.408555,266.866,358.0887,31.23239,3.652739,-1
264.4196,2.406923,266.8656,0.2340311,32.05194,0.7273919,-1
264.4197,2.407697,266.866,0.05284977,31.34312,2.113205,-1
264.4202,2.407894,266.8667,359.2273,29.7441,2.466733,-1
264.4202,2.407283,266.8667,358.6095,29.72718,1.371318,-1
264.4204,2.408111,266.8672,359.0076,28.78197,2.855529,-1
264.42,2.40777,266.8665,2.02259,30.40597,2.245872,-1
264.4202,2.406818,266.8668,0.5440241,29.61061,0.5383384,-1
264.4207,2.406538,266.8676,1.047187,28.02515,0.03669076,-1
264.4207,2.407036,266.8677,359.4262,27.72555,0.9290797,-1
264.4199,2.406214,266.8663,358.6746,30.70151,359.458,-1
264.4203,2.406906,266.8669,2.052295,29.37825,0.6965407,-1
264.4204,2.406942,266.8672,2.700489,28.89964,0.7612701,-1
264.4203,2.406753,266.8669,2.074205,29.45592,0.4230158,-1
264.4213,2.406748,266.8687,0.7688472,25.75377,0.4133039,-1
264.421,2.40665,266.8681,357.8181,26.84438,0.2381461,-1
264.4204,2.406343,266.867,355.1766,29.08414,359.687,-1
264.4205,2.406484,266.8672,354.9473,28.85772,359.9405,-1
264.4204,2.407631,266.8671,353.4897,28.73328,2.008279,-1
264.4207,2.406761,266.8676,347.1401,27.92451,0.4482922,-1
264.4207,2.407266,266.8676,350.689,27.73238,1.358224,-1
264.4211,2.407807,266.8685,351.8866,25.7798,2.333122,-1
264.4214,2.407543,266.8691,355.3086,24.73813,1.843813,-1
264.4233,2.405599,266.8744,352.8215,15.09763,358.3438,-1
264.4242,2.406127,266.8865,354.5183,353.0302,359.2983,-1
264.4203,2.403841,266.898,356.1922,331.4373,355.1932,-1
264.4216,2.404185,266.8955,357.3796,336.3679,355.8161,-1
264.4224,2.40549,266.8715,0.3365706,20.31578,358.1605,-1
264.4174,2.406287,266.8625,358.7181,38.82668,359.5888,-1
264.4054,2.407662,266.8534,358.5317,65.98891,2.051237,-1
264.3905,2.407229,266.8506,357.8575,93.33543,1.275292,-1
264.389,2.408385,266.8508,0.2908991,96.10695,3.346568,-1
264.407,2.406723,266.8541,3.243524,63.03309,0.3702924,-1
264.4144,2.406219,266.8593,4.259785,46.60441,359.4644,-1
264.4167,2.406265,266.8618,4.079868,40.48515,359.548,-1
264.417,2.406491,266.8621,4.06556,39.78218,359.9539,-1
264.4178,2.406466,266.8631,3.457293,37.53217,359.909,-1
264.4188,2.406915,266.8645,1.934698,34.50195,0.7126349,-1
264.4191,2.406902,266.865,0.07636817,33.46505,0.6895551,-1
264.4209,2.406747,266.868,359.3235,27.05585,0.4114085,-1
264.4243,2.405478,266.8803,356.8098,4.174922,358.1375,-1
264.422,2.404235,266.8947,356.9221,337.9988,355.9047,-1
264.4141,2.403587,266.906,0.5890642,312.7575,354.7465,-1
264.4115,2.40174,266.9079,2.288187,306.6656,351.4073,-1
264.4063,2.40019,266.9107,3.202989,295.6246,348.5776,-1
264.403,2.401631,266.9124,3.29312,288.9651,351.2018,-1
264.419,2.405401,266.9004,358.5634,326.299,358.0011,-1
264.4244,2.405905,266.8806,354.7102,3.577883,358.8996,-1
264.4202,2.405794,266.8668,353.6604,29.81813,358.6982,-1
264.4141,2.40559,266.8591,352.8939,47.58039,358.3267,-1
264.4123,2.405441,266.8575,351.2494,51.92607,358.0506,-1
264.4135,2.40524,266.8585,351.2829,49.19542,357.6853,-1
264.4142,2.405124,266.8592,351.0627,47.39206,357.4737,-1
264.4141,2.405133,266.859,351.0531,47.83211,357.4901,-1
264.4119,2.404967,266.8573,349.536,52.94928,357.1767,-1
264.4063,2.403708,266.8539,347.2926,65.47974,354.8364,-1
264.3975,2.401271,266.8514,345.4981,83.23497,350.2514,-1
264.3906,2.401888,266.851,347.3624,95.28024,351.4739,-1
264.3846,2.404194,266.8517,349.4102,105.0541,355.7647,-1
264.3784,2.405529,266.8539,350.6186,116.2979,358.2079,-1
264.3742,2.406406,266.8563,350.5894,124.7924,359.7979,-1
264.3679,2.406651,266.8621,352.0264,140.1083,0.242231,-1
264.3641,2.406391,266.8676,352.6358,152.1664,359.7719,-1
264.3624,2.40618,266.8716,354.053,159.8881,359.3931,-1
264.3614,2.406203,266.8749,352.5834,166.1552,359.4331,-1
264.3605,2.4066,266.8804,352.7595,176.1362,0.1487327,-1
264.3618,2.406674,266.8918,353.6039,196.6705,0.2824375,-1
264.3661,2.407538,266.9008,355.54,214.4934,1.833314,-1
264.3613,2.407438,266.8902,358.6854,193.6685,1.649248,-1
264.3618,2.406387,266.8732,359.6216,162.9184,359.7666,-1
264.3683,2.405569,266.8616,359.2107,139.047,358.3025,-1
264.3757,2.405668,266.8553,357.3833,121.6382,358.4771,-1
264.3799,2.406178,266.8531,355.8292,112.9795,359.3918,-1
264.3838,2.405833,266.8518,354.9881,105.7226,358.77,-1
264.3909,2.405248,266.8506,354.903,92.90134,357.718,-1
264.3965,2.406442,266.8509,357.1924,82.64822,359.8661,-1
264.4,2.407129,266.8515,359.9106,76.26704,1.09642,-1
264.4085,2.407612,266.855,357.5733,59.65891,1.963179,-1
264.4185,2.407484,266.8641,359.8582,35.3827,1.730824,-1
264.4244,2.406541,266.8844,1.183947,356.7971,0.04218312,-1
264.4175,2.405353,266.9025,0.4551342,321.563,357.9159,-1
264.408,2.407376,266.9106,1.080963,299.0644,1.53767,-1
264.4064,2.408947,266.9113,358.2134,295.8807,4.356433,-1
264.406,2.408044,266.9115,357.775,295.0158,2.736465,-1
264.3995,2.407663,266.9138,359.7415,282.8539,2.052308,-1
264.3883,2.407628,266.9143,1.274904,262.6789,1.989762,-1
250.4193,2.407787,321.1185,1.035328,238.5714,2.275671,-1
250.4137,2.407412,321.1141,359.9402,225.8306,1.60166,-1
250.4154,2.407986,321.1156,352.1015,229.3966,2.655724,-1
250.4075,2.411279,321.1049,356.5325,205.1018,8.573225,-1
250.4049,2.408414,321.0984,357.368,193.002,3.401423,-1
250.4063,2.405449,321.103,358.7817,201.7542,358.087,-1
250.4089,2.404035,321.1081,0.93708,211.8753,355.5509,-1
250.4092,2.406447,321.1087,4.150334,213.2546,359.8738,-1
250.4079,2.407514,321.1065,7.188951,208.8073,1.800289,-1
250.4076,2.407428,321.1059,9.272653,207.6113,1.653316,-1
250.4078,2.406235,321.1063,9.769076,208.1326,359.4872,-1
250.4081,2.405458,321.1068,3.291211,208.9843,358.0999,-1
250.436,1.031517,321.0912,0,200.0017,0,exit0
250.431,2.405823,321.1443,2.992316,211.5707,358.756,-1
250.4539,2.406779,321.1817,0.5249166,212.3586,0.4691582,-1
249.9715,2.407077,320.4547,5.953816,213.3501,1.008128,-1
248.872,2.406345,318.7657,6.963567,212.4777,359.6897,-1
247.9821,2.406742,317.2787,7.110594,211.0937,0.4064447,-1
247.4399,2.406653,315.862,5.557014,210.6822,0.5660888,-1
246.7193,2.406418,314.056,4.199178,213.6036,359.8223,-1
245.9738,2.406724,312.8114,5.381822,214.3093,0.3732905,-1
244.6813,2.407097,310.9514,6.744384,216.8103,1.045462,-1
243.028,2.404817,308.5721,5.702547,216.4071,1.314785,-1
241.7267,2.407507,306.5216,4.486473,214.6159,1.779348,-1
240.7587,2.407087,304.5794,4.439181,213.5399,1.024179,-1
239.575,2.406772,302.3471,4.597678,213.7224,0.4573227,-1
238.1474,2.406748,299.9533,4.27263,213.5943,0.4148536,-1
236.5869,2.407149,297.3917,4.193911,213.6085,1.135124,-1
235.4106,2.400249,295.2734,4.733454,212.6255,2.139977,-1
233.8813,2.407588,292.5056,4.300468,212.867,1.923093,-1
232.3335,2.407196,289.5866,3.554816,213.3818,1.217438,-1
230.9248,2.405969,287.1527,4.195913,213.631,0.1957944,-1
229.3217,2.406694,284.7042,3.449533,213.9776,0.317542,-1
227.8369,2.406917,282.4061,2.843415,213.8253,0.7163984,-1
226.3794,2.407081,280.1433,3.366319,213.4359,1.077844,-1
225.0374,2.407322,278.0377,3.135514,212.8294,1.443592,-1
223.8117,2.407926,275.8277,3.590857,211.8086,2.527899,-1
222.6092,2.407835,273.4219,3.845833,212.7105,2.365904,-1
221.4289,2.407167,271.1895,4.664042,214.4926,1.168184,-1
220.3566,2.406279,269.5342,4.797036,216.0746,359.5721,-1
219.2552,2.406476,268.0123,5.277836,215.3927,359.9252,-1
217.8186,2.402128,265.9699,6.051269,214.7772,1.354955,-1
216.2664,2.407029,263.5811,5.115312,214.8925,0.9208627,-1
214.637,2.406693,261.1595,3.82038,215.7814,0.3146426,-1
213.2164,2.406883,259.1586,3.314378,215.5592,0.6566493,-1
211.8563,2.407176,257.2307,3.593219,215.2798,1.181733,-1
210.4635,2.407296,255.1438,3.856077,214.9237,1.397449,-1
208.8443,2.407238,252.703,3.141492,215.1076,1.291686,-1
207.7,2.407149,250.9331,2.595695,216.1428,1.132915,-1
206.1721,2.406895,248.8238,2.277655,216.8513,0.6765999,-1
204.6235,2.401899,246.7615,3.949835,217.5972,0.899141,-1
204.2621,1.031517,246.2373,0,200.0017,0,enter1
204.065,2.407294,246.0335,3.785494,216.8751,1.393949,-1
204.0607,2.407104,246.0268,3.390641,205.8031,1.053545,-1
204.0581,2.406773,246.0067,4.376303,168.9353,0.4597749,-1
204.0644,2.406612,245.9931,3.203573,141.7794,0.170021,-1
204.0688,2.406016,245.9885,2.60411,130.3747,359.1022,-1
204.0756,2.407415,245.9841,3.141043,115.851,1.611205,-1
204.0744,2.406994,245.9847,2.316547,118.2646,0.854736,-1
204.0716,2.406186,245.9864,4.148586,124.0734,359.405,-1
204.0713,2.407204,245.9866,6.181576,124.8935,1.236661,-1
204.0716,2.407382,245.9864,5.899605,124.243,1.556709,-1
204.0717,2.407267,245.9863,5.235603,123.9569,1.349212,-1
204.0715,2.407369,245.9864,4.636794,124.2976,1.529731,-1
204.0895,1.031517,246.0129,0,200.0017,0,exit1
204.0717,2.407124,245.9863,5.337903,123.9353,1.092049,-1
204.0698,2.407257,245.9877,4.689705,128.1831,1.32853,-1
204.2897,2.406876,245.8096,6.181484,128.0912,0.6464776,-1
206.0513,2.406924,244.4019,8.447359,128.184,1.219606,-1
207.6887,2.407834,243.0656,7.18418,129.4562,2.376504,-1
209.3843,2.404658,241.6768,6.313794,129.81,1.089535,-1
211.1313,2.406772,240.2291,5.801809,129.5088,1.136645,-1
213.3574,2.407752,238.4558,6.232457,128.028,2.224072,-1
216.1774,2.408412,236.581,5.290014,123.9884,3.408212,-1
218.0306,2.40652,235.3642,4.134265,123.731,2.776099,-1
220.3187,2.407702,233.817,5.104414,123.8899,2.130893,-1
223.2338,2.407604,231.8669,5.948149,123.5037,1.956204,-1
225.7253,2.407635,230.282,4.46488,120.8836,2.007351,-1
228.616,2.40489,228.5416,4.789546,121.1457,2.209752,-1
231.2152,2.407445,226.9698,4.554226,121.4163,1.667324,-1
234.2572,2.407384,225.109,3.768629,121.6918,1.555826,-1
236.8753,2.407473,223.4939,3.414786,121.723,1.714383,-1
239.7336,2.402616,221.722,2.922655,121.7821,1.723939,-1
242.6038,2.407482,219.9392,2.60172,122.1883,1.72974,-1
244.3736,1.031517,218.8602,0,200.0017,0,enter2
244.6377,2.407538,218.6532,4.304562,123.2325,1.833491,-1
244.6758,2.407717,218.6287,4.005233,120.9151,2.154069,-1
244.6944,2.408003,218.6243,6.908619,86.19402,2.681586,-1
244.709,2.407518,218.629,6.583839,58.40781,1.8047,-1
244.7174,2.408403,218.6367,5.135874,37.94501,3.392066,-1
244.7215,2.406933,218.6434,1.963262,23.55691,0.7458758,-1
244.7229,2.406385,218.6475,1.751427,15.70106,359.7639,-1
244.7224,2.406456,218.6459,2.368244,18.8125,359.8897,-1
244.7206,2.406556,218.6416,4.049102,27.11138,0.06899557,-1
244.7202,2.406397,218.6409,3.744853,28.46406,359.7841,-1
244.7199,2.406367,218.6403,2.907824,29.72071,359.7306,-1
244.7195,2.407082,218.6396,0.7523562,31.13921,1.011524,-1
244.6921,1.031517,218.6562,0,200.0017,0,exit2
244.72,2.407392,218.6404,3.428029,29.54686,1.568726,-1
244.7198,2.406609,218.6401,4.234179,30.22645,0.1645652,-1
244.5885,2.406911,218.4205,3.754745,31.49289,0.7064673,-1
244.6737,2.406599,218.5668,6.863538,31.39449,0.1473147,-1
244.8937,2.407004,218.9243,8.344783,32.13716,0.8806211,-1
245.5705,2.406962,219.9995,7.2764,32.20429,0.802595,-1
246.202,2.400176,221.0054,7.052256,31.87492,0.4870324,-1
247.0117,2.407165,222.329,7.16333,30.9133,1.16955,-1
248.095,2.406541,224.1316,6.450918,30.90138,0.8080397,-1
249.0159,2.407675,225.6803,6.116264,30.52564,2.086254,-1
249.9099,2.407829,227.1973,7.054412,30.12036,2.368228,-1
251.1882,2.407689,229.4173,6.311681,30.03252,2.111881,-1
252.2354,2.407991,231.2412,5.557685,29.14451,2.653047,-1
253.3102,2.408083,233.1865,5.318781,27.8806,2.816624,-1
254.1668,2.408244,234.82,5.405033,25.7223,3.107108,-1
254.9893,2.401718,236.6375,5.359412,22.10052,2.057394,-1
255.5272,2.405189,237.981,4.402823,19.1804,2.364809,-1
255.9926,2.407676,239.3592,4.349946,18.64197,2.14794,-1
256.8764,2.407773,241.8587,6.165,21.24775,2.466659,-1
258.1441,2.406872,244.9619,5.479171,24.09645,0.6390516,-1
259.4906,2.406799,247.9462,4.494543,25.04352,0.5072386,-1
260.859,2.399457,250.8922,4.634829,25.10808,1.284296,-1
262.2844,2.407073,253.9005,4.407836,25.74501,1.114458,-1
263.7848,2.399878,256.9701,3.951629,26.75906,0.9464445,-1
265.1996,2.406349,259.782,3.035071,26.65606,1.387955,-1
266.5194,2.407601,262.4175,2.746677,26.37072,1.944062,-1
268.0553,2.407578,265.5027,2.936794,26.4951,1.901981,-1
269.5272,2.407707,268.4565,2.386189,26.63083,2.133356,-1
270.5009,2.407991,270.374,0.8899224,27.39734,2.641118,-1
271.176,1.031517,271.7419,0,200.0017,0,enter0
