*Subject
7
*Layout
1
*Condition
False,True,True,False,False
*Marks
320.7076,0,256.6697
233.7607,0,233.4271
247.1794,0,183.2297
*Path
x,y,z,flag
280.5535,2.404182,253.5706,357.8025,58.89578,355.8134,-1
280.5537,2.404111,253.5707,358.593,58.29403,355.6871,-1
280.5538,2.404403,253.5708,357.0978,58.27413,356.2067,-1
280.5542,2.404691,253.571,355.9675,57.51838,356.7208,-1
280.5544,2.404709,253.5711,355.7439,57.09846,356.7516,-1
280.5543,2.404942,253.571,355.5209,57.3208,357.17,-1
280.5541,2.404849,253.5709,356.2165,57.71616,357.0063,-1
280.5539,2.4045,253.5708,356.5231,58.07143,356.3796,-1
280.5537,2.404369,253.5707,358.4445,58.38022,356.1498,-1
280.5534,2.404397,253.5705,357.815,59.07204,356.1998,-1
280.5533,2.404451,253.5705,358.2544,59.07127,356.2965,-1
280.553,2.404027,253.5703,357.9644,59.73871,355.5338,-1
280.553,2.40423,253.5703,358.0194,59.73263,355.8991,-1
280.5528,2.404134,253.5702,357.7227,60.25265,355.7262,-1
280.5528,2.404164,253.5702,357.7235,60.3597,355.7801,-1
280.553,2.404676,253.5703,358.351,59.76584,356.7005,-1
280.5528,2.404722,253.5701,358.7466,60.26891,356.7831,-1
280.5522,2.404523,253.5698,357.7907,61.55284,356.4246,-1
280.5516,2.404377,253.5695,357.3828,62.8162,356.1605,-1
280.5515,2.404393,253.5695,357.5015,63.02687,356.1911,-1
280.5513,2.404333,253.5694,357.6322,63.30512,356.0821,-1
280.5513,2.404323,253.5694,357.68,63.32396,356.0648,-1
280.5512,2.404392,253.5693,357.7462,63.58714,356.1891,-1
280.5511,2.404477,253.5693,357.6416,63.70634,356.3419,-1
280.5514,2.404705,253.5694,357.2099,63.19119,356.7495,-1
280.5511,2.404743,253.5692,357.5346,63.78465,356.8194,-1
280.551,2.404892,253.5692,357.6381,63.97338,357.0875,-1
280.5511,2.405062,253.5692,356.7979,63.71092,357.3901,-1
320.7218,2.405107,256.6411,356.7143,63.78694,357.4695,-1
320.7217,2.405114,256.641,356.6825,63.97284,357.4823,-1
320.7214,2.404948,256.6409,356.4174,64.5333,357.1841,-1
320.7214,2.405012,256.6408,356.3582,64.69485,357.2988,-1
320.7212,2.405058,256.6408,356.389,65.02183,357.3813,-1
320.7211,2.405054,256.6407,356.6519,65.26657,357.375,-1
320.7209,2.40498,256.6406,356.6699,65.59048,357.2422,-1
320.7207,2.404826,256.6405,356.6882,66.03112,356.9651,-1
320.721,2.404854,256.6407,357.1902,65.34986,357.0177,-1
320.7251,2.405276,256.6429,357.9052,57.00201,357.7758,-1
320.7309,2.404989,256.6478,357.8586,43.4369,357.2619,-1
320.7358,2.404836,256.6546,358.222,28.22055,356.9874,-1
320.7076,1.031517,256.6697,0,215,0,exit0
320.7391,2.404724,256.6641,359.5765,10.18223,356.7873,-1
320.7394,2.405129,256.6731,357.1049,354.0204,357.5118,-1
320.7501,2.405419,256.684,357.1126,340.718,358.0309,-1
320.8199,2.405003,256.7267,358.2552,326.6739,357.2873,-1
320.9254,2.404381,256.8043,358.5427,314.4054,356.1719,-1
320.9789,2.404812,256.8722,358.215,301.524,357.0905,-1
320.9776,2.404972,256.8822,358.4685,289.2416,357.696,-1
321.1232,2.404818,256.8667,357.9226,278.2679,356.9545,-1
321.2175,2.397907,256.9129,358.4606,264.4664,356.2235,-1
321.2257,2.398976,256.9129,357.0466,257.6865,355.8894,-1
321.4322,2.404675,256.9676,356.5436,250.6805,356.6937,-1
321.4448,2.404729,256.9709,354.1549,249.1153,356.7795,-1
321.446,2.404428,256.9714,355.1294,251.3986,356.243,-1
320.5687,2.404692,256.6842,356.3312,252.2545,356.7246,-1
319.5425,2.404645,256.3544,357.018,252.2788,356.6422,-1
318.7896,2.403709,256.1115,358.0844,251.4013,354.9629,-1
317.1374,2.403442,255.5511,359.0626,251.5654,354.4859,-1
315.8846,2.403217,255.1507,358.4448,253.5821,354.0785,-1
314.3027,2.402627,254.679,358.963,253.6107,353.017,-1
312.5713,2.396481,254.1687,358.9067,253.6145,353.6344,-1
310.413,2.403513,253.5246,359.5468,253.0697,354.6135,-1
308.3339,2.403542,252.898,358.6531,254.0621,354.6641,-1
306.0814,2.403268,252.2979,358.9683,257.8207,354.1719,-1
304.0032,2.402584,251.8709,359.1664,259.4127,352.939,-1
301.869,2.402164,251.4792,359.0407,259.9107,352.1814,-1
299.6449,2.396851,251.0821,359.0631,259.4316,352.6259,-1
297.4844,2.402477,250.6718,359.1221,258.7826,353.3091,-1
295.3177,2.403048,250.2385,359.0251,258.3896,353.7757,-1
293.0589,2.393691,249.7724,359.0758,257.927,353.9819,-1
290.8629,2.403124,249.2926,359.6557,256.793,353.9129,-1
288.8973,2.40279,248.8734,0.1187271,258.139,353.3109,-1
285.9887,2.403049,248.262,1.079773,257.8745,353.7762,-1
283.3527,2.402774,247.6896,1.045092,257.8217,353.2815,-1
280.3385,2.397427,247.0418,0.1141466,258.0042,352.9547,-1
277.576,2.397664,246.4581,359.5052,258.5524,352.1838,-1
274.5639,2.402498,245.8909,0.00997293,262.1326,352.7846,-1
272.4393,2.40243,245.6283,359.2644,264.1327,352.6609,-1
270.1615,2.40203,245.3958,359.0145,264.4972,351.9386,-1
267.4978,2.402111,245.1117,0.511112,263.2343,353.5002,-1
265.0965,2.403023,244.7745,0.7968944,257.5517,353.7313,-1
262.6774,2.403523,244.1381,359.7207,250.0625,354.631,-1
260.0555,2.404229,243.1499,359.6877,248.286,355.9003,-1
257.6349,2.404029,242.2004,359.2927,248.5511,355.5411,-1
255.374,2.393955,241.3365,359.132,249.7604,354.0382,-1
252.9555,2.401803,240.4465,359.4345,250.0076,353.9647,-1
250.3808,2.403356,239.512,359.3023,249.8831,354.3303,-1
248.0267,2.403584,238.6462,-0.00110585,249.5565,354.7402,-1
245.4729,2.403517,237.6928,359.582,249.5163,354.6207,-1
242.9684,2.403425,236.7561,359.4124,249.438,354.4556,-1
240.543,2.393457,235.8419,359.4799,249.2202,354.4828,-1
237.8973,2.403398,234.8347,359.5929,249.0702,354.4051,-1
235.2727,2.403166,233.8266,0.3568425,249.2676,353.9894,-1
234.4364,2.397665,233.51,359.2625,249.6846,353.5885,-1
234.4342,2.397613,233.5093,357.4941,251.4429,352.7189,-1
234.4347,2.397817,233.5095,358.5859,252.313,353.0872,-1
234.5914,2.403185,233.5597,357.8318,251.5848,354.0197,-1
234.6023,1.031517,233.5297,0,215,0,enter1
234.5918,2.40337,233.5597,357.5838,251.0161,354.3513,-1
234.5915,2.403392,233.5596,356.8207,250.6356,354.3869,-1
234.5916,2.403215,233.5597,355.5424,250.9692,354.0587,-1
234.5921,2.403194,233.5598,355.0758,251.8248,354.0175,-1
234.5918,2.403546,233.5597,355.5049,251.1761,354.6556,-1
234.5915,2.403624,233.5597,355.761,250.6421,354.7989,-1
234.5912,2.403745,233.5596,355.9774,250.1317,355.0183,-1
234.5911,2.403668,233.5595,355.8544,249.9064,354.8785,-1
234.5909,2.403821,233.5594,355.942,249.4421,355.155,-1
234.5897,2.404099,233.559,355.9215,247.1219,355.6565,-1
234.5874,2.404187,233.5579,355.5826,242.5269,355.8126,-1
234.586,2.40427,233.5571,355.2281,239.6572,355.9598,-1
234.6023,1.031517,233.5297,0,215,0,exit1
234.5839,2.404652,233.5558,356.3901,235.1045,356.6525,-1
234.5787,2.40477,233.5512,356.759,222.6947,356.8653,-1
234.5746,2.403624,233.5454,356.0825,210.0765,354.8003,-1
234.5706,2.404695,233.5338,355.2888,187.7289,356.7236,-1
234.5707,2.406147,233.5243,355.2814,170.3666,359.3364,-1
234.5714,2.40568,233.5211,355.0363,164.6461,358.4964,-1
234.567,2.404572,233.5367,354.189,163.6929,356.4978,-1
234.564,2.404682,233.5469,352.7988,164.8208,356.6867,-1
234.6817,2.405305,233.1219,354.633,164.4463,357.8203,-1
235.5758,2.405554,229.9508,356.9965,164.6346,358.2736,-1
236.2932,2.404853,227.2461,356.7716,165.7127,357.0152,-1
236.9592,2.404496,224.5231,356.2516,167.2482,356.3709,-1
237.4991,2.404595,222.167,356.9053,167.1825,356.5519,-1
238.1427,2.404832,219.3643,357.4517,166.8397,356.9794,-1
238.7373,2.403068,216.8312,357.2471,166.7649,356.9452,-1
239.3461,2.404753,214.2619,357.5218,166.6199,356.8369,-1
240.0104,2.404696,211.486,357.8478,166.1159,356.7346,-1
240.8163,2.4048,208.2432,358.2534,165.7399,356.9231,-1
241.6039,2.400517,205.1339,357.9991,165.7406,356.5525,-1
242.3645,2.404454,202.1346,357.7792,165.6925,356.3012,-1
243.1652,2.403465,198.9964,358.1061,165.5304,356.3692,-1
243.9212,2.404476,196.0668,358.4528,165.4186,356.3412,-1
244.7388,2.40462,192.9461,358.6167,165.075,356.6006,-1
245.5501,2.404416,189.9019,359.065,165.126,356.2356,-1
246.3932,2.40407,186.7428,0.165491,164.8963,355.6145,-1
247.1064,2.398839,184.1432,0.5186711,164.3078,354.2578,-1
247.2715,2.403584,183.5561,0.2692645,163.802,354.7402,-1
247.272,2.40366,183.5539,359.5653,163.2347,354.8781,-1
247.2722,2.403786,183.5532,358.2765,162.098,355.1017,-1
247.2723,2.403633,183.553,358.4669,161.813,354.8266,-1
247.3025,1.031517,183.5631,0,215,0,enter2
247.2723,2.403698,183.553,358.42,161.6558,354.9447,-1
247.2724,2.403721,183.5527,358.3283,161.1096,354.9854,-1
247.2728,2.403717,183.5514,357.9861,158.7594,354.9767,-1
247.2747,2.404451,183.5473,358.3772,150.5081,356.2962,-1
247.2791,2.405022,183.5413,359.1881,137.1354,357.3214,-1
247.2819,2.403257,183.5388,358.318,130.5833,354.15,-1
247.281,2.402915,183.5397,358.5238,132.8497,353.5335,-1
247.2815,2.403807,183.5391,359.9203,131.1778,355.1426,-1
247.2855,2.404364,183.5361,0.4748101,122.2083,356.1411,-1
247.2912,2.404241,183.5332,0.009263658,110.8621,355.921,-1
247.2955,2.404643,183.5319,0.1796332,102.7093,356.6428,-1
247.3042,2.405136,183.5312,0.3670256,86.93636,357.5259,-1
247.3025,1.031517,183.5631,0,215,0,exit2
247.3368,2.406052,183.3958,359.6236,76.26405,359.1679,-1
247.3497,2.405074,183.3482,359.0285,72.74667,357.415,-1
247.3583,2.404438,183.3356,358.0947,65.20194,356.2722,-1
247.3623,2.405088,183.3378,358.3922,56.83992,357.4391,-1
247.69,2.40495,183.5589,0.4976353,56.30062,357.1924,-1
249.4744,2.405499,184.7039,2.050174,58.46976,358.1749,-1
251.4696,2.405306,185.9229,2.526499,58.68179,357.8295,-1
253.4909,2.39897,187.1529,2.526499,58.68179,357.8295,-1
254.7229,2.404793,187.8971,1.620487,67.70589,356.9109,-1
255.8514,2.404499,188.3437,1.317725,70.25015,356.3837,-1
257.5022,2.404499,188.8891,0.3221101,74.45815,356.3841,-1
259.779,2.404446,189.53,0.7723889,75.16418,356.3374,-1
262.9081,2.404937,190.3386,0.07718703,75.68882,357.1704,-1
265.5308,2.405264,191.0153,359.7092,74.87873,357.7552,-1
268.3937,2.405226,191.7972,359.8203,74.43948,357.6881,-1
271.3091,2.405083,192.6121,0.0818004,74.59378,357.4315,-1
274.428,2.404487,193.4514,359.8629,75.83176,356.4313,-1
277.4629,2.40477,194.2072,0.316193,76.24029,356.8703,-1
280.2054,2.40477,194.8787,0.316193,76.24029,356.8703,-1
282.9295,2.404963,195.5457,0.6770344,76.1252,357.2156,-1
285.7213,2.404943,196.2339,1.129986,76.17083,357.1792,-1
288.6482,2.395011,196.9515,1.642337,76.39717,356.7961,-1
291.656,2.404432,197.6759,1.303872,76.71015,356.2625,-1
294.6035,2.404307,198.3704,1.389074,76.81622,356.0392,-1
297.735,2.403546,199.1031,1.407877,76.7359,356.0631,-1
300.6809,2.404316,199.7946,1.428999,76.73885,356.0541,-1
303.9092,2.404343,200.5535,1.265092,76.61787,356.1032,-1
307.1424,2.404392,201.3238,1.111378,76.55617,356.1917,-1
310.487,2.401261,202.1275,0.7545497,76.51384,355.961,-1
313.8238,2.404142,202.9254,0.8053943,76.71437,355.7433,-1
317.0744,2.404139,203.694,0.8662815,76.68491,355.7381,-1
320.4144,2.395178,204.487,0.7244284,76.56512,355.8439,-1
323.5318,2.404198,205.2314,0.7244284,76.56512,355.8439,-1
326.7216,2.404198,205.9934,0.7244279,76.5651,355.8439,-1
328.4156,2.398629,206.4123,0.6474482,73.99307,356.0802,-1
328.4728,2.402634,206.4276,359.8596,71.1348,356.9043,-1
328.4737,2.403123,206.4278,0.1723537,69.61485,357.773,-1
328.4739,2.402438,206.4279,0.03826305,69.27138,356.5439,-1
328.4626,1.029367,206.4578,0,215,0,enter0
