*Subject
15
*Layout
2
*Condition
True,True,True,True,False
*Marks
248.4516,0,183.8911
202.0551,0,221.9333
211.8037,0,281.1347
*Path
x,y,z,flag
172.8605,2.404319,230.8693,4.586784,210.6322,358.4425,-1
172.8612,2.404464,230.8703,1.133619,213.1629,358.7003,-1
172.8614,2.405595,230.8706,358.8799,213.7314,0.7257152,-1
172.8614,2.405447,230.8706,357.2095,213.75,0.4609838,-1
172.8615,2.405207,230.8708,357.1227,214.2825,0.03155326,-1
172.8625,2.40508,230.8722,356.8933,217.2277,359.8033,-1
172.8626,2.405306,230.8723,357.2873,217.5284,0.2085999,-1
172.8626,2.405114,230.8723,358.1771,217.553,359.8643,-1
172.8634,2.405522,230.8733,359.0898,219.7296,0.5946577,-1
172.8673,2.406507,230.8772,0.0817584,229.7942,2.358219,-1
172.8737,2.405706,230.8814,357.9742,243.4263,0.9254596,-1
172.875,2.406139,230.882,358.1164,245.9507,1.70003,-1
172.8748,2.40678,230.8819,357.8402,245.5519,2.849201,-1
172.875,2.407053,230.882,357.4622,245.9818,3.342319,-1
172.8772,2.406979,230.8829,356.3175,250.0329,3.211169,-1
172.8785,2.407058,230.8833,356.5222,252.528,3.352713,-1
172.8787,2.407119,230.8834,357.1522,253.0356,3.460201,-1
172.8788,2.406271,230.8835,0.6546144,253.4471,1.935254,-1
172.8867,2.4048,230.8848,8.16937,267.646,359.295,-1
172.8923,2.404052,230.8845,7.279896,277.4914,357.945,-1
172.8977,2.404992,230.8833,8.946056,287.6032,359.6409,-1
172.9025,2.404497,230.8813,12.90145,296.7561,358.728,-1
172.9146,2.402672,230.8704,10.92954,325.6066,355.4036,-1
172.9194,2.402916,230.8584,348.4904,350.7458,355.8415,-1
172.9197,2.401075,230.8518,0.9513648,1.604387,352.6113,-1
172.9195,2.402758,230.8476,16.04788,8.089933,355.4639,-1
172.9192,2.403325,230.8462,19.72475,10.68771,356.4497,-1
172.9197,2.403029,230.8493,21.68587,4.776083,355.8327,-1
172.9197,2.403622,230.8492,23.82551,5.171683,356.9297,-1
172.9196,2.404351,230.8478,26.85749,8.236809,358.3155,-1
172.9196,2.404178,230.8481,30.11047,7.435151,357.9048,-1
172.9196,2.403594,230.8482,26.32242,6.877947,356.81,-1
172.9196,2.404576,230.8478,25.10444,8.549063,358.787,-1
172.9194,2.404375,230.8468,24.13375,10.19537,358.4007,-1
248.4826,2.406066,183.8835,19.74965,13.54003,359.1426,-1
248.4828,2.406413,183.884,18.97553,12.74117,359.8028,-1
248.4827,2.406019,183.8836,18.05972,13.39006,359.0611,-1
248.4831,2.406091,183.8858,16.6621,9.337096,359.2045,-1
248.4831,2.406178,183.8858,16.88792,9.371142,359.3652,-1
248.4831,2.40632,183.8856,17.92823,9.878767,359.6283,-1
248.4829,2.406491,183.8848,17.57141,11.38054,359.9504,-1
248.483,2.406392,183.8849,16.63616,11.1778,359.7669,-1
248.4826,2.406711,183.8833,16.79183,14.30361,0.3627605,-1
248.4826,2.406792,183.8831,17.06191,14.59204,0.5150214,-1
248.4817,2.405416,183.8804,15.75951,19.14153,357.9523,-1
248.4805,2.40603,183.8775,12.60755,25.03751,359.106,-1
248.4516,1.031517,183.8911,0,320,0,exit0
248.4824,2.406495,183.8826,10.98775,15.44454,359.9594,-1
248.4829,2.406933,183.8976,8.924549,348.4127,0.7536346,-1
248.4782,2.406914,183.9088,7.774705,326.5388,0.7166776,-1
248.4746,2.406906,183.9134,7.132293,316.0901,0.7023995,-1
248.4482,2.406533,183.937,7.796182,311.0063,0.02891435,-1
248.3473,2.398176,184.0252,9.325128,310.67,359.7573,-1
248.0155,2.405787,184.3281,13.01317,313.8302,358.6595,-1
247.1981,2.405491,185.1077,16.29402,314.0318,358.0857,-1
246.2757,2.405278,186.0034,16.63972,314.6451,357.6842,-1
245.4593,2.405068,186.8087,17.10067,314.6602,357.2842,-1
244.4295,2.40387,187.839,17.49217,315.7155,357.5085,-1
243.5943,2.405346,188.6987,17.37542,316.0883,357.802,-1
242.5205,2.404881,189.8209,17.83257,316.8297,358.1853,-1
241.6045,2.405743,190.8036,17.75868,317.3413,358.5437,-1
240.6934,2.405802,191.7972,17.77478,317.8021,358.6548,-1
239.526,2.405876,193.0908,17.95923,318.1775,358.7924,-1
238.5375,2.40597,194.1963,17.94384,318.2462,358.9702,-1
237.3316,2.406045,195.5501,17.87287,318.2835,359.1289,-1
236.2421,2.406146,196.7681,18.20956,318.355,359.2995,-1
235.2378,2.406435,197.8918,17.7181,317.6524,359.8466,-1
234.2145,2.406747,198.9997,18.00718,316.1448,0.4336358,-1
233.1591,2.401151,200.062,18.60912,313.3091,0.2578025,-1
231.4943,2.406241,201.6311,19.27835,313.4458,0.871744,-1
230.5801,2.398101,202.4819,19.46106,310.885,359.6641,-1
229.4099,2.407299,203.4722,20.08371,309.0844,1.489714,-1
227.9089,2.407222,204.6622,21.75139,308.3135,1.359512,-1
226.423,2.40694,205.8377,21.23927,308.6342,0.8137009,-1
224.7241,2.397893,207.2046,20.59535,309.2023,0.773944,-1
223.3096,2.406917,208.354,20.49884,309.2868,0.7644975,-1
221.6017,2.407123,209.7456,20.14941,309.3502,1.15506,-1
219.9229,2.407219,211.1024,19.99366,309.0469,1.338531,-1
218.4276,2.407284,212.2915,19.99114,308.2805,1.461711,-1
216.7296,2.407466,213.6185,19.911,307.9313,1.807313,-1
215.2126,2.407589,214.7209,20.00155,307.5194,2.043316,-1
213.3502,2.407646,216.0756,19.6855,306.7449,2.146876,-1
211.516,2.407789,217.321,19.72851,306.5961,2.420285,-1
209.7426,2.407701,218.4908,19.53806,306.7235,2.250099,-1
207.8106,2.399752,219.6616,18.74686,306.8813,2.164683,-1
206.1357,2.40378,220.8239,17.07473,307.412,2.064369,-1
204.5461,1.031517,221.8975,0,320,0,enter1
204.3774,2.40438,222.0372,14.49728,308.1589,1.402489,-1
204.3241,2.40696,222.0693,12.37337,309.5309,0.811204,-1
204.3301,2.405525,222.0628,8.805445,324.8288,358.2017,-1
204.3333,2.405787,222.057,6.197324,336.8911,358.6844,-1
204.3326,2.406457,222.0587,6.995748,333.7464,359.8922,-1
204.3319,2.40625,222.06,7.149439,331.1001,359.5192,-1
204.3318,2.406397,222.0602,6.781231,330.7255,359.7828,-1
204.3318,2.405572,222.0602,4.016417,330.6383,358.3032,-1
204.3318,2.405375,222.0601,3.285769,330.8002,357.951,-1
204.3316,2.405746,222.0605,2.468566,329.9952,358.6182,-1
204.3313,2.406238,222.061,3.145098,329.0744,359.5,-1
204.3313,2.406228,222.0609,2.848511,329.2372,359.482,-1
204.3314,2.406379,222.0609,2.93202,329.3069,359.7518,-1
204.3038,1.031517,222.0446,0,320,0,exit1
203.4159,2.402764,223.7007,3.97098,339.502,359.0535,-1
202.8815,2.404697,225.8302,7.382526,1.124462,356.7118,-1
202.7835,2.40376,226.5179,9.321529,9.646404,354.9922,-1
202.8878,2.401174,227.3503,8.435814,11.96298,357.1392,-1
203.1041,2.40496,228.4151,11.36097,11.54277,357.1548,-1
203.3783,2.405323,229.8998,13.77549,9.464038,357.7978,-1
203.7085,2.405756,231.876,13.41964,9.047005,358.5983,-1
203.9952,2.405916,233.7157,13.84422,8.877297,358.8925,-1
204.2899,2.400543,235.6036,14.58732,8.942016,358.3313,-1
204.5711,2.399518,237.3759,14.53562,9.292709,357.9889,-1
204.8891,2.399365,239.3309,14.82719,9.011385,358.1911,-1
205.2064,2.396436,241.3823,14.69467,8.33124,358.7785,-1
205.4792,2.406029,243.2982,14.62874,7.833331,359.0968,-1
205.7505,2.406021,245.2921,14.41644,7.778236,359.0828,-1
206.0186,2.406069,247.278,14.46327,7.762191,359.1721,-1
206.2982,2.402517,249.3145,14.53812,8.050385,359.1265,-1
206.5824,2.406079,251.3345,14.56561,8.064367,359.1895,-1
206.857,2.40598,253.2625,14.51733,8.198682,359.0067,-1
207.1491,2.39847,255.2827,14.87122,8.369869,358.9608,-1
207.459,2.40588,257.3702,15.08381,8.563042,358.8182,-1
207.7478,2.405947,259.2882,14.85713,8.561225,358.9441,-1
208.0485,2.405967,261.2639,14.86064,8.710629,359.1349,-1
208.3432,2.406029,263.1764,14.92845,8.709934,359.0961,-1
208.6678,2.405357,265.3078,14.87299,8.69986,359.0486,-1
208.9781,2.405937,267.319,14.99477,8.881828,358.924,-1
209.2902,2.405863,269.3557,14.93678,9.02794,358.7878,-1
209.5979,2.405888,271.2717,14.92224,9.445835,358.8333,-1
209.9242,2.405764,273.2432,14.92168,9.484861,358.6041,-1
210.246,2.405573,275.1598,14.76054,9.748083,358.2522,-1
210.5871,2.405442,277.139,14.29603,9.868097,358.0132,-1
210.8443,1.031517,278.7964,0,320,0,enter2
210.897,2.40531,278.9116,13.39399,10.01067,357.7769,-1
210.9212,2.405235,279.0493,12.66654,10.34449,357.6459,-1
210.9213,2.405422,279.0497,12.06875,9.977057,357.9953,-1
210.9214,2.405552,279.0501,10.93989,9.261235,358.2404,-1
210.9214,2.405842,279.0503,10.91721,9.061966,358.7694,-1
210.9214,2.406096,279.0504,10.91164,8.886253,359.2318,-1
210.9209,2.406586,279.0478,9.923517,13.79539,0.1251358,-1
210.9168,2.407308,279.0383,7.175538,32.65139,1.426975,-1
210.9134,2.407072,279.0338,6.678324,42.75421,1.000282,-1
210.9134,2.407072,279.0338,6.678324,42.75421,1.000282,-1
210.9134,2.407072,279.0338,6.678324,42.75421,1.000282,-1
210.9136,2.406689,279.0341,6.205369,41.92099,0.3103227,-1
210.9141,2.40683,279.0346,6.121497,40.7708,0.5627313,-1
210.8898,1.031517,279.0555,0,320,0,exit2
211.3048,2.405317,279.4741,7.832945,48.60909,357.8313,-1
212.23,2.403835,280.0316,9.064174,78.32961,355.1318,-1
212.4154,2.403767,280.4541,9.079216,79.3906,355.0078,-1
212.3187,2.403767,281.1656,9.079219,79.39062,355.0078,-1
212.2906,2.4044,281.4505,10.66809,82.51403,356.1393,-1
212.4293,2.404436,281.6778,12.70004,92.64864,356.178,-1
212.7321,2.405527,281.7577,14.44575,103.1489,358.1698,-1
213.0361,2.404994,281.9611,14.1408,106.3096,357.1878,-1
213.514,2.405052,281.8526,16.03969,104.3682,357.2733,-1
214.7953,2.405631,281.5202,16.53048,104.1248,358.3444,-1
216.0329,2.405694,281.2058,16.09399,104.0885,358.4662,-1
217.3467,2.402984,280.8767,16.17733,104.0112,358.8884,-1
218.7864,2.403905,280.5168,16.07672,104.0172,358.8063,-1
220.1391,2.405806,280.1826,16.20892,103.7084,358.6741,-1
221.5924,2.405951,279.8291,16.04746,103.72,358.9451,-1
223.0529,2.405932,279.469,15.68846,103.9602,358.9125,-1
224.5307,2.40591,279.1046,15.59216,103.8119,358.8711,-1
226.0216,2.405801,278.734,15.82454,104.0636,358.669,-1
227.5053,2.399846,278.3614,16.26916,104.1908,358.5366,-1
228.9454,2.405637,277.9958,16.20767,104.3657,358.3593,-1
230.393,2.40561,277.6259,16.08589,104.293,358.309,-1
231.8353,2.405608,277.2586,16.23694,104.3304,358.3046,-1
233.3721,2.405602,276.8665,16.30403,104.2764,358.2933,-1
234.9855,2.405512,276.4556,16.41514,104.3253,358.1236,-1
236.586,2.405525,276.0481,16.4749,104.3437,358.147,-1
238.1782,2.405537,275.6393,16.47229,104.4875,358.1699,-1
239.7508,2.405504,275.2341,16.57899,104.3928,358.1065,-1
241.2499,2.403173,274.8494,16.53838,104.4905,357.9314,-1
242.8097,2.400945,274.4496,16.63379,104.2125,357.8726,-1
244.4275,2.405481,274.0438,16.64459,103.792,358.0642,-1
245.9783,2.405453,273.6629,17.01044,103.5891,358.0066,-1
247.7338,2.395778,273.2387,17.36838,103.4965,357.7579,-1
249.6014,2.405129,272.7888,17.55933,103.5607,357.3919,-1
251.3163,2.404976,272.3726,17.62571,103.5345,357.103,-1
253.0225,2.405093,271.9598,17.84554,103.5535,357.3198,-1
254.7199,2.395352,271.5521,17.95718,103.3664,357.5228,-1
256.4675,2.404258,271.1374,17.75243,103.2826,357.6309,-1
258.2903,2.405249,270.7101,17.59788,103.0662,357.6171,-1
260.1844,2.40517,270.2717,17.55232,102.9399,357.4692,-1
261.9974,2.402576,269.8575,17.75684,102.8807,357.3545,-1
263.9504,2.405186,269.4121,17.8666,102.7145,357.495,-1
265.7981,2.405236,268.9972,17.80741,102.5206,357.5912,-1
267.7006,2.40185,268.581,17.07466,101.6732,357.476,-1
269.6636,2.405034,268.1931,12.01541,99.52042,357.2841,-1
271.3429,2.406477,267.9436,6.844474,95.17118,359.9278,-1
271.9381,1.031517,267.9217,0,320,0,enter0
