*Subject
2
*Layout
1
*Condition
True,True,True,True,False
*Marks
319.6251,0,324.4778
233.1924,0,299.3904
247.6762,0,249.4899
*Path
x,y,z,flag
209.0547,2.399619,220.3621,4.469982,278.0177,355.3745,-1
209.0524,2.400271,220.3624,6.400202,273.9025,356.5386,-1
209.0494,2.402118,220.3625,8.654537,268.8698,359.8679,-1
209.0469,2.403685,220.3624,8.862409,264.8369,2.706923,-1
209.0433,2.404539,220.3618,8.922869,258.5264,4.258241,-1
209.0432,2.404195,220.3618,9.117856,258.3057,3.635729,-1
209.0441,2.403938,220.362,9.438905,259.8729,3.172804,-1
209.0443,2.403746,220.362,9.34913,260.2472,2.821801,-1
209.0399,2.401587,220.3609,9.713869,251.3385,358.9018,-1
209.0389,2.401285,220.3606,8.569395,249.4247,358.3581,-1
209.0391,2.401456,220.3607,9.866633,249.8945,358.6643,-1
209.0395,2.401461,220.3608,9.570965,250.6445,358.6732,-1
209.0396,2.401381,220.3608,9.497878,250.8457,358.5287,-1
209.0398,2.401077,220.3609,8.058464,251.169,357.9836,-1
209.0397,2.40082,220.3608,7.047541,250.9789,357.5256,-1
209.0406,2.400926,220.3611,6.410541,252.5921,357.7197,-1
209.0454,2.401515,220.3622,5.968584,261.6642,358.7817,-1
209.0457,2.401106,220.3622,5.617661,262.0934,358.0479,-1
209.0457,2.40079,220.3622,5.067187,261.9872,357.4807,-1
209.0449,2.399247,220.362,358.5519,260.9682,354.7193,-1
209.0444,2.398582,220.3618,357.122,260.2255,353.5145,-1
209.0438,2.398812,220.3618,355.7725,259.2142,353.9221,-1
209.0441,2.398351,220.3618,355.459,259.7444,353.0862,-1
209.0436,2.398972,220.3617,358.0434,258.5337,354.223,-1
209.0431,2.40083,220.3618,6.056266,257.3036,357.5488,-1
209.0396,2.40098,220.3608,7.59364,250.7149,357.8128,-1
209.0398,2.398577,220.3607,8.373827,250.2797,353.444,-1
209.0368,2.394798,220.3587,10.23647,242.3682,346.4216,-1
209.034,2.39414,220.3571,5.355465,237.5268,345.3618,-1
209.0324,2.396806,220.3567,2.77761,235.5095,350.2992,-1
209.0335,2.399577,220.3578,2.601428,238.6416,355.309,-1
209.0345,2.399879,220.3584,1.888781,240.7387,355.8531,-1
209.0364,2.399092,220.3593,1.31349,244.5117,354.4415,-1
209.0378,2.398743,220.36,2.739838,247.2141,353.8069,-1
209.0381,2.399092,220.3601,3.71793,247.6718,354.4304,-1
209.0381,2.399228,220.3601,4.600876,247.6875,354.6685,-1
209.0382,2.399314,220.3602,4.537915,247.8126,354.8259,-1
209.0383,2.399209,220.3602,4.061798,248.1072,354.6397,-1
209.0384,2.399179,220.3602,4.00116,248.2823,354.5842,-1
209.0385,2.399128,220.3603,3.89923,248.4047,354.4942,-1
209.0385,2.399095,220.3603,3.804978,248.5299,354.4351,-1
209.0386,2.399038,220.3603,3.779078,248.6371,354.3336,-1
209.0386,2.399072,220.3603,3.640312,248.6119,354.3955,-1
209.0386,2.399087,220.3603,3.476224,248.7359,354.4227,-1
209.0386,2.399158,220.3603,3.264395,248.6617,354.5509,-1
209.0365,2.399988,220.3595,2.904188,244.736,356.0476,-1
209.0296,2.401601,220.3552,2.072229,230.4414,358.9415,-1
209.0299,2.401343,220.3555,3.380198,231.0224,358.4775,-1
209.0314,2.401095,220.3565,4.740749,234.1643,358.0293,-1
209.032,2.401075,220.357,5.031274,235.601,357.9933,-1
209.0321,2.400949,220.3571,4.98469,235.8462,357.7669,-1
209.0321,2.401291,220.3571,5.117112,235.8113,358.3807,-1
209.0322,2.40133,220.3571,5.07703,235.9388,358.4518,-1
209.0331,2.400893,220.3577,5.486153,237.8735,357.6637,-1
209.0365,2.400374,220.3595,6.989279,244.517,356.7205,-1
209.0368,2.400484,220.3596,6.318491,245.2144,356.9225,-1
209.0356,2.400211,220.3591,8.959133,242.6974,356.4075,-1
209.0371,2.39971,220.3598,9.595428,245.4795,355.4902,-1
209.0371,2.399638,220.3597,10.12255,245.3881,355.3516,-1
209.0387,2.399373,220.3604,14.60209,247.9541,354.7784,-1
209.0409,2.401338,220.3612,15.94992,253.0925,358.4098,-1
209.0409,2.402135,220.3612,15.4437,253.527,359.8958,-1
209.0402,2.401952,220.361,14.14449,252.0699,359.5588,-1
209.0376,2.400355,220.36,14.08112,246.4071,356.6079,-1
209.037,2.401809,220.3598,20.37192,245.823,359.2704,-1
209.037,2.401827,220.3598,19.58888,245.7453,359.3069,-1
209.0375,2.402017,220.36,16.01058,246.8925,359.6754,-1
209.0369,2.402109,220.3597,15.19285,245.7388,359.8476,-1
209.0369,2.402021,220.3598,15.18307,245.7684,359.6844,-1
209.037,2.40178,220.3598,14.14939,245.8048,359.2411,-1
209.0373,2.402339,220.3599,14.11391,246.5958,0.2728722,-1
209.0378,2.40216,220.3601,16.14161,247.5582,359.9421,-1
209.037,2.401868,220.3598,19.98792,245.7358,359.3844,-1
209.0372,2.401715,220.3599,19.02974,246.0584,359.097,-1
209.0383,2.401268,220.3603,23.84609,247.7731,358.1912,-1
209.0397,2.401079,220.3608,20.8241,250.5443,357.8687,-1
209.041,2.401719,220.3613,10.81236,253.5452,359.1385,-1
209.0395,2.400398,220.3607,9.874018,250.168,356.7397,-1
209.043,2.399095,220.3616,14.70369,255.8774,354.2591,-1
209.039,2.400913,220.3606,11.87951,249.3929,357.6595,-1
209.04,2.406703,220.3606,25.84545,255.494,9.012074,-1
209.0426,2.403127,220.3617,22.30656,257.2188,1.810664,-1
209.0476,2.400756,220.3624,26.87642,264.3304,357.1175,-1
209.0528,2.406872,220.3621,28.77188,279.7146,9.606756,-1
209.0534,2.413922,220.3601,12.95638,281.8126,22.09522,-1
209.0754,2.400878,220.3499,358.6113,322.7184,357.6483,-1
209.0774,2.395368,220.3456,8.672969,329.3997,347.5427,-1
209.078,2.392068,220.3423,14.1513,332.5279,340.9596,-1
209.079,2.389292,220.3348,21.94765,341.4715,334.2404,-1
209.0818,2.398424,220.3315,9.823357,357.0452,353.1375,-1
209.0794,2.393263,220.3217,22.7762,9.828765,342.3856,-1
209.0804,2.39665,220.3223,19.48459,11.59255,349.4163,-1
209.0813,2.401518,220.3239,16.42153,11.74714,358.7426,-1
209.0753,2.403411,220.3109,10.56005,38.2514,2.22175,-1
209.071,2.40385,220.3065,7.879076,49.33554,2.999568,-1
209.0711,2.40384,220.3065,6.656899,49.14362,2.973567,-1
209.071,2.403886,220.3065,6.632663,49.16566,3.055315,-1
209.071,2.403889,220.3065,6.676874,49.22021,3.061874,-1
209.0708,2.403807,220.3063,6.896454,49.69737,2.915292,-1
209.0707,2.40383,220.3062,6.660319,49.96203,2.954922,-1
209.0707,2.403849,220.3062,6.648501,49.98256,2.988612,-1
209.0707,2.403869,220.3062,6.611726,50.00681,3.024705,-1
209.0707,2.40388,220.3062,6.631128,50.03944,3.046014,-1
209.0707,2.403911,220.3062,6.554732,50.06008,3.100838,-1
209.0707,2.403925,220.3062,6.532181,50.07837,3.125409,-1
209.0707,2.403931,220.3062,6.521148,50.08516,3.1366,-1
209.0706,2.403931,220.3062,6.567783,50.11071,3.136814,-1
209.0706,2.403939,220.3062,6.543392,50.12631,3.152065,-1
209.0706,2.403947,220.3062,6.513199,50.144,3.166163,-1
209.0706,2.403948,220.3062,6.509461,50.16252,3.167634,-1
209.0706,2.40395,220.3062,6.501984,50.17929,3.171395,-1
209.0706,2.403952,220.3062,6.531218,50.19814,3.1752,-1
209.0706,2.403961,220.3062,6.512795,50.20879,3.190931,-1
209.0706,2.403967,220.3061,6.465313,50.22459,3.201886,-1
209.0706,2.403969,220.3061,6.418827,50.24131,3.205024,-1
209.0706,2.403964,220.3061,6.403889,50.25947,3.195131,-1
209.0706,2.403964,220.3061,6.421441,50.27594,3.194961,-1
209.0706,2.403974,220.3061,6.314258,50.2785,3.213639,-1
209.0706,2.403974,220.3061,6.305108,50.29383,3.213035,-1
209.0706,2.403976,220.3061,6.304866,50.3107,3.216025,-1
209.0706,2.403981,220.3061,6.257515,50.3223,3.224964,-1
209.0705,2.403981,220.3061,6.25614,50.33504,3.225487,-1
209.0705,2.403986,220.3061,6.214179,50.34954,3.233163,-1
209.0705,2.403992,220.3061,6.195151,50.35135,3.244494,-1
209.0705,2.403992,220.3061,6.193254,50.36142,3.245275,-1
209.0705,2.403994,220.3061,6.175302,50.36737,3.248351,-1
209.0705,2.403996,220.3061,6.173309,50.38115,3.251536,-1
209.0705,2.403994,220.3061,6.182662,50.38947,3.248265,-1
209.0705,2.404002,220.3061,6.118454,50.39803,3.262446,-1
209.0705,2.404006,220.3061,6.093109,50.4137,3.268854,-1
209.0705,2.404005,220.3061,6.107198,50.42306,3.267109,-1
209.0705,2.404007,220.3061,6.091581,50.43615,3.272178,-1
209.0705,2.40401,220.3061,6.086236,50.44493,3.276792,-1
209.0705,2.404009,220.3061,6.091814,50.45289,3.27422,-1
209.0705,2.404007,220.306,6.080413,50.4693,3.272315,-1
209.0705,2.404011,220.306,6.060777,50.48024,3.278427,-1
209.0705,2.404007,220.306,6.089547,50.48806,3.271038,-1
209.0705,2.40401,220.306,6.067736,50.5057,3.276327,-1
209.0705,2.404013,220.306,6.041319,50.51255,3.281278,-1
209.0705,2.40401,220.306,6.062733,50.52132,3.277194,-1
209.0705,2.404012,220.306,6.057328,50.52848,3.27987,-1
209.0705,2.404008,220.306,6.064484,50.53061,3.272732,-1
209.0704,2.40401,220.306,6.046764,50.54048,3.27615,-1
209.0704,2.404006,220.306,6.061996,50.54369,3.269484,-1
209.0704,2.404004,220.306,6.04616,50.54496,3.264834,-1
209.0704,2.404001,220.306,6.07634,50.55483,3.25941,-1
209.0704,2.40401,220.306,6.026073,50.55972,3.275527,-1
209.0704,2.404008,220.306,6.03168,50.57035,3.27237,-1
209.0704,2.404007,220.306,6.058656,50.57801,3.271,-1
209.0704,2.404009,220.306,6.033887,50.58365,3.27508,-1
209.0704,2.404006,220.306,6.025229,50.59132,3.269973,-1
209.0704,2.404006,220.306,6.027515,50.60067,3.268999,-1
209.0704,2.404008,220.306,6.043417,50.61227,3.272096,-1
209.0704,2.404008,220.306,6.033548,50.62282,3.272607,-1
209.0704,2.404012,220.306,6.031401,50.623,3.280522,-1
209.0704,2.404016,220.306,6.014678,50.6224,3.286642,-1
209.0704,2.404013,220.306,6.050278,50.6325,3.28156,-1
209.0704,2.404011,220.306,6.032702,50.63423,3.278174,-1
209.0704,2.404011,220.306,6.037498,50.63582,3.27755,-1
209.0704,2.40401,220.306,6.049835,50.64082,3.276793,-1
209.0704,2.404011,220.306,6.035763,50.64365,3.278581,-1
209.0704,2.404011,220.306,6.047534,50.64141,3.277717,-1
209.0704,2.404011,220.306,6.01393,50.64794,3.278431,-1
209.0704,2.404012,220.306,6.032266,50.64906,3.279989,-1
209.0704,2.404015,220.306,6.024717,50.65187,3.285043,-1
209.0704,2.404022,220.306,6.003159,50.6554,3.297177,-1
209.0704,2.404019,220.306,6.042337,50.66496,3.291873,-1
209.0704,2.404025,220.306,6.006699,50.66427,3.302353,-1
209.0704,2.404022,220.306,6.025128,50.66623,3.297165,-1
209.0704,2.40402,220.306,6.025765,50.66557,3.294034,-1
209.0704,2.404017,220.306,6.016919,50.66414,3.28915,-1
209.0704,2.404017,220.306,6.020788,50.66816,3.288224,-1
209.0704,2.404023,220.306,6.015828,50.67658,3.299942,-1
209.0704,2.404021,220.306,5.995893,50.67719,3.296405,-1
209.0704,2.404017,220.306,6.01679,50.68364,3.289066,-1
209.0704,2.404019,220.306,6.004615,50.6935,3.292117,-1
209.0704,2.404018,220.306,6.002426,50.69687,3.290433,-1
209.0704,2.404015,220.306,6.027363,50.70466,3.285771,-1
209.0704,2.404022,220.306,5.9743,50.70877,3.298295,-1
209.0704,2.404024,220.3059,5.962039,50.72014,3.300234,-1
209.0704,2.404036,220.3059,5.982054,50.73218,3.322086,-1
209.0704,2.404039,220.3059,6.042756,50.75014,3.328294,-1
209.0704,2.404041,220.3059,6.047764,50.75649,3.331877,-1
209.0704,2.404038,220.3059,6.072722,50.76751,3.327824,-1
209.0704,2.404049,220.3059,6.045324,50.77486,3.347281,-1
209.0704,2.404045,220.3059,6.058444,50.78316,3.34023,-1
209.0703,2.404043,220.3059,6.166331,50.79638,3.33695,-1
209.0703,2.404052,220.3059,6.116208,50.8063,3.352911,-1
209.0703,2.403991,220.3059,6.24556,50.81739,3.243238,-1
209.0703,2.403968,220.3059,6.251195,50.81218,3.201391,-1
209.0703,2.403978,220.3059,6.175189,50.81545,3.218921,-1
209.0703,2.403974,220.3059,6.209677,50.82515,3.212135,-1
209.0703,2.403974,220.3059,6.215784,50.83004,3.212232,-1
209.0703,2.403973,220.3059,6.22243,50.84256,3.209912,-1
209.0703,2.403969,220.3059,6.235894,50.84999,3.20412,-1
209.0703,2.403969,220.3059,6.238756,50.85466,3.204064,-1
209.0703,2.40397,220.3059,6.232408,50.86062,3.205592,-1
209.0703,2.403965,220.3059,6.252689,50.86459,3.196742,-1
209.0703,2.403969,220.3059,6.224474,50.86287,3.20333,-1
209.0703,2.403971,220.3059,6.220871,50.86902,3.206848,-1
209.0703,2.403969,220.3059,6.218473,50.86768,3.203813,-1
209.0703,2.403971,220.3059,6.200253,50.86359,3.20647,-1
209.0703,2.403971,220.3059,6.183521,50.86309,3.206476,-1
209.0703,2.403968,220.3059,6.17231,50.86109,3.202032,-1
209.0703,2.403964,220.3059,6.179154,50.86044,3.1933,-1
209.0703,2.403964,220.3059,6.185911,50.85861,3.194789,-1
209.0703,2.403969,220.3059,6.150628,50.85363,3.202756,-1
209.0703,2.403967,220.3059,6.161556,50.85333,3.199734,-1
209.0703,2.403965,220.3059,6.159729,50.85983,3.19722,-1
209.0703,2.403969,220.3059,6.140659,50.8645,3.203121,-1
209.0703,2.403966,220.3059,6.152455,50.8611,3.198556,-1
209.0703,2.403967,220.3059,6.137382,50.85064,3.198609,-1
209.0703,2.403964,220.3059,6.162413,50.84501,3.193443,-1
209.0703,2.404,220.3059,6.086043,50.84726,3.259233,-1
209.0703,2.404014,220.3059,6.023997,50.84927,3.28343,-1
209.0703,2.404003,220.3059,6.105823,50.85488,3.26339,-1
209.0703,2.404007,220.3059,6.026725,50.84686,3.271273,-1
209.0703,2.404027,220.3059,5.882116,50.83967,3.305568,-1
209.0703,2.403994,220.3059,6.13816,50.85809,3.248104,-1
209.0703,2.403918,220.3059,6.157262,50.82503,3.111001,-1
209.0703,2.403918,220.3059,6.127966,50.82303,3.110899,-1
209.0703,2.403912,220.3059,6.122015,50.82082,3.100141,-1
209.0703,2.40391,220.3059,6.137217,50.82151,3.095992,-1
209.0703,2.40391,220.3059,6.119139,50.80873,3.09674,-1
209.0703,2.40391,220.3059,6.120014,50.81155,3.096608,-1
209.0703,2.403912,220.3059,6.11492,50.81238,3.100194,-1
209.0703,2.403908,220.3059,6.138229,50.81224,3.092741,-1
209.0703,2.40391,220.3059,6.133056,50.81189,3.09599,-1
209.0703,2.403908,220.3059,6.131797,50.80198,3.093587,-1
209.0703,2.403909,220.3059,6.125579,50.79943,3.095051,-1
209.0703,2.403912,220.3059,6.1302,50.7921,3.100121,-1
209.0703,2.403919,220.3059,6.123075,50.7908,3.113223,-1
209.0703,2.40392,220.3059,6.130861,50.78322,3.113712,-1
209.0704,2.403922,220.3059,6.123213,50.77532,3.118171,-1
209.0704,2.40393,220.3059,6.119664,50.77173,3.132249,-1
209.0704,2.403932,220.3059,6.134611,50.76798,3.135254,-1
209.0704,2.403929,220.3059,6.128296,50.7623,3.130445,-1
209.0704,2.403928,220.3059,6.127915,50.75949,3.128827,-1
209.0704,2.403929,220.3059,6.115758,50.75246,3.130424,-1
209.0704,2.403927,220.3059,6.134536,50.74299,3.126536,-1
209.0704,2.40398,220.3059,6.072263,50.75269,3.221633,-1
209.0703,2.404014,220.3059,5.962738,50.78207,3.283673,-1
209.0703,2.40397,220.3058,6.088433,50.99588,3.204252,-1
209.0703,2.403968,220.3058,6.092768,50.99146,3.201553,-1
209.0703,2.403962,220.3058,6.059058,50.98204,3.188988,-1
209.0703,2.403955,220.3058,6.011839,50.97773,3.177739,-1
209.0703,2.403946,220.3058,6.054167,50.97829,3.160203,-1
209.0703,2.403938,220.3058,6.03963,50.96968,3.146684,-1
209.0703,2.403982,220.3058,6.031668,50.9768,3.224986,-1
209.0703,2.403984,220.3058,5.969082,50.96701,3.228248,-1
209.07,2.403828,220.3057,6.556015,51.53255,2.951253,-1
209.0699,2.403889,220.3056,6.057925,51.77321,3.057446,-1
209.0699,2.403885,220.3056,5.984767,51.76741,3.050947,-1
209.0699,2.403858,220.3056,6.128586,51.76432,3.00334,-1
209.0699,2.40386,220.3056,6.07865,51.75825,3.006042,-1
209.0699,2.403854,220.3056,6.11434,51.75943,2.995933,-1
209.0699,2.403854,220.3056,6.097245,51.7579,2.995379,-1
209.0699,2.403854,220.3056,6.11005,51.76086,2.995501,-1
209.0699,2.403853,220.3056,6.115174,51.76153,2.994542,-1
209.0699,2.403855,220.3056,6.12836,51.75823,2.99795,-1
209.0699,2.403861,220.3056,6.112664,51.75984,3.007534,-1
209.0699,2.403856,220.3056,6.122707,51.75646,2.999555,-1
209.0699,2.40386,220.3056,6.111335,51.74978,3.005691,-1
209.0699,2.403867,220.3056,6.114691,51.74852,3.019592,-1
209.0699,2.403874,220.3056,6.102995,51.74343,3.032109,-1
209.0699,2.403876,220.3056,6.108198,51.74281,3.035927,-1
209.0699,2.403883,220.3056,6.106708,51.74905,3.047681,-1
209.0699,2.403885,220.3056,6.097839,51.74801,3.050668,-1
209.0699,2.40389,220.3056,6.090312,51.74784,3.059907,-1
209.0699,2.403896,220.3056,6.090142,51.74787,3.071692,-1
209.0699,2.403901,220.3056,6.077877,51.74431,3.080447,-1
209.0699,2.4039,220.3056,6.086809,51.73836,3.078739,-1
209.0699,2.403899,220.3056,6.092628,51.73806,3.076801,-1
209.0699,2.403906,220.3056,6.082034,51.73389,3.089431,-1
209.0699,2.40391,220.3056,6.085169,51.73845,3.096228,-1
209.0699,2.403911,220.3056,6.078335,51.73229,3.097892,-1
209.0699,2.40391,220.3056,6.082586,51.72854,3.095967,-1
209.0699,2.403911,220.3056,6.081628,51.72107,3.097528,-1
209.0699,2.403908,220.3056,6.089749,51.72533,3.09224,-1
209.0699,2.403909,220.3056,6.097036,51.72025,3.095342,-1
209.0699,2.40391,220.3056,6.09432,51.72238,3.096183,-1
209.0699,2.403912,220.3056,6.091714,51.72256,3.100258,-1
209.0699,2.403913,220.3056,6.091444,51.71902,3.10148,-1
209.0699,2.403918,220.3056,6.088793,51.72248,3.109798,-1
209.0699,2.403919,220.3056,6.082961,51.72555,3.112602,-1
209.0699,2.403921,220.3056,6.087044,51.72214,3.116654,-1
209.0699,2.403922,220.3056,6.079363,51.71305,3.117383,-1
209.0699,2.403921,220.3056,6.089747,51.7064,3.115682,-1
209.0699,2.403921,220.3056,6.079762,51.70171,3.115826,-1
209.0699,2.40392,220.3056,6.079577,51.69744,3.114114,-1
209.07,2.403919,220.3056,6.077326,51.69068,3.112256,-1
209.07,2.403922,220.3056,6.083003,51.68843,3.117171,-1
209.07,2.403924,220.3056,6.071971,51.68688,3.1206,-1
209.07,2.403925,220.3056,6.076387,51.68297,3.123078,-1
209.07,2.403927,220.3056,6.082557,51.67942,3.126101,-1
209.07,2.403926,220.3056,6.081159,51.67824,3.125689,-1
209.07,2.403924,220.3056,6.076757,51.66827,3.120627,-1
209.07,2.403918,220.3056,6.077126,51.65682,3.110689,-1
209.07,2.403916,220.3056,6.08478,51.65464,3.107641,-1
209.07,2.403914,220.3056,6.077616,51.65247,3.10333,-1
209.07,2.403913,220.3056,6.078685,51.64596,3.100952,-1
209.07,2.403916,220.3056,6.072408,51.64231,3.106652,-1
209.07,2.403916,220.3056,6.076623,51.63501,3.107069,-1
209.07,2.403913,220.3056,6.078996,51.62008,3.100911,-1
209.07,2.403911,220.3056,6.08094,51.6118,3.098501,-1
209.07,2.403912,220.3056,6.079808,51.60526,3.098795,-1
209.07,2.403913,220.3056,6.072255,51.59905,3.101995,-1
209.07,2.403914,220.3056,6.072921,51.59227,3.104181,-1
209.07,2.403914,220.3056,6.081777,51.5795,3.10362,-1
209.07,2.403914,220.3056,6.080829,51.57898,3.103977,-1
209.07,2.403917,220.3056,6.08862,51.57114,3.109271,-1
209.07,2.40392,220.3056,6.086069,51.57125,3.11385,-1
209.07,2.403921,220.3056,6.090292,51.57006,3.115308,-1
209.07,2.403919,220.3056,6.097328,51.5662,3.112234,-1
209.07,2.403918,220.3056,6.089146,51.56335,3.110882,-1
209.07,2.403917,220.3056,6.085067,51.5626,3.108,-1
209.07,2.403914,220.3057,6.07875,51.54882,3.10351,-1
209.07,2.403914,220.3057,6.084487,51.54561,3.102849,-1
209.07,2.403911,220.3057,6.084904,51.54658,3.097661,-1
209.07,2.403911,220.3057,6.086829,51.54507,3.097599,-1
209.07,2.403917,220.3057,6.090806,51.53474,3.108225,-1
209.07,2.403915,220.3057,6.100197,51.52534,3.10585,-1
209.07,2.403916,220.3057,6.087212,51.52353,3.107016,-1
209.07,2.403916,220.3057,6.097483,51.52118,3.107015,-1
209.07,2.403913,220.3057,6.092016,51.51423,3.101202,-1
209.07,2.403913,220.3057,6.084792,51.51191,3.101929,-1
209.07,2.403909,220.3057,6.090277,51.50996,3.094653,-1
209.07,2.403908,220.3057,6.100485,51.50021,3.091925,-1
209.07,2.403907,220.3057,6.091795,51.48921,3.090722,-1
209.07,2.403906,220.3057,6.083862,51.48706,3.088203,-1
209.07,2.403904,220.3057,6.08993,51.48352,3.085083,-1
209.07,2.403907,220.3057,6.088655,51.48592,3.090885,-1
209.07,2.403908,220.3057,6.086871,51.48427,3.091917,-1
209.0701,2.403908,220.3057,6.08955,51.48007,3.092156,-1
209.0701,2.403911,220.3057,6.094127,51.47863,3.097192,-1
209.0701,2.403912,220.3057,6.101113,51.47382,3.099487,-1
209.0701,2.403916,220.3057,6.090375,51.46938,3.107751,-1
209.0701,2.403918,220.3057,6.100899,51.46919,3.110975,-1
209.0701,2.40392,220.3057,6.091587,51.46786,3.113491,-1
209.0701,2.403922,220.3057,6.094722,51.46135,3.116996,-1
209.0701,2.403922,220.3057,6.093744,51.45924,3.116987,-1
209.0701,2.403922,220.3057,6.082625,51.45289,3.117579,-1
209.0701,2.403924,220.3057,6.085592,51.44852,3.122064,-1
209.0701,2.403925,220.3057,6.08394,51.44522,3.123464,-1
209.0701,2.403928,220.3057,6.086578,51.44315,3.128247,-1
209.0701,2.403925,220.3057,6.087329,51.43188,3.123198,-1
209.0701,2.403924,220.3057,6.09864,51.42569,3.121677,-1
209.0701,2.403923,220.3057,6.095134,51.41883,3.119051,-1
209.0701,2.403922,220.3057,6.091739,51.40698,3.118297,-1
209.0701,2.403922,220.3057,6.090767,51.40229,3.118495,-1
209.0701,2.40392,220.3057,6.098282,51.39615,3.115186,-1
209.0701,2.403919,220.3057,6.103674,51.39139,3.111497,-1
209.0701,2.40392,220.3057,6.10705,51.38939,3.115001,-1
209.0701,2.403922,220.3057,6.108377,51.38555,3.117753,-1
209.0701,2.403925,220.3057,6.102192,51.37785,3.123681,-1
209.0701,2.403924,220.3057,6.109059,51.36595,3.120896,-1
209.0701,2.403924,220.3057,6.120649,51.35899,3.121107,-1
209.0701,2.403921,220.3057,6.124934,51.34808,3.116028,-1
209.0701,2.403925,220.3057,6.114137,51.33755,3.122772,-1
209.0701,2.403924,220.3057,6.098797,51.33706,3.121307,-1
209.0701,2.403919,220.3057,6.099363,51.33261,3.112575,-1
209.0701,2.403918,220.3057,6.094366,51.32945,3.110541,-1
209.0701,2.403919,220.3057,6.075098,51.32311,3.113169,-1
209.0701,2.403919,220.3057,6.081388,51.31945,3.112345,-1
209.0701,2.403919,220.3057,6.081188,51.3132,3.112005,-1
209.0701,2.403919,220.3057,6.087543,51.31133,3.111547,-1
209.0701,2.40392,220.3057,6.089745,51.30499,3.114323,-1
209.0701,2.40392,220.3057,6.084869,51.29879,3.114005,-1
209.0701,2.403921,220.3057,6.086246,51.30048,3.11575,-1
209.0701,2.403922,220.3057,6.089375,51.29572,3.117393,-1
209.0701,2.403917,220.3057,6.091226,51.291,3.109504,-1
209.0701,2.403919,220.3058,6.097739,51.28895,3.111649,-1
209.0701,2.403918,220.3058,6.098522,51.28207,3.110429,-1
209.0701,2.403918,220.3058,6.103291,51.27114,3.110226,-1
209.0701,2.403919,220.3058,6.089972,51.26612,3.112776,-1
209.0701,2.403916,220.3058,6.093123,51.26075,3.10667,-1
209.0701,2.403913,220.3058,6.093262,51.25547,3.10066,-1
209.0701,2.403913,220.3058,6.093819,51.24916,3.100936,-1
209.0701,2.403909,220.3058,6.090827,51.24929,3.095265,-1
209.0701,2.40391,220.3058,6.081061,51.23852,3.096941,-1
209.0701,2.403912,220.3058,6.084793,51.23942,3.099361,-1
209.0701,2.403912,220.3058,6.085412,51.23721,3.098994,-1
209.0702,2.403914,220.3058,6.087338,51.23096,3.103186,-1
209.0702,2.403914,220.3058,6.088792,51.2272,3.103313,-1
209.0702,2.403912,220.3058,6.088312,51.22128,3.099693,-1
209.0702,2.40391,220.3058,6.081329,51.22166,3.095979,-1
209.0702,2.403909,220.3058,6.087065,51.21416,3.095348,-1
209.0702,2.403911,220.3058,6.085504,51.21464,3.097703,-1
209.0702,2.403914,220.3058,6.090358,51.20981,3.103809,-1
209.0702,2.403914,220.3058,6.093578,51.2065,3.103314,-1
209.0702,2.403913,220.3058,6.105316,51.19757,3.102613,-1
209.0702,2.403913,220.3058,6.107138,51.19112,3.102267,-1
209.0702,2.403916,220.3058,6.09897,51.1869,3.107131,-1
209.0702,2.403915,220.3058,6.100673,51.18313,3.105691,-1
209.0702,2.403914,220.3058,6.105796,51.17683,3.104303,-1
209.0702,2.403915,220.3058,6.101064,51.17565,3.105561,-1
209.0702,2.403915,220.3058,6.106639,51.17329,3.105601,-1
209.0702,2.403917,220.3058,6.110742,51.16552,3.108324,-1
209.0702,2.403915,220.3058,6.111308,51.16385,3.104655,-1
209.0702,2.403914,220.3058,6.109294,51.16523,3.104398,-1
209.0702,2.403913,220.3058,6.115145,51.16646,3.102504,-1
209.0702,2.403916,220.3058,6.106301,51.16042,3.107198,-1
209.0702,2.403919,220.3058,6.103969,51.15707,3.112505,-1
209.0702,2.403921,220.3058,6.103766,51.15633,3.116006,-1
209.0702,2.403922,220.3058,6.096764,51.15574,3.11733,-1
209.0702,2.403921,220.3058,6.09709,51.15186,3.116402,-1
209.0702,2.403919,220.3058,6.090269,51.14958,3.112827,-1
209.0702,2.403915,220.3058,6.095156,51.13958,3.105906,-1
209.0702,2.403914,220.3058,6.079398,51.13712,3.103506,-1
209.0702,2.403915,220.3058,6.086545,51.1301,3.104831,-1
209.0702,2.403916,220.3058,6.073297,51.11964,3.107111,-1
209.0702,2.403917,220.3058,6.064386,51.11446,3.109055,-1
209.0702,2.403915,220.3058,6.061062,51.10936,3.105589,-1
209.0702,2.403918,220.3058,6.06566,51.09859,3.110217,-1
209.0702,2.403919,220.3058,6.072685,51.09141,3.111812,-1
209.0702,2.403918,220.3058,6.076788,51.09109,3.111511,-1
209.0702,2.403917,220.3058,6.085068,51.08405,3.108755,-1
209.0702,2.403918,220.3058,6.083856,51.0831,3.110136,-1
209.0702,2.40392,220.3058,6.072567,51.08132,3.114075,-1
209.0702,2.40392,220.3058,6.079218,51.07782,3.114418,-1
209.0702,2.403917,220.3058,6.079105,51.07676,3.108678,-1
209.0702,2.403915,220.3058,6.080228,51.06778,3.104707,-1
209.0702,2.403915,220.3058,6.087762,51.0618,3.104652,-1
209.0702,2.403914,220.3058,6.089437,51.0566,3.104423,-1
209.0702,2.403914,220.3058,6.084772,51.05333,3.104407,-1
209.0702,2.403913,220.3058,6.085749,51.05054,3.102684,-1
209.0702,2.403912,220.3058,6.086994,51.0457,3.099582,-1
209.0702,2.403913,220.3058,6.09192,51.04634,3.101225,-1
209.0702,2.403909,220.3058,6.091548,51.04102,3.094435,-1
209.0702,2.403907,220.3058,6.092543,51.03845,3.090207,-1
209.0702,2.40391,220.3058,6.082229,51.03009,3.09636,-1
209.0702,2.403912,220.3058,6.095318,51.02769,3.100245,-1
209.0703,2.403913,220.3058,6.097019,51.02449,3.101813,-1
209.0703,2.403914,220.3058,6.094988,51.02371,3.103176,-1
209.0703,2.403913,220.3058,6.088875,51.02446,3.10248,-1
209.0703,2.403912,220.3058,6.087599,51.02277,3.100415,-1
209.0702,2.403913,220.3058,6.093567,51.02556,3.102319,-1
209.0702,2.403914,220.3058,6.104378,51.02739,3.104447,-1
209.0702,2.403914,220.3058,6.103403,51.0257,3.103395,-1
209.0702,2.403914,220.3058,6.103252,51.02672,3.104041,-1
209.0703,2.403913,220.3058,6.10157,51.02134,3.102757,-1
209.0703,2.403913,220.3058,6.10538,51.01783,3.102018,-1
209.0703,2.403912,220.3058,6.106558,51.01928,3.099436,-1
209.0703,2.40391,220.3058,6.112031,51.01856,3.09585,-1
209.0703,2.403907,220.3058,6.115509,51.0183,3.091504,-1
209.0703,2.403907,220.3058,6.102449,51.00999,3.091196,-1
209.0703,2.403909,220.3058,6.101086,51.01083,3.095363,-1
209.0703,2.403913,220.3058,6.097447,51.00774,3.101299,-1
209.0703,2.403916,220.3058,6.098092,51.00897,3.107046,-1
209.0703,2.403918,220.3058,6.092219,51.00189,3.109898,-1
209.0703,2.403922,220.3058,6.0909,50.99599,3.117731,-1
209.0703,2.403924,220.3058,6.088801,50.99622,3.121296,-1
209.0703,2.403921,220.3058,6.089071,50.9943,3.115857,-1
209.0703,2.403919,220.3058,6.085051,50.99815,3.112222,-1
209.0703,2.403918,220.3058,6.090466,50.99422,3.110209,-1
209.0703,2.403918,220.3058,6.090313,50.99696,3.110091,-1
209.0703,2.403918,220.3058,6.102777,50.99706,3.110949,-1
209.0703,2.403921,220.3058,6.089989,50.99013,3.115572,-1
209.0703,2.403917,220.3058,6.098419,50.985,3.10966,-1
209.0703,2.403916,220.3058,6.093699,50.98479,3.107944,-1
209.0703,2.403916,220.3058,6.086392,50.97779,3.106462,-1
209.0703,2.403916,220.3058,6.096991,50.98069,3.106342,-1
209.0703,2.403919,220.3058,6.094666,50.98594,3.111847,-1
209.0703,2.403918,220.3058,6.094617,50.98738,3.110044,-1
209.0703,2.403919,220.3058,6.089063,50.98757,3.113158,-1
209.0703,2.403921,220.3058,6.08667,50.98288,3.115924,-1
209.0703,2.403923,220.3058,6.074101,50.98699,3.118806,-1
209.0703,2.403926,220.3058,6.083113,50.99032,3.124785,-1
209.0703,2.403932,220.3058,6.078101,50.98973,3.135189,-1
209.0703,2.403935,220.3058,6.077608,50.97999,3.14103,-1
209.0703,2.403936,220.3058,6.079352,50.97813,3.142352,-1
209.0703,2.403936,220.3058,6.073876,50.98243,3.142274,-1
209.0703,2.403934,220.3058,6.079183,50.9832,3.13872,-1
209.0703,2.403931,220.3058,6.076682,50.9904,3.133918,-1
209.0703,2.403929,220.3058,6.081357,50.99015,3.13109,-1
209.0703,2.403929,220.3058,6.087491,50.99205,3.131014,-1
209.0703,2.40393,220.3058,6.089784,50.98626,3.132738,-1
209.0703,2.403928,220.3058,6.091159,50.98543,3.129219,-1
209.0703,2.403925,220.3058,6.092165,50.9813,3.123414,-1
209.0703,2.403925,220.3058,6.078366,50.98359,3.122783,-1
209.0703,2.40392,220.3058,6.07566,50.98429,3.113768,-1
209.0703,2.403917,220.3058,6.084313,50.98018,3.108873,-1
209.0703,2.403911,220.3058,6.086494,50.97751,3.098042,-1
209.0703,2.403906,220.3058,6.081171,50.97012,3.088637,-1
209.0703,2.403905,220.3058,6.078017,50.96801,3.088233,-1
209.0703,2.403906,220.3058,6.080734,50.96363,3.089308,-1
209.0703,2.403907,220.3058,6.081089,50.96336,3.091312,-1
209.0703,2.403907,220.3058,6.068112,50.96547,3.090591,-1
209.0703,2.40391,220.3058,6.061572,50.96366,3.09641,-1
209.0703,2.403911,220.3058,6.062397,50.96309,3.098439,-1
209.0703,2.40391,220.3058,6.078581,50.96121,3.096237,-1
209.0703,2.40391,220.3058,6.076311,50.96486,3.096218,-1
209.0703,2.403913,220.3058,6.07558,50.96651,3.101928,-1
209.0703,2.403917,220.3058,6.082739,50.97057,3.108532,-1
209.0703,2.40392,220.3058,6.06905,50.97278,3.11336,-1
209.0703,2.403919,220.3058,6.068799,50.975,3.113021,-1
209.0703,2.40392,220.3058,6.075154,50.97501,3.115113,-1
209.0703,2.40392,220.3058,6.066172,50.97957,3.113636,-1
209.0703,2.403917,220.3058,6.07265,50.98303,3.109506,-1
209.0703,2.403917,220.3058,6.081931,50.97859,3.108396,-1
209.0703,2.403917,220.3058,6.077567,50.98357,3.109665,-1
209.0703,2.403919,220.3058,6.084788,50.98555,3.113406,-1
209.0703,2.403917,220.3058,6.088253,50.98445,3.108961,-1
209.0703,2.403919,220.3058,6.089132,50.98487,3.112507,-1
209.0703,2.403917,220.3058,6.099282,50.98465,3.10926,-1
209.0703,2.403919,220.3058,6.089458,50.98502,3.112546,-1
209.0703,2.403918,220.3058,6.092209,50.98219,3.110717,-1
209.0703,2.403919,220.3058,6.089787,50.97824,3.111796,-1
209.0703,2.40392,220.3058,6.096196,50.97657,3.115081,-1
209.0703,2.403923,220.3058,6.091497,50.9816,3.119343,-1
209.0703,2.403923,220.3058,6.084678,50.98569,3.120032,-1
209.0703,2.403927,220.3058,6.078256,50.98707,3.126383,-1
209.0703,2.40393,220.3058,6.075845,50.98037,3.131608,-1
209.0703,2.40393,220.3058,6.076845,50.98369,3.132084,-1
209.0703,2.403927,220.3058,6.077719,50.98595,3.127795,-1
209.0703,2.403924,220.3058,6.086138,50.98657,3.122537,-1
209.0703,2.403923,220.3058,6.076051,50.98574,3.118526,-1
209.0703,2.403921,220.3058,6.085953,50.98702,3.116215,-1
209.0703,2.403919,220.3058,6.083007,50.98598,3.112978,-1
209.0703,2.403919,220.3058,6.079425,50.98816,3.113242,-1
209.0703,2.403924,220.3058,6.074099,50.98455,3.120801,-1
209.0703,2.403921,220.3058,6.076248,50.98282,3.116763,-1
209.0703,2.403921,220.3058,6.067908,50.98902,3.116739,-1
209.0703,2.403919,220.3058,6.061445,50.99525,3.111944,-1
209.0703,2.403918,220.3058,6.059991,51.00233,3.109926,-1
209.0703,2.403916,220.3058,6.059493,51.00393,3.106229,-1
209.0703,2.403915,220.3058,6.054321,51.00473,3.106016,-1
209.0703,2.403914,220.3058,6.062973,51.00725,3.104234,-1
209.0703,2.403912,220.3058,6.070741,51.01367,3.10039,-1
209.0703,2.403913,220.3058,6.072781,51.01719,3.102997,-1
209.0702,2.403913,220.3058,6.072494,51.02412,3.100481,-1
209.0702,2.403915,220.3058,6.080942,51.02884,3.10513,-1
209.0702,2.403916,220.3058,6.080688,51.02638,3.107283,-1
209.0702,2.403918,220.3058,6.079856,51.02927,3.111077,-1
209.0703,2.403919,220.3058,6.093141,51.02282,3.112418,-1
209.0703,2.403918,220.3058,6.092622,51.02095,3.110201,-1
209.0703,2.403916,220.3058,6.086671,51.016,3.106604,-1
209.0703,2.403915,220.3058,6.098598,51.01139,3.105282,-1
209.0703,2.403915,220.3058,6.102531,51.00752,3.105571,-1
209.0703,2.403917,220.3058,6.102186,51.00824,3.108561,-1
209.0703,2.403916,220.3058,6.096323,51.00202,3.107274,-1
209.0703,2.403915,220.3058,6.100558,51.00398,3.105042,-1
209.0703,2.40391,220.3058,6.10361,51.01115,3.096247,-1
209.0703,2.403908,220.3058,6.096952,51.01274,3.092734,-1
209.0703,2.403907,220.3058,6.091346,51.01694,3.091176,-1
209.0703,2.403907,220.3058,6.093525,51.02267,3.091144,-1
209.0702,2.403906,220.3058,6.083672,51.02581,3.088269,-1
209.0702,2.403908,220.3058,6.081699,51.02983,3.09273,-1
209.0702,2.403914,220.3058,6.079352,51.04086,3.103306,-1
209.0702,2.403912,220.3058,6.089157,51.04727,3.100239,-1
209.0702,2.403913,220.3058,6.096889,51.04832,3.101776,-1
209.0702,2.403918,220.3058,6.08196,51.04937,3.110069,-1
209.0702,2.403916,220.3058,6.087323,51.05551,3.106708,-1
209.0702,2.403916,220.3058,6.094582,51.05152,3.107155,-1
209.0702,2.403914,220.3058,6.094166,51.05417,3.104342,-1
209.0702,2.403917,220.3058,6.094081,51.05164,3.109615,-1
209.0702,2.403918,220.3058,6.101418,51.04701,3.110276,-1
209.0702,2.403918,220.3058,6.097633,51.04404,3.111087,-1
209.0702,2.403916,220.3058,6.098283,51.04939,3.107032,-1
209.0702,2.403917,220.3058,6.100474,51.05008,3.108716,-1
209.0702,2.403915,220.3058,6.101965,51.05689,3.10569,-1
209.0702,2.403917,220.3058,6.091546,51.06022,3.108517,-1
209.0702,2.403914,220.3058,6.095128,51.06634,3.103917,-1
209.0702,2.403916,220.3058,6.096634,51.07584,3.106971,-1
209.0702,2.403921,220.3058,6.079139,51.08303,3.11644,-1
209.0702,2.40392,220.3058,6.081385,51.08517,3.113558,-1
209.0702,2.403916,220.3058,6.076432,51.08466,3.107247,-1
209.0702,2.403916,220.3058,6.076656,51.09088,3.107215,-1
209.0702,2.403915,220.3058,6.093839,51.09893,3.106122,-1
209.0702,2.403916,220.3058,6.086429,51.09954,3.107641,-1
209.0702,2.403917,220.3058,6.09324,51.10049,3.109151,-1
209.0702,2.403917,220.3058,6.100333,51.0991,3.109117,-1
209.0702,2.403917,220.3058,6.09717,51.09673,3.108442,-1
209.0702,2.403915,220.3058,6.109761,51.10563,3.105317,-1
209.0702,2.403915,220.3058,6.110176,51.10612,3.105895,-1
209.0702,2.403916,220.3058,6.095593,51.10781,3.106775,-1
209.0702,2.403918,220.3058,6.094464,51.11254,3.109737,-1
209.0702,2.40392,220.3058,6.086248,51.11898,3.114359,-1
209.0702,2.40392,220.3058,6.090751,51.12598,3.113719,-1
209.0702,2.403922,220.3058,6.083155,51.13181,3.116847,-1
209.0702,2.403922,220.3058,6.077925,51.13664,3.117752,-1
209.0702,2.403922,220.3058,6.068324,51.13468,3.116869,-1
209.0702,2.403925,220.3058,6.064911,51.13742,3.123318,-1
209.0702,2.403924,220.3058,6.065543,51.14597,3.120447,-1
209.0702,2.403922,220.3058,6.068455,51.14944,3.117507,-1
209.0702,2.403919,220.3058,6.069714,51.15594,3.112322,-1
209.0702,2.403917,220.3058,6.072983,51.15565,3.108412,-1
209.0702,2.403914,220.3058,6.075407,51.16235,3.102854,-1
209.0702,2.403913,220.3058,6.077233,51.16943,3.100497,-1
209.0702,2.403916,220.3058,6.077689,51.17438,3.106565,-1
209.0702,2.403923,220.3058,6.003259,51.16882,3.119351,-1
209.0702,2.403919,220.3058,6.131999,51.16562,3.112751,-1
209.0702,2.403931,220.3058,6.059005,51.16099,3.134089,-1
209.0702,2.403934,220.3058,6.076485,51.16475,3.138604,-1
209.0702,2.403933,220.3058,6.070767,51.16129,3.137325,-1
209.0702,2.403927,220.3058,6.073113,51.16375,3.127215,-1
209.0702,2.403925,220.3058,6.083508,51.17167,3.124323,-1
209.0702,2.403925,220.3058,6.086107,51.17696,3.123887,-1
209.0702,2.403927,220.3058,6.076247,51.18217,3.126543,-1
209.0702,2.403914,220.3058,6.152271,51.19123,3.103945,-1
209.0702,2.403935,220.3058,6.091204,51.19271,3.141232,-1
209.0702,2.403938,220.3058,6.056899,51.19189,3.146725,-1
209.0702,2.403936,220.3058,6.081997,51.2003,3.143309,-1
209.0702,2.403938,220.3058,6.069375,51.20313,3.146676,-1
209.0702,2.403941,220.3058,6.064857,51.20511,3.152837,-1
209.0702,2.403939,220.3058,6.065275,51.20922,3.147535,-1
209.0702,2.403936,220.3058,6.071439,51.21619,3.142808,-1
209.0702,2.403934,220.3058,6.069517,51.21317,3.138545,-1
209.0702,2.403935,220.3058,6.055915,51.22006,3.141025,-1
209.0702,2.403933,220.3058,6.049693,51.22476,3.138038,-1
209.0702,2.403931,220.3058,6.044012,51.22789,3.13388,-1
209.0702,2.403929,220.3058,6.045688,51.23004,3.130595,-1
209.0701,2.403925,220.3058,6.045343,51.23648,3.124322,-1
209.0701,2.403925,220.3058,6.029912,51.24251,3.123307,-1
209.0701,2.403926,220.3058,6.029908,51.24896,3.125596,-1
209.0701,2.403928,220.3058,6.028274,51.24748,3.128665,-1
209.0701,2.403929,220.3058,6.038602,51.24851,3.130368,-1
209.0701,2.403927,220.3058,6.038841,51.25557,3.127255,-1
209.0701,2.40393,220.3058,6.040422,51.25944,3.132622,-1
209.0701,2.403933,220.3058,6.06193,51.26732,3.137427,-1
209.0701,2.403934,220.3058,6.073101,51.27456,3.138872,-1
209.0701,2.403934,220.3058,6.068789,51.27595,3.140212,-1
209.0701,2.403934,220.3058,6.071522,51.28389,3.139401,-1
209.0701,2.403935,220.3058,6.085921,51.28685,3.142026,-1
209.0701,2.403933,220.3058,6.084082,51.29142,3.138314,-1
209.0701,2.403934,220.3057,6.078403,51.29581,3.139347,-1
209.0701,2.403932,220.3057,6.084969,51.303,3.135842,-1
209.0701,2.403932,220.3057,6.084673,51.30703,3.136309,-1
209.0701,2.403931,220.3057,6.090264,51.31605,3.134458,-1
209.0701,2.40393,220.3057,6.089457,51.32997,3.132581,-1
209.0701,2.403929,220.3057,6.086361,51.33723,3.131036,-1
209.0701,2.403931,220.3057,6.055602,51.33973,3.134,-1
209.0701,2.403928,220.3057,6.088505,51.34674,3.129732,-1
209.0701,2.40393,220.3057,6.095308,51.35009,3.132829,-1
209.0701,2.403934,220.3057,6.089307,51.35921,3.138521,-1
209.0701,2.403933,220.3057,6.093908,51.36839,3.136697,-1
209.0701,2.403933,220.3057,6.095511,51.37122,3.13688,-1
209.0701,2.403931,220.3057,6.094374,51.36954,3.134648,-1
209.0701,2.403932,220.3057,6.088305,51.38124,3.136328,-1
209.0701,2.403928,220.3057,6.1043,51.38837,3.129301,-1
209.0701,2.403929,220.3057,6.077912,51.38969,3.129855,-1
209.0701,2.403932,220.3057,6.062469,51.39657,3.136276,-1
209.0701,2.403933,220.3057,6.053245,51.39349,3.137684,-1
209.0701,2.40394,220.3057,6.031884,51.39629,3.149711,-1
209.0701,2.403936,220.3057,6.044211,51.39844,3.143787,-1
209.0701,2.403931,220.3057,6.04574,51.40432,3.134187,-1
209.0701,2.403934,220.3057,6.00312,51.40472,3.138161,-1
209.0701,2.40394,220.3057,5.963055,51.39852,3.149473,-1
209.0701,2.403952,220.3057,5.989994,51.40422,3.172026,-1
209.0701,2.403965,220.3057,5.939407,51.40411,3.195627,-1
209.0701,2.403965,220.3057,5.948754,51.4031,3.194581,-1
209.0701,2.403962,220.3057,5.947968,51.40131,3.189652,-1
209.0701,2.403962,220.3057,5.947968,51.40131,3.189652,-1
209.0701,2.404013,220.3057,5.760738,51.39647,3.280128,-1
209.0701,2.403978,220.3057,5.890934,51.40368,3.218306,-1
209.0701,2.403961,220.3057,5.87537,51.39721,3.187657,-1
209.0699,2.404088,220.3056,5.865325,51.81868,3.41624,-1
209.0699,2.40411,220.3056,5.508945,51.78603,3.454735,-1
209.0697,2.404138,220.3055,5.208929,52.1473,3.50173,-1
209.0695,2.404058,220.3052,5.72617,52.81325,3.360594,-1
209.0695,2.404081,220.3052,5.507781,52.79583,3.40186,-1
209.0695,2.404074,220.3052,5.59724,52.79364,3.388857,-1
209.0695,2.404076,220.3052,5.574943,52.78565,3.392483,-1
209.0695,2.404073,220.3052,5.580199,52.77703,3.387198,-1
209.0695,2.404072,220.3052,5.5899,52.7773,3.38596,-1
209.0695,2.40408,220.3052,5.572232,52.77412,3.399512,-1
209.0695,2.404075,220.3052,5.564241,52.77309,3.391348,-1
209.0695,2.404081,220.3052,5.56565,52.76601,3.401584,-1
209.0695,2.404077,220.3052,5.564867,52.75933,3.394068,-1
209.0695,2.404071,220.3052,5.589476,52.7691,3.384037,-1
209.0695,2.404066,220.3052,5.612967,52.77265,3.374299,-1
209.0695,2.404061,220.3052,5.626516,52.77569,3.365501,-1
209.0695,2.404059,220.3052,5.633464,52.776,3.362321,-1
209.0695,2.404058,220.3052,5.658332,52.77803,3.359942,-1
209.0695,2.404055,220.3052,5.68162,52.77391,3.355766,-1
209.0695,2.404059,220.3052,5.675246,52.76598,3.36232,-1
209.0695,2.404055,220.3052,5.703859,52.77127,3.355236,-1
209.0695,2.404057,220.3052,5.688307,52.76908,3.358758,-1
209.0695,2.404059,220.3052,5.694932,52.77469,3.362436,-1
209.0695,2.404052,220.3052,5.71716,52.78089,3.351069,-1
209.0695,2.404062,220.3052,5.714653,52.78988,3.367213,-1
209.0695,2.404063,220.3052,5.703393,52.78912,3.369092,-1
209.0695,2.404063,220.3052,5.72289,52.79438,3.369534,-1
209.0694,2.404089,220.3052,5.599596,52.98975,3.416254,-1
209.0692,2.404067,220.305,5.701662,53.46367,3.376396,-1
209.0691,2.404108,220.305,5.506474,53.53253,3.449889,-1
209.0691,2.404152,220.3049,5.558863,53.70152,3.528949,-1
209.0689,2.404142,220.3048,5.444768,54.07548,3.510564,-1
209.0688,2.404171,220.3047,5.276698,54.26574,3.560937,-1
209.0688,2.404195,220.3047,5.113596,54.25736,3.604909,-1
209.0688,2.404193,220.3047,5.219571,54.26355,3.601103,-1
209.0688,2.404187,220.3047,5.321994,54.25793,3.591384,-1
209.0688,2.404185,220.3047,5.297759,54.2421,3.586777,-1
209.0688,2.404197,220.3047,5.324433,54.23683,3.609706,-1
209.0688,2.404212,220.3047,5.255625,54.2184,3.636473,-1
209.0688,2.404201,220.3047,5.253439,54.20805,3.615439,-1
209.0688,2.40415,220.3047,5.255773,54.18969,3.523713,-1
209.0688,2.404148,220.3047,5.358365,54.19429,3.520665,-1
209.0688,2.404158,220.3048,5.314135,54.18013,3.538219,-1
209.0688,2.404153,220.3048,5.361856,54.18185,3.529372,-1
209.0688,2.404154,220.3048,5.323081,54.17881,3.531463,-1
209.0688,2.404154,220.3048,5.32937,54.17113,3.53196,-1
209.0688,2.404158,220.3048,5.317391,54.16207,3.539094,-1
209.0688,2.404157,220.3048,5.311365,54.15356,3.537611,-1
209.0689,2.404156,220.3048,5.316727,54.1508,3.53585,-1
209.0689,2.404159,220.3048,5.289811,54.14277,3.539513,-1
209.0689,2.404156,220.3048,5.316067,54.13888,3.534476,-1
209.0689,2.40415,220.3048,5.320354,54.13172,3.525077,-1
209.0689,2.404144,220.3048,5.35818,54.12993,3.514249,-1
209.0689,2.404143,220.3048,5.349312,54.12048,3.511073,-1
209.0689,2.404146,220.3048,5.341757,54.1101,3.517143,-1
209.0689,2.404151,220.3048,5.341104,54.11101,3.526566,-1
209.0689,2.404154,220.3048,5.324944,54.10243,3.531605,-1
209.0689,2.404154,220.3048,5.327989,54.09728,3.530962,-1
209.0689,2.404155,220.3048,5.33796,54.08851,3.532493,-1
209.0689,2.404154,220.3048,5.346392,54.07826,3.532265,-1
209.0689,2.404152,220.3048,5.351652,54.0686,3.528569,-1
209.0689,2.404151,220.3048,5.32907,54.05701,3.526122,-1
209.0689,2.404149,220.3048,5.338261,54.04206,3.521635,-1
209.0689,2.404149,220.3048,5.348133,54.03123,3.523154,-1
209.0689,2.404151,220.3048,5.334775,54.02242,3.525653,-1
209.0689,2.404157,220.3048,5.322737,54.0178,3.536752,-1
209.0689,2.404161,220.3048,5.321868,54.0058,3.544633,-1
209.0689,2.404159,220.3048,5.348703,54.00185,3.540666,-1
209.0689,2.404161,220.3048,5.346496,53.9934,3.544633,-1
209.0689,2.404161,220.3048,5.341866,53.98139,3.544061,-1
209.0689,2.40417,220.3048,5.297171,53.97484,3.559419,-1
209.0689,2.404167,220.3048,5.338524,53.96936,3.555489,-1
209.0689,2.404166,220.3048,5.30688,53.96881,3.553024,-1
209.0689,2.404164,220.3048,5.318306,53.95709,3.549725,-1
209.069,2.404164,220.3048,5.316846,53.94786,3.549641,-1
209.069,2.404162,220.3048,5.327428,53.93725,3.546904,-1
209.069,2.404162,220.3048,5.337202,53.93304,3.546247,-1
209.069,2.404158,220.3048,5.356191,53.92471,3.538625,-1
209.069,2.40416,220.3048,5.342236,53.91922,3.542252,-1
209.069,2.40416,220.3049,5.355941,53.9098,3.541638,-1
209.069,2.404158,220.3049,5.366659,53.90288,3.539321,-1
209.069,2.404152,220.3049,5.363838,53.89076,3.528564,-1
209.069,2.404153,220.3049,5.365461,53.88005,3.529954,-1
209.069,2.404156,220.3049,5.34686,53.8679,3.535542,-1
209.069,2.404158,220.3049,5.330775,53.86227,3.538032,-1
209.069,2.404161,220.3049,5.321095,53.85407,3.545014,-1
209.069,2.404158,220.3049,5.339347,53.84624,3.538107,-1
209.069,2.404154,220.3049,5.344015,53.83961,3.532458,-1
209.069,2.404151,220.3049,5.329693,53.83306,3.526325,-1
209.069,2.404147,220.3049,5.351628,53.8187,3.519056,-1
209.069,2.404146,220.3049,5.361176,53.81278,3.518185,-1
209.069,2.404146,220.3049,5.36186,53.80551,3.518153,-1
209.069,2.404147,220.3049,5.343448,53.80111,3.520005,-1
209.069,2.404149,220.3049,5.338292,53.79207,3.522979,-1
209.069,2.404151,220.3049,5.340468,53.78135,3.526478,-1
209.069,2.404154,220.3049,5.33236,53.77394,3.531949,-1
209.069,2.404159,220.3049,5.303639,53.7708,3.54119,-1
209.069,2.404166,220.3049,5.297806,53.76682,3.552034,-1
209.069,2.404166,220.3049,5.312098,53.76139,3.553001,-1
209.069,2.404166,220.3049,5.318364,53.74821,3.553636,-1
209.069,2.404168,220.3049,5.324221,53.73652,3.557343,-1
209.069,2.404172,220.3049,5.310832,53.73156,3.564121,-1
209.069,2.404173,220.3049,5.321721,53.72243,3.566681,-1
209.0691,2.404173,220.3049,5.319714,53.70949,3.565135,-1
209.0691,2.40416,220.3049,5.329882,53.69312,3.541634,-1
209.0691,2.40414,220.3049,5.363159,53.68427,3.506945,-1
209.0691,2.404141,220.3049,5.277261,53.65929,3.50731,-1
209.0691,2.404105,220.3049,5.207172,53.63213,3.443467,-1
209.069,2.403993,220.3049,5.753822,53.77824,3.2441,-1
209.069,2.403993,220.3049,5.534199,53.7502,3.242762,-1
209.069,2.403959,220.3049,5.673731,53.7421,3.182307,-1
209.069,2.403958,220.3049,5.685472,53.73659,3.179677,-1
209.069,2.404036,220.3049,5.355766,53.72099,3.318324,-1
209.069,2.404022,220.3048,5.549804,53.90022,3.295044,-1
209.069,2.404018,220.3048,5.531093,53.88687,3.287716,-1
209.069,2.404011,220.3049,5.562909,53.87775,3.274348,-1
209.069,2.404005,220.3049,5.566778,53.87043,3.264178,-1
209.069,2.404004,220.3049,5.56166,53.85656,3.262132,-1
209.069,2.404009,220.3049,5.57285,53.84386,3.271059,-1
209.069,2.404008,220.3049,5.5703,53.82563,3.270866,-1
209.069,2.404005,220.3049,5.592836,53.81244,3.264188,-1
209.069,2.404013,220.3049,5.563304,53.80122,3.27944,-1
209.069,2.404008,220.3049,5.564755,53.79116,3.270179,-1
209.069,2.404015,220.3049,5.55411,53.78765,3.28256,-1
209.069,2.404009,220.3049,5.568278,53.78624,3.272222,-1
209.069,2.40401,220.3049,5.529408,53.78389,3.273678,-1
209.069,2.404011,220.3049,5.537132,53.77497,3.27425,-1
209.069,2.404016,220.3049,5.510312,53.76922,3.283978,-1
209.069,2.404018,220.3049,5.493791,53.75846,3.28703,-1
209.069,2.404011,220.3049,5.520769,53.74982,3.274712,-1
209.069,2.404007,220.3049,5.496922,53.74743,3.267341,-1
209.069,2.404005,220.3049,5.49995,53.74028,3.263251,-1
209.069,2.403999,220.3049,5.531722,53.73639,3.254169,-1
209.069,2.404004,220.3049,5.527853,53.73111,3.262532,-1
209.069,2.404,220.3049,5.515572,53.72255,3.254394,-1
209.069,2.403991,220.3049,5.519604,53.71322,3.238623,-1
209.0691,2.403979,220.3049,5.536593,53.7007,3.217047,-1
209.0691,2.403969,220.3049,5.548302,53.69303,3.198934,-1
209.0691,2.403966,220.3049,5.537628,53.6911,3.193874,-1
209.0691,2.40397,220.3049,5.541759,53.68671,3.202226,-1
209.0691,2.403969,220.3049,5.543714,53.67393,3.199779,-1
209.0691,2.403972,220.3049,5.564209,53.66458,3.204513,-1
209.0691,2.403989,220.3049,5.568544,53.66163,3.235576,-1
209.0691,2.404002,220.3049,5.533947,53.65573,3.258126,-1
209.0691,2.404009,220.3049,5.538389,53.64244,3.271758,-1
209.0691,2.404005,220.3049,5.525088,53.63384,3.264647,-1
209.0691,2.404004,220.3049,5.551751,53.62432,3.261667,-1
209.0691,2.403986,220.3049,5.607046,53.61558,3.231026,-1
209.0691,2.404031,220.305,5.480397,53.59914,3.310035,-1
209.0691,2.404041,220.305,5.494213,53.59476,3.329625,-1
209.0691,2.40405,220.305,5.494045,53.5859,3.345829,-1
209.0691,2.404058,220.305,5.433759,53.57449,3.360134,-1
209.0691,2.404053,220.305,5.457033,53.56782,3.351132,-1
209.0691,2.404021,220.305,5.589055,53.56595,3.293713,-1
209.0691,2.40402,220.305,5.567076,53.55519,3.290829,-1
209.0691,2.404014,220.305,5.558688,53.54287,3.279824,-1
209.0691,2.404023,220.305,5.591348,53.53209,3.29736,-1
209.0691,2.404027,220.305,5.571113,53.51696,3.305133,-1
209.0692,2.404025,220.305,5.574014,53.49989,3.30011,-1
209.0692,2.404022,220.305,5.584739,53.48996,3.294657,-1
209.0692,2.404027,220.305,5.518642,53.4763,3.303383,-1
209.0692,2.404023,220.305,5.592819,53.46339,3.297255,-1
209.0692,2.404022,220.305,5.569301,53.44549,3.295899,-1
209.0692,2.40402,220.305,5.578679,53.42551,3.292013,-1
209.0692,2.404027,220.305,5.553373,53.40942,3.305051,-1
209.0692,2.404035,220.305,5.54771,53.3972,3.31772,-1
209.0692,2.404033,220.305,5.574149,53.39027,3.315389,-1
209.0692,2.404035,220.305,5.528644,53.3721,3.317693,-1
209.0692,2.404008,220.305,5.681788,53.36839,3.271207,-1
209.0692,2.404034,220.305,5.573969,53.35681,3.316921,-1
209.0692,2.404062,220.3051,5.499515,53.34343,3.366325,-1
209.0692,2.404065,220.3051,5.534792,53.33465,3.37316,-1
209.0692,2.404009,220.3051,5.629777,53.30864,3.27141,-1
209.0692,2.404004,220.3051,5.654301,53.30294,3.262415,-1
209.0692,2.404002,220.3051,5.624804,53.28536,3.260046,-1
209.0692,2.404006,220.3051,5.652787,53.28128,3.26599,-1
209.0693,2.40401,220.3051,5.61473,53.26741,3.273558,-1
209.0693,2.404011,220.3051,5.618813,53.2573,3.275185,-1
209.0693,2.404007,220.3051,5.611853,53.24719,3.268687,-1
209.0693,2.404002,220.3051,5.637853,53.2401,3.259186,-1
209.0693,2.404001,220.3051,5.628639,53.23217,3.257305,-1
209.0693,2.404003,220.3051,5.644516,53.22864,3.261003,-1
209.0693,2.403998,220.3051,5.661375,53.21684,3.252015,-1
209.0693,2.403995,220.3051,5.649884,53.20615,3.246706,-1
209.0693,2.403991,220.3051,5.653925,53.19422,3.239784,-1
209.0693,2.40399,220.3051,5.630643,53.18358,3.236936,-1
209.0693,2.403984,220.3051,5.64238,53.17082,3.227107,-1
209.0693,2.403981,220.3051,5.638825,53.15774,3.221955,-1
209.0693,2.403979,220.3051,5.637352,53.15121,3.218623,-1
209.0693,2.403976,220.3051,5.647699,53.14044,3.212652,-1
209.0693,2.403975,220.3051,5.659934,53.12865,3.210758,-1
209.0693,2.403973,220.3051,5.658848,53.11581,3.207909,-1
209.0693,2.403971,220.3051,5.667636,53.10384,3.204608,-1
209.0693,2.403974,220.3051,5.649352,53.08909,3.208689,-1
209.0693,2.403978,220.3051,5.631014,53.07754,3.216752,-1
209.0694,2.403975,220.3051,5.63843,53.06052,3.209804,-1
209.0694,2.403968,220.3051,5.650062,53.04825,3.198725,-1
209.0694,2.403962,220.3051,5.678846,53.03428,3.187969,-1
209.0694,2.403962,220.3051,5.667899,53.02581,3.186734,-1
209.0694,2.403955,220.3051,5.679347,53.01882,3.174399,-1
209.0694,2.403955,220.3051,5.67709,53.01334,3.17484,-1
209.0694,2.403956,220.3051,5.681629,53.01065,3.177718,-1
209.0694,2.403953,220.3051,5.681593,52.99694,3.17221,-1
209.0694,2.403951,220.3051,5.69273,52.98459,3.16777,-1
209.0694,2.403952,220.3051,5.688218,52.97762,3.169085,-1
209.0694,2.403955,220.3051,5.685769,52.96658,3.174431,-1
209.0694,2.403955,220.3052,5.681046,52.95377,3.17594,-1
209.0694,2.403958,220.3052,5.670094,52.94741,3.180263,-1
209.0694,2.403957,220.3052,5.679411,52.93938,3.179516,-1
209.0694,2.403959,220.3052,5.663979,52.93222,3.182711,-1
209.0694,2.403963,220.3052,5.649349,52.92653,3.189906,-1
209.0694,2.403965,220.3052,5.647571,52.92126,3.191867,-1
209.0694,2.40396,220.3052,5.639645,52.91061,3.184053,-1
209.0694,2.403948,220.3052,5.668231,52.90215,3.161554,-1
209.0694,2.403943,220.3052,5.672343,52.893,3.153134,-1
209.0694,2.40394,220.3052,5.670545,52.88354,3.148019,-1
209.0694,2.403939,220.3052,5.662656,52.87053,3.147014,-1
209.0694,2.403945,220.3052,5.656211,52.86367,3.157498,-1
209.0694,2.403944,220.3052,5.653047,52.85036,3.155064,-1
209.0694,2.403947,220.3052,5.674336,52.83692,3.161374,-1
209.0694,2.403948,220.3052,5.68496,52.82779,3.163064,-1
209.0695,2.403949,220.3052,5.679972,52.81641,3.163992,-1
209.0695,2.403951,220.3052,5.673765,52.80477,3.167432,-1
209.0695,2.403951,220.3052,5.684447,52.79133,3.168696,-1
209.0695,2.403946,220.3052,5.683024,52.78468,3.159345,-1
209.0695,2.403943,220.3052,5.678411,52.76426,3.153233,-1
209.0695,2.403943,220.3052,5.679347,52.74799,3.152562,-1
209.0695,2.403941,220.3052,5.67857,52.73417,3.14991,-1
209.0695,2.403945,220.3052,5.678564,52.7221,3.156721,-1
209.0695,2.403945,220.3052,5.682987,52.71325,3.156692,-1
209.0695,2.403946,220.3052,5.685559,52.70982,3.158384,-1
209.0695,2.403947,220.3052,5.683873,52.70305,3.160494,-1
209.0695,2.403948,220.3052,5.684538,52.692,3.161645,-1
209.0695,2.403946,220.3053,5.685139,52.67659,3.15939,-1
209.0695,2.403941,220.3053,5.697301,52.6708,3.150247,-1
209.0695,2.403938,220.3053,5.701282,52.6674,3.143924,-1
209.0695,2.403939,220.3053,5.694842,52.66339,3.146474,-1
209.0695,2.403941,220.3053,5.696794,52.65297,3.149335,-1
209.0695,2.403941,220.3053,5.699432,52.64656,3.149732,-1
209.0695,2.40394,220.3053,5.710706,52.63919,3.148192,-1
209.0695,2.403939,220.3053,5.696055,52.63273,3.14665,-1
209.0695,2.403936,220.3053,5.701402,52.62234,3.140509,-1
209.0695,2.403934,220.3053,5.696394,52.61624,3.137312,-1
209.0695,2.403933,220.3053,5.688858,52.60608,3.134848,-1
209.0695,2.403931,220.3053,5.6933,52.60264,3.13185,-1
209.0695,2.403929,220.3053,5.693543,52.59117,3.127901,-1
209.0695,2.40393,220.3053,5.684171,52.5819,3.130473,-1
209.0696,2.403933,220.3053,5.681649,52.56987,3.135021,-1
209.0696,2.403934,220.3053,5.68187,52.56876,3.138196,-1
209.0696,2.403936,220.3053,5.684556,52.56062,3.140111,-1
209.0696,2.403932,220.3053,5.692045,52.55881,3.134227,-1
209.0696,2.403934,220.3053,5.699533,52.55536,3.136694,-1
209.0696,2.403933,220.3053,5.706326,52.55128,3.135873,-1
209.0696,2.403932,220.3053,5.708825,52.54168,3.132778,-1
209.0696,2.403934,220.3053,5.714286,52.52884,3.136805,-1
209.0696,2.403936,220.3053,5.696617,52.51939,3.140296,-1
209.0696,2.403936,220.3053,5.701186,52.51875,3.140201,-1
209.0696,2.403939,220.3053,5.699204,52.52232,3.146113,-1
209.0696,2.403942,220.3053,5.695776,52.51067,3.151396,-1
209.0696,2.40394,220.3053,5.695926,52.50884,3.147611,-1
209.0696,2.40394,220.3053,5.692902,52.50668,3.147574,-1
209.0696,2.40394,220.3053,5.679124,52.49822,3.148623,-1
209.0696,2.403939,220.3053,5.692288,52.49073,3.145577,-1
209.0696,2.403938,220.3053,5.692616,52.483,3.145076,-1
209.0696,2.403939,220.3053,5.696295,52.47552,3.145419,-1
209.0696,2.403938,220.3053,5.691001,52.47026,3.144656,-1
209.0696,2.403939,220.3053,5.68902,52.46285,3.145309,-1
209.0696,2.403937,220.3053,5.683031,52.4534,3.142889,-1
209.0696,2.40394,220.3053,5.680757,52.45333,3.148031,-1
209.0696,2.40394,220.3053,5.680757,52.45333,3.148031,-1
209.0696,2.40394,220.3053,5.680757,52.45333,3.148031,-1
209.0696,2.403947,220.3053,5.693826,52.44552,3.161344,-1
209.0696,2.403949,220.3053,5.696239,52.44137,3.164231,-1
209.0696,2.403951,220.3053,5.705256,52.43265,3.168211,-1
209.0696,2.403953,220.3053,5.709809,52.43105,3.17161,-1
209.0696,2.403944,220.3054,5.740085,52.42061,3.155367,-1
209.0696,2.40394,220.3054,5.772271,52.41902,3.149108,-1
209.0696,2.403943,220.3054,5.760246,52.41202,3.154244,-1
209.0696,2.403942,220.3054,5.755485,52.40586,3.151396,-1
209.0696,2.403944,220.3054,5.764601,52.39794,3.155066,-1
209.0696,2.403947,220.3054,5.755544,52.39368,3.161716,-1
209.0697,2.403958,220.3054,5.726511,52.37413,3.180034,-1
209.0697,2.403957,220.3054,5.725847,52.36053,3.178838,-1
209.0697,2.403951,220.3054,5.728227,52.36303,3.168276,-1
209.0697,2.403948,220.3054,5.746139,52.37045,3.162429,-1
209.0697,2.403949,220.3054,5.73186,52.35801,3.163796,-1
209.0697,2.403952,220.3054,5.722958,52.35317,3.169998,-1
209.0697,2.403952,220.3054,5.710579,52.34261,3.169467,-1
209.0697,2.403952,220.3054,5.728154,52.33524,3.170169,-1
209.0697,2.40395,220.3054,5.711573,52.32246,3.166356,-1
209.0697,2.403943,220.3054,5.728096,52.32218,3.15271,-1
209.0697,2.403942,220.3054,5.723932,52.32179,3.151728,-1
209.0697,2.403942,220.3054,5.701566,52.31557,3.150954,-1
209.0697,2.403937,220.3054,5.707911,52.31199,3.143146,-1
209.0697,2.403934,220.3054,5.71234,52.30925,3.137202,-1
209.0697,2.403944,220.3054,5.693871,52.31141,3.1548,-1
209.0697,2.403945,220.3054,5.676425,52.30703,3.158004,-1
209.0697,2.403949,220.3054,5.67496,52.31368,3.16418,-1
209.0697,2.403943,220.3054,5.717349,52.31358,3.153071,-1
209.0697,2.403945,220.3054,5.703534,52.30886,3.157315,-1
209.0697,2.403948,220.3054,5.692608,52.30447,3.162023,-1
209.0697,2.403952,220.3054,5.666323,52.30833,3.170452,-1
209.0697,2.403946,220.3054,5.682142,52.30479,3.158702,-1
209.0697,2.403949,220.3054,5.68638,52.29757,3.163656,-1
209.0697,2.403944,220.3054,5.6909,52.29059,3.154393,-1
209.0697,2.403944,220.3054,5.694681,52.28928,3.155243,-1
209.0697,2.403945,220.3054,5.685065,52.27934,3.156519,-1
209.0697,2.403944,220.3054,5.681875,52.27616,3.155303,-1
209.0697,2.403941,220.3054,5.691058,52.27266,3.150215,-1
209.0697,2.403941,220.3054,5.698863,52.26745,3.149308,-1
209.0697,2.403943,220.3054,5.703909,52.26575,3.154108,-1
209.0697,2.403939,220.3054,5.697206,52.26271,3.146758,-1
209.0697,2.403942,220.3054,5.696287,52.26156,3.151563,-1
209.0697,2.40394,220.3054,5.698454,52.25685,3.14813,-1
209.0697,2.403937,220.3054,5.703268,52.25499,3.142848,-1
209.0697,2.403937,220.3054,5.704535,52.24862,3.14231,-1
209.0697,2.403938,220.3054,5.692358,52.24561,3.14516,-1
209.0697,2.403935,220.3054,5.694941,52.24495,3.1395,-1
209.0697,2.403932,220.3054,5.712909,52.23972,3.134078,-1
209.0697,2.403938,220.3054,5.705746,52.23638,3.144572,-1
209.0697,2.403939,220.3054,5.69906,52.229,3.146247,-1
209.0697,2.403946,220.3054,5.690112,52.22662,3.15831,-1
209.0697,2.403946,220.3054,5.684792,52.21624,3.158526,-1
209.0697,2.40394,220.3054,5.701882,52.20694,3.148118,-1
209.0697,2.403938,220.3054,5.696084,52.20598,3.144119,-1
209.0697,2.403942,220.3054,5.703625,52.20628,3.150885,-1
209.0697,2.403946,220.3054,5.698637,52.21179,3.159209,-1
209.0697,2.403946,220.3054,5.69275,52.21209,3.159245,-1
209.0697,2.403948,220.3054,5.696788,52.21313,3.16298,-1
209.0697,2.403947,220.3054,5.690225,52.21147,3.160914,-1
209.0697,2.403949,220.3054,5.685917,52.2051,3.165303,-1
209.0697,2.403945,220.3054,5.685131,52.20433,3.158066,-1
209.0697,2.403943,220.3054,5.681814,52.20837,3.153518,-1
209.0697,2.403939,220.3054,5.675136,52.20638,3.14686,-1
209.0697,2.403937,220.3054,5.680975,52.21092,3.142384,-1
209.0697,2.403933,220.3054,5.664739,52.2184,3.135344,-1
209.0697,2.403933,220.3054,5.657715,52.2259,3.134686,-1
209.0697,2.403929,220.3054,5.654746,52.22131,3.128875,-1
209.0697,2.403928,220.3054,5.64966,52.2185,3.126871,-1
209.0697,2.403928,220.3054,5.645967,52.21827,3.125786,-1
209.0697,2.40393,220.3054,5.643993,52.21881,3.130141,-1
209.0697,2.403933,220.3054,5.658294,52.22363,3.13426,-1
209.0697,2.403934,220.3054,5.654448,52.22598,3.136067,-1
209.0697,2.40393,220.3054,5.660131,52.22738,3.129399,-1
209.0697,2.403931,220.3054,5.666563,52.23539,3.131891,-1
209.0697,2.403935,220.3054,5.673252,52.24113,3.138304,-1
209.0697,2.403937,220.3054,5.674007,52.24427,3.142706,-1
209.0697,2.403935,220.3054,5.676242,52.23698,3.138574,-1
209.0697,2.403935,220.3054,5.677685,52.23719,3.13946,-1
209.0697,2.403933,220.3054,5.689039,52.24055,3.134561,-1
209.0697,2.40393,220.3054,5.679407,52.23734,3.130485,-1
209.0697,2.403932,220.3054,5.685035,52.23972,3.133448,-1
209.0697,2.403933,220.3054,5.679934,52.23791,3.134685,-1
209.0697,2.403932,220.3054,5.686192,52.23909,3.134216,-1
209.0697,2.403936,220.3054,5.67557,52.2421,3.140059,-1
209.0697,2.403935,220.3054,5.689352,52.24488,3.139678,-1
209.0697,2.403937,220.3054,5.68643,52.23878,3.142611,-1
209.0697,2.403937,220.3054,5.693941,52.23574,3.14193,-1
209.0697,2.403936,220.3054,5.688413,52.23964,3.141757,-1
209.0697,2.403936,220.3054,5.699926,52.24763,3.141367,-1
209.0697,2.403939,220.3054,5.696233,52.25434,3.14612,-1
209.0697,2.403943,220.3054,5.709327,52.26031,3.153166,-1
209.0697,2.403945,220.3054,5.707278,52.26663,3.157946,-1
209.0697,2.403944,220.3054,5.71099,52.27057,3.156059,-1
209.0697,2.403944,220.3054,5.708521,52.27655,3.154825,-1
209.0697,2.403944,220.3054,5.703676,52.27764,3.154886,-1
209.0697,2.403945,220.3054,5.697583,52.27658,3.157587,-1
209.0697,2.403944,220.3054,5.697306,52.27784,3.15496,-1
209.0697,2.403945,220.3054,5.686168,52.28078,3.157103,-1
209.0697,2.403944,220.3054,5.685039,52.2824,3.155288,-1
209.0697,2.40394,220.3054,5.681775,52.28672,3.148904,-1
209.0697,2.40394,220.3054,5.682753,52.28337,3.147539,-1
209.0697,2.403944,220.3054,5.681227,52.28851,3.155313,-1
209.0697,2.403944,220.3054,5.669205,52.29052,3.156297,-1
209.0697,2.403947,220.3054,5.665811,52.2947,3.160704,-1
209.0697,2.403945,220.3054,5.671665,52.29379,3.156585,-1
209.0697,2.40395,220.3054,5.66858,52.29786,3.16606,-1
209.0697,2.403947,220.3054,5.689661,52.30226,3.160824,-1
209.0697,2.403946,220.3054,5.695555,52.30653,3.159376,-1
209.0697,2.403947,220.3054,5.690966,52.31068,3.160904,-1
209.0697,2.403948,220.3054,5.685677,52.30801,3.161702,-1
209.0697,2.403947,220.3054,5.694232,52.311,3.160741,-1
209.0697,2.403952,220.3054,5.679549,52.31423,3.169471,-1
209.0697,2.403955,220.3054,5.675581,52.3158,3.174197,-1
209.0697,2.403951,220.3054,5.687742,52.31845,3.168653,-1
209.0697,2.403945,220.3054,5.687487,52.32537,3.156675,-1
209.0697,2.403943,220.3054,5.682719,52.33449,3.153109,-1
209.0697,2.403944,220.3054,5.686554,52.34624,3.15614,-1
209.0697,2.403941,220.3054,5.693694,52.35407,3.149527,-1
209.0697,2.403944,220.3054,5.682971,52.36086,3.15556,-1
209.0697,2.40394,220.3054,5.692402,52.36806,3.14829,-1
209.0697,2.403939,220.3054,5.696268,52.37031,3.146784,-1
209.0697,2.403938,220.3054,5.69603,52.36903,3.144182,-1
209.0696,2.403936,220.3054,5.711348,52.37465,3.142113,-1
209.0696,2.403933,220.3054,5.716397,52.37675,3.135959,-1
209.0696,2.403935,220.3054,5.704878,52.38446,3.139379,-1
209.0696,2.403934,220.3054,5.707271,52.38668,3.137499,-1
209.0696,2.403936,220.3054,5.699019,52.39003,3.140264,-1
209.0696,2.403938,220.3054,5.691258,52.39001,3.144686,-1
209.0696,2.40394,220.3054,5.698819,52.39817,3.147455,-1
209.0696,2.403941,220.3054,5.695089,52.40205,3.15004,-1
209.0696,2.403947,220.3054,5.692523,52.40503,3.160773,-1
209.0696,2.403948,220.3054,5.691706,52.40744,3.162461,-1
209.0696,2.403948,220.3054,5.695641,52.40547,3.162131,-1
209.0696,2.40395,220.3054,5.693144,52.41441,3.166313,-1
209.0696,2.40395,220.3053,5.686077,52.42264,3.166407,-1
209.0696,2.40395,220.3054,5.684707,52.42063,3.166023,-1
209.0696,2.403949,220.3053,5.672364,52.42493,3.164248,-1
209.0696,2.403948,220.3053,5.671,52.43091,3.161923,-1
209.0696,2.403946,220.3053,5.668612,52.43192,3.158914,-1
209.0696,2.403946,220.3053,5.673028,52.43759,3.158491,-1
209.0696,2.403939,220.3053,5.702573,52.44265,3.146477,-1
209.0696,2.403939,220.3053,5.701087,52.44587,3.145816,-1
209.0696,2.403939,220.3053,5.698885,52.45342,3.147293,-1
209.0696,2.40394,220.3053,5.687725,52.46118,3.1485,-1
209.0696,2.403941,220.3053,5.692708,52.4691,3.150189,-1
209.0696,2.403942,220.3053,5.70465,52.48144,3.151827,-1
209.0696,2.403938,220.3053,5.693503,52.48701,3.144213,-1
209.0696,2.40394,220.3053,5.688949,52.495,3.14732,-1
209.0696,2.403941,220.3053,5.683362,52.50166,3.149173,-1
209.0696,2.403941,220.3053,5.683288,52.50374,3.149205,-1
209.0696,2.403941,220.3053,5.683217,52.50333,3.150375,-1
209.0696,2.403939,220.3053,5.696746,52.50525,3.146728,-1
209.0696,2.403939,220.3053,5.699856,52.51389,3.145621,-1
209.0696,2.40394,220.3053,5.706679,52.52378,3.147606,-1
209.0696,2.403939,220.3053,5.694109,52.52864,3.145832,-1
209.0696,2.403938,220.3053,5.697231,52.52972,3.144479,-1
209.0696,2.403939,220.3053,5.698848,52.53542,3.145852,-1
209.0696,2.403941,220.3053,5.706469,52.54004,3.14967,-1
209.0696,2.403947,220.3053,5.680204,52.54258,3.160797,-1
209.0696,2.403946,220.3053,5.6851,52.55181,3.1591,-1
209.0696,2.403946,220.3053,5.683873,52.55645,3.15931,-1
209.0696,2.403941,220.3053,5.697284,52.56789,3.149742,-1
209.0696,2.403941,220.3053,5.680604,52.57166,3.150312,-1
209.0695,2.403944,220.3053,5.671565,52.5802,3.154319,-1
209.0695,2.403943,220.3053,5.663734,52.59129,3.153077,-1
209.0695,2.403944,220.3053,5.67167,52.60179,3.155629,-1
209.0695,2.403943,220.3053,5.664952,52.60255,3.15346,-1
209.0695,2.40394,220.3053,5.665458,52.60666,3.148141,-1
209.0695,2.403937,220.3053,5.676922,52.61278,3.142895,-1
209.0695,2.403941,220.3053,5.658606,52.61839,3.1497,-1
209.0695,2.403944,220.3053,5.668921,52.62451,3.155464,-1
209.0695,2.403945,220.3053,5.670601,52.62785,3.156696,-1
209.0695,2.403946,220.3053,5.662397,52.63255,3.158996,-1
209.0695,2.403944,220.3053,5.666303,52.64363,3.156016,-1
209.0695,2.403943,220.3053,5.675409,52.65134,3.15386,-1
209.0695,2.403944,220.3053,5.68962,52.6586,3.15485,-1
209.0695,2.403945,220.3053,5.69421,52.66404,3.157615,-1
209.0695,2.403947,220.3053,5.69165,52.66893,3.160009,-1
209.0695,2.403945,220.3053,5.702151,52.68045,3.157975,-1
209.0695,2.403946,220.3053,5.712579,52.68322,3.158999,-1
209.0695,2.403943,220.3053,5.702548,52.68699,3.15417,-1
209.0695,2.403941,220.3052,5.701789,52.69583,3.14954,-1
209.0695,2.403944,220.3052,5.689579,52.69958,3.15452,-1
209.0695,2.40394,220.3052,5.680989,52.7014,3.147814,-1
209.0695,2.403942,220.3052,5.663789,52.712,3.150584,-1
209.0695,2.40394,220.3052,5.665884,52.7229,3.148628,-1
209.0695,2.403939,220.3052,5.664725,52.72723,3.146864,-1
209.0695,2.403942,220.3052,5.665094,52.73883,3.152061,-1
209.0695,2.403943,220.3052,5.670051,52.74854,3.153537,-1
209.0695,2.403944,220.3052,5.683673,52.75048,3.156158,-1
209.0695,2.403946,220.3052,5.67601,52.75611,3.158595,-1
209.0695,2.403947,220.3052,5.681582,52.76306,3.160437,-1
209.0695,2.403951,220.3052,5.68689,52.77407,3.168747,-1
209.0695,2.403955,220.3052,5.683361,52.77837,3.174263,-1
209.0695,2.403954,220.3052,5.690088,52.78245,3.173535,-1
209.0695,2.403956,220.3052,5.680936,52.79454,3.177657,-1
209.0695,2.403959,220.3052,5.672419,52.80194,3.18143,-1
209.0695,2.403957,220.3052,5.679448,52.80292,3.179193,-1
209.0695,2.403957,220.3052,5.67697,52.8107,3.179478,-1
209.0695,2.403954,220.3052,5.677698,52.81691,3.172239,-1
209.0694,2.403953,220.3052,5.671142,52.82518,3.171518,-1
209.0694,2.403952,220.3052,5.672671,52.83332,3.169347,-1
209.0694,2.40395,220.3052,5.670955,52.84252,3.166055,-1
209.0694,2.403947,220.3052,5.676326,52.85153,3.161313,-1
209.0694,2.403944,220.3052,5.676803,52.85935,3.15564,-1
209.0694,2.403939,220.3052,5.678294,52.86619,3.146156,-1
209.0694,2.403934,220.3052,5.694494,52.87757,3.137579,-1
209.0694,2.403932,220.3052,5.705639,52.88335,3.133397,-1
209.0694,2.403935,220.3052,5.690471,52.88577,3.139825,-1
209.0694,2.40393,220.3052,5.710501,52.89119,3.129403,-1
209.0694,2.403933,220.3052,5.688918,52.89735,3.135778,-1
209.0694,2.403935,220.3052,5.694604,52.90654,3.138675,-1
209.0694,2.403935,220.3052,5.687923,52.91189,3.138749,-1
209.0694,2.403939,220.3052,5.692316,52.91423,3.146461,-1
209.0694,2.40394,220.3052,5.699008,52.9149,3.148911,-1
209.0694,2.403939,220.3052,5.695642,52.92142,3.14681,-1
209.0694,2.403941,220.3052,5.690755,52.93062,3.150657,-1
209.0694,2.403942,220.3052,5.685485,52.93497,3.152218,-1
209.0694,2.403944,220.3052,5.682374,52.93907,3.154537,-1
209.0694,2.403943,220.3052,5.684106,52.94466,3.153384,-1
209.0694,2.403945,220.3052,5.690514,52.94582,3.156758,-1
209.0694,2.403944,220.3052,5.686157,52.94743,3.155352,-1
209.0694,2.403944,220.3051,5.693184,52.95988,3.155149,-1
209.0694,2.403948,220.3051,5.679126,52.96775,3.162952,-1
209.0694,2.403948,220.3051,5.687387,52.97847,3.162333,-1
209.0694,2.403945,220.3051,5.67695,52.97935,3.157442,-1
209.0694,2.403947,220.3051,5.658241,52.9837,3.160767,-1
209.0694,2.403953,220.3051,5.662811,52.99389,3.171566,-1
209.0694,2.403953,220.3051,5.66285,52.99284,3.171655,-1
209.0694,2.403953,220.3051,5.66285,52.99284,3.171655,-1
209.0694,2.403952,220.3051,5.63966,52.99134,3.169181,-1
209.0694,2.403949,220.3051,5.635827,53.00331,3.164321,-1
209.0694,2.403941,220.3051,5.671058,53.01323,3.150463,-1
209.0694,2.403941,220.3051,5.665357,53.01559,3.149262,-1
209.0694,2.403942,220.3051,5.662541,53.02398,3.15123,-1
209.0694,2.403939,220.3051,5.671153,53.03034,3.146864,-1
209.0694,2.403936,220.3051,5.679737,53.03162,3.141162,-1
209.0694,2.403937,220.3051,5.675467,53.03076,3.14184,-1
209.0694,2.403937,220.3051,5.669333,53.03655,3.143453,-1
209.0694,2.403937,220.3051,5.663214,53.03812,3.143694,-1
209.0694,2.403939,220.3051,5.659069,53.04792,3.146079,-1
209.0694,2.403939,220.3051,5.667931,53.04913,3.145121,-1
209.0694,2.403943,220.3051,5.65547,53.05431,3.153391,-1
209.0694,2.403944,220.3051,5.65902,53.05965,3.155298,-1
209.0693,2.403944,220.3051,5.647211,53.0688,3.155876,-1
209.0693,2.403946,220.3051,5.637947,53.08231,3.157964,-1
209.0693,2.403945,220.3051,5.650378,53.0883,3.156531,-1
209.0693,2.403948,220.3051,5.652027,53.09885,3.162254,-1
209.0693,2.403945,220.3051,5.669515,53.10667,3.157874,-1
209.0693,2.403946,220.3051,5.685826,53.11397,3.158126,-1
209.0693,2.403947,220.3051,5.695487,53.12241,3.160611,-1
209.0693,2.40395,220.3051,5.719866,53.13381,3.166952,-1
209.0693,2.403949,220.3051,5.751965,53.15074,3.164168,-1
209.0693,2.403945,220.3051,5.781641,53.16029,3.157177,-1
209.0693,2.403944,220.3051,5.795572,53.17809,3.156027,-1
209.0693,2.403947,220.3051,5.793367,53.18913,3.161358,-1
209.0693,2.403948,220.3051,5.815747,53.20836,3.163587,-1
209.0693,2.403944,220.3051,5.829968,53.2212,3.156475,-1
209.0693,2.403941,220.3051,5.820739,53.23365,3.150411,-1
209.0693,2.403941,220.3051,5.805048,53.23454,3.150317,-1
209.0693,2.403941,220.3051,5.798656,53.23922,3.150239,-1
209.0693,2.40394,220.3051,5.784399,53.24686,3.148366,-1
209.0693,2.403943,220.3051,5.773282,53.25629,3.153666,-1
209.0693,2.403943,220.3051,5.759154,53.25746,3.153541,-1
209.0693,2.403942,220.3051,5.746988,53.2626,3.151248,-1
209.0692,2.403942,220.3051,5.74548,53.27248,3.151655,-1
209.0692,2.403941,220.3051,5.739559,53.27489,3.149639,-1
209.0692,2.403944,220.3051,5.726306,53.28123,3.155017,-1
209.0692,2.403946,220.3051,5.709156,53.27751,3.158611,-1
209.0692,2.403945,220.3051,5.718124,53.2809,3.156926,-1
209.0692,2.403947,220.3051,5.718916,53.28125,3.160444,-1
209.0692,2.403943,220.3051,5.710995,53.27763,3.154192,-1
209.0692,2.403948,220.3051,5.701247,53.27981,3.162766,-1
209.0692,2.403947,220.3051,5.700198,53.27695,3.160689,-1
209.0692,2.403947,220.3051,5.701894,53.28281,3.160948,-1
209.0692,2.403946,220.3051,5.711707,53.28926,3.159327,-1
209.0692,2.403947,220.3051,5.709143,53.28695,3.159994,-1
209.0692,2.403967,220.3051,5.668174,53.29486,3.196808,-1
209.0692,2.403964,220.3051,5.66428,53.29632,3.190578,-1
209.0692,2.403965,220.3051,5.67424,53.30589,3.193673,-1
209.0692,2.403973,220.3051,5.645279,53.30959,3.207895,-1
209.0692,2.403973,220.3051,5.657353,53.31437,3.207433,-1
209.0692,2.403947,220.3051,5.692379,53.31542,3.161183,-1
209.0692,2.40394,220.3051,5.711949,53.31971,3.148503,-1
209.0692,2.403964,220.305,5.698663,53.3329,3.191454,-1
209.0692,2.404,220.305,5.6054,53.33721,3.256318,-1
209.0692,2.403984,220.305,5.618734,53.33934,3.227259,-1
209.0692,2.403982,220.305,5.636199,53.34071,3.222758,-1
209.0692,2.403978,220.305,5.622625,53.34495,3.21563,-1
209.0692,2.403972,220.305,5.660629,53.35104,3.206153,-1
209.0692,2.403977,220.305,5.610869,53.3522,3.21449,-1
209.0692,2.403974,220.305,5.657479,53.36312,3.20936,-1
209.0692,2.40398,220.305,5.622511,53.36613,3.219193,-1
209.0692,2.403964,220.305,5.664316,53.37504,3.191294,-1
209.0692,2.403956,220.305,5.681556,53.37745,3.177477,-1
209.0692,2.403946,220.305,5.708652,53.38481,3.159931,-1
209.0692,2.403945,220.305,5.698943,53.38397,3.157928,-1
209.0692,2.403942,220.305,5.713952,53.38297,3.151419,-1
209.0692,2.40394,220.305,5.71585,53.38788,3.148018,-1
209.0692,2.40394,220.305,5.723491,53.39414,3.147869,-1
209.0692,2.403943,220.305,5.689466,53.4036,3.153871,-1
209.0692,2.40394,220.305,5.688061,53.4126,3.148043,-1
209.0692,2.403958,220.305,5.691067,53.42104,3.180535,-1
209.0692,2.40397,220.305,5.648736,53.41652,3.202457,-1
209.0692,2.403982,220.305,5.591663,53.41587,3.223352,-1
209.0692,2.403984,220.305,5.598653,53.40918,3.226065,-1
209.0692,2.403977,220.305,5.573255,53.40453,3.214453,-1
209.0692,2.403977,220.305,5.61561,53.41131,3.214588,-1
209.0692,2.403977,220.305,5.595647,53.40792,3.214089,-1
209.0692,2.403977,220.305,5.628171,53.40676,3.213768,-1
209.0692,2.403992,220.305,5.569543,53.41204,3.241546,-1
209.0692,2.403997,220.305,5.575355,53.41414,3.249442,-1
209.0692,2.403992,220.305,5.59671,53.4143,3.241529,-1
209.0692,2.404001,220.305,5.573382,53.41832,3.256685,-1
209.0692,2.40401,220.305,5.569259,53.42377,3.274291,-1
209.0692,2.404016,220.305,5.545237,53.41833,3.284836,-1
209.0692,2.404018,220.305,5.529222,53.41867,3.287296,-1
209.0692,2.404011,220.305,5.546276,53.42159,3.276163,-1
209.0692,2.404003,220.305,5.562539,53.42335,3.260414,-1
209.0692,2.403995,220.305,5.578708,53.42064,3.246517,-1
209.0692,2.403984,220.305,5.597766,53.41581,3.226106,-1
209.0692,2.40398,220.305,5.617123,53.41422,3.21966,-1
209.0692,2.403971,220.305,5.582823,53.40551,3.203704,-1
209.0692,2.403967,220.305,5.559585,53.39235,3.19533,-1
209.0692,2.40396,220.305,5.535586,53.38133,3.183871,-1
209.0692,2.403966,220.305,5.544028,53.37427,3.193496,-1
209.0692,2.403986,220.305,5.444626,53.37286,3.228579,-1
209.0692,2.403939,220.305,5.539597,53.36617,3.144608,-1
209.0692,2.403929,220.305,5.547809,53.35676,3.128042,-1
209.0692,2.403928,220.305,5.544629,53.3499,3.125373,-1
209.0692,2.403934,220.305,5.498259,53.34303,3.13544,-1
209.0692,2.403929,220.305,5.495553,53.34216,3.12795,-1
209.0692,2.403926,220.305,5.497442,53.33508,3.122522,-1
209.0692,2.403926,220.305,5.492275,53.3302,3.121828,-1
209.0692,2.403922,220.305,5.488127,53.3199,3.114836,-1
209.0692,2.403919,220.305,5.487845,53.3094,3.109783,-1
209.0692,2.403916,220.305,5.488698,53.30275,3.103334,-1
209.0692,2.403914,220.305,5.501363,53.30873,3.101124,-1
209.0692,2.403913,220.305,5.516368,53.31087,3.099417,-1
209.0692,2.403915,220.305,5.538087,53.3126,3.102662,-1
209.0692,2.403919,220.305,5.571489,53.31444,3.108568,-1
209.0692,2.403923,220.305,5.578766,53.31416,3.116392,-1
209.0692,2.403923,220.305,5.588323,53.31815,3.117106,-1
209.0692,2.403928,220.305,5.595272,53.31878,3.126321,-1
209.0692,2.403926,220.305,5.606834,53.31775,3.122699,-1
209.0692,2.403928,220.305,5.608194,53.31931,3.125505,-1
209.0692,2.403928,220.305,5.619517,53.32251,3.126704,-1
209.0692,2.403929,220.305,5.614627,53.32407,3.128378,-1
209.0692,2.403935,220.305,5.614947,53.32726,3.138154,-1
209.0692,2.403938,220.305,5.628875,53.32682,3.144601,-1
209.0692,2.40394,220.305,5.6378,53.33359,3.14737,-1
209.0692,2.40394,220.305,5.632784,53.33494,3.14698,-1
209.0692,2.40394,220.305,5.636798,53.33925,3.147442,-1
209.0692,2.403937,220.305,5.63089,53.34233,3.14186,-1
209.0692,2.403932,220.305,5.647878,53.33881,3.134115,-1
209.0692,2.403934,220.305,5.639908,53.34047,3.137128,-1
209.0692,2.403936,220.305,5.640243,53.33974,3.140837,-1
209.0692,2.403938,220.305,5.628189,53.33835,3.143424,-1
209.0692,2.403935,220.305,5.634371,53.33642,3.138822,-1
209.0692,2.403937,220.305,5.636129,53.3323,3.14168,-1
209.0692,2.403939,220.305,5.638117,53.33376,3.145637,-1
209.0692,2.40394,220.305,5.635139,53.33562,3.148033,-1
209.0692,2.403941,220.305,5.639705,53.33194,3.149176,-1
209.0692,2.403936,220.305,5.664042,53.33361,3.139977,-1
209.0692,2.403933,220.305,5.668765,53.33367,3.135006,-1
209.0692,2.403934,220.305,5.657984,53.33101,3.136861,-1
209.0692,2.403943,220.305,5.652572,53.32795,3.152878,-1
209.0692,2.403942,220.305,5.651142,53.32166,3.151595,-1
209.0692,2.40397,220.3051,5.634988,53.32222,3.201983,-1
209.0692,2.403976,220.3051,5.674987,53.32413,3.212274,-1
209.0692,2.404026,220.305,5.31523,53.42879,3.299961,-1
209.0692,2.404028,220.305,5.271771,53.42001,3.304337,-1
209.0692,2.403981,220.305,5.553843,53.43976,3.221049,-1
209.0692,2.404022,220.305,5.487651,53.45552,3.294883,-1
209.0692,2.40402,220.305,5.533755,53.46286,3.291539,-1
209.0692,2.404025,220.305,5.503409,53.46112,3.300567,-1
209.0692,2.404008,220.305,5.518859,53.45644,3.26932,-1
209.0692,2.404,220.305,5.586949,53.45956,3.254758,-1
209.0692,2.404004,220.305,5.561805,53.45722,3.261842,-1
209.0692,2.40401,220.305,5.547367,53.46221,3.2734,-1
209.0692,2.403984,220.305,5.612736,53.45923,3.227096,-1
209.0692,2.403988,220.305,5.563058,53.44977,3.23474,-1
209.0692,2.403998,220.305,5.675482,53.45052,3.253641,-1
209.0692,2.404024,220.305,5.490136,53.45663,3.298988,-1
209.0692,2.404165,220.305,5.134158,53.47125,3.550689,-1
209.0691,2.404112,220.305,5.28666,53.60641,3.455912,-1
209.0718,2.404271,220.3072,32.00153,49.3149,4.395584,-1
209.0746,2.411007,220.3121,68.28358,82.86397,48.12237,-1
209.0741,2.407308,220.3102,76.27943,81.73126,42.38221,-1
209.0805,2.407847,220.3228,71.07713,45.79487,33.02415,-1
209.0727,2.398876,220.3082,70.52298,27.41956,341.8979,-1
209.0811,2.40078,220.3234,66.49216,7.172548,353.6527,-1
209.0803,2.403278,220.3409,47.69868,343.274,2.891877,-1
209.0776,2.399118,220.3464,54.07393,322.4675,350.5798,-1
209.0668,2.399009,220.3576,54.15746,293.9785,350.2222,-1
209.0712,2.400014,220.3545,37.7771,308.5277,355.0613,-1
209.073,2.400055,220.3527,40.53326,312.7933,354.9604,-1
209.0617,2.402155,220.3604,38.35196,291.3503,359.9178,-1
209.0557,2.404987,220.3619,24.45113,282.5781,5.508169,-1
209.0575,2.406812,220.3613,27.08894,288.0084,9.334568,-1
209.0542,2.401668,220.3623,15.14484,277.3763,359.0284,-1
209.0566,2.409429,220.361,22.81561,287.8648,14.20326,-1
209.0623,2.409452,220.3592,31.03939,301.3328,15.35603,-1
209.0525,2.410927,220.3612,62.3356,307.4617,36.01073,-1
209.0542,2.409026,220.3615,19.7583,282.2913,13.11638,-1
209.0713,2.408503,220.3536,16.93955,316.3042,11.89888,-1
209.0668,2.404171,220.3577,21.77081,303.1319,3.819433,-1
209.0322,2.405708,220.3569,27.01797,239.0895,7.085974,-1
209.0268,2.40652,220.3522,21.46433,226.1358,8.357382,-1
209.025,2.403211,220.3505,30.93936,219.7039,2.129626,-1
209.032,2.406573,220.3567,38.62019,241.7427,10.09421,-1
209.0374,2.402173,220.36,85.59879,246.3686,359.5592,-1
209.038,2.402294,220.3602,90,247.9688,0,-1
209.0433,2.405907,220.3616,70.33432,276.9548,20.18331,-1
209.0472,2.407639,220.362,80.02297,344.0964,79.2937,-1
209.0501,2.403408,220.3625,85.99014,57.38352,147.0767,-1
209.063,2.401324,220.3598,82.02558,282.7548,348.7412,-1
209.0683,2.405037,220.3566,56.70845,312.9561,9.323648,-1
209.0738,2.405221,220.3517,50.81695,325.0533,8.617579,-1
209.0722,2.402729,220.3536,52.36391,315.2768,1.5755,-1
209.0529,2.402732,220.3624,50.42617,276.2904,1.51867,-1
209.0359,2.401482,220.3593,58.07236,241.8531,357.5981,-1
209.0403,2.401839,220.3611,80.63429,76.11359,183.8744,-1
209.0369,2.398279,220.3595,82.37069,178.8253,292.939,-1
209.051,2.398098,220.3623,75.54558,241.7017,329.1665,-1
209.0522,2.39765,220.3622,76.16891,129.5445,216.4137,-1
209.0527,2.397513,220.3621,71.67847,248.3393,332.2868,-1
209.0628,2.406629,220.3596,51.69913,303.9355,12.92828,-1
209.0728,2.397872,220.3526,54.84028,304.8849,346.444,-1
209.0538,2.404032,220.3623,68.36964,285.1649,8.976111,-1
209.073,2.399724,220.3527,78.13917,294.5763,337.9725,-1
209.0607,2.384157,220.3548,25.61033,274.6742,321.3208,-1
209.0542,2.378153,220.3513,338.8804,307.469,306.3615,-1
209.0552,2.378557,220.3515,332.011,319.6375,303.2369,-1
209.0494,2.384225,220.357,328.0568,293.7646,318.575,-1
209.0362,2.395709,220.3587,319.0028,254.2821,344.4299,-1
209.0404,2.397266,220.3607,322.807,259.1794,348.8599,-1
209.0592,2.387278,220.3573,326.8092,309.079,326.1587,-1
209.0741,2.397234,220.3511,327.8569,325.1632,349.4582,-1
209.0763,2.396188,220.3477,344.073,330.0222,348.7491,-1
209.0773,2.395298,220.3459,347.0025,333.5946,347.2276,-1
209.0786,2.399375,220.3446,351.368,334.5852,354.8925,-1
209.0786,2.404425,220.3448,2.299037,333.7466,4.006207,-1
209.0784,2.40385,220.3452,0.4741043,332.6789,2.970978,-1
209.0778,2.403779,220.3463,3.634266,330.7016,2.849865,-1
209.0776,2.403242,220.3468,6.164771,329.698,1.892559,-1
209.0783,2.402402,220.3455,1.329972,332.1029,0.3781226,-1
209.078,2.40243,220.3461,2.757241,331.0075,0.4283045,-1
209.0776,2.403226,220.3467,2.908463,329.8572,1.856267,-1
209.0772,2.403542,220.3473,3.27456,328.5005,2.422668,-1
209.0771,2.403567,220.3475,3.843378,328.2276,2.46972,-1
209.0764,2.402962,220.3486,1.785012,325.6529,1.380121,-1
209.0764,2.401757,220.3486,2.869908,325.5447,359.2207,-1
209.0768,2.402463,220.348,5.825856,327.0836,0.4886092,-1
209.0765,2.401934,220.3484,1.870486,326.0105,359.5398,-1
209.0765,2.402342,220.3485,0.6468861,325.8734,0.2703,-1
209.0762,2.402424,220.3489,0.3626578,325.0018,0.41686,-1
209.0767,2.401735,220.3482,0.9333051,326.5347,359.1833,-1
209.0771,2.401849,220.3475,1.703751,327.9328,359.3868,-1
209.0767,2.402231,220.3481,2.186577,326.6427,0.07002667,-1
209.0772,2.40241,220.3474,8.210887,328.3659,0.3945107,-1
209.0734,2.402314,220.3524,13.29468,317.0016,0.2255654,-1
209.0705,2.401594,220.3552,15.28947,309.4497,358.8914,-1
209.0715,2.402436,220.3543,14.46885,312.3109,0.4533725,-1
209.0753,2.402828,220.3501,5.688166,322.4988,1.145596,-1
209.0765,2.402063,220.3485,4.815559,325.776,359.7687,-1
209.0765,2.402132,220.3485,5.569313,325.9048,359.8926,-1
209.0764,2.401855,220.3486,5.536998,325.549,359.3955,-1
209.0766,2.401716,220.3484,5.713075,325.9779,359.1449,-1
209.0764,2.401754,220.3487,5.876995,325.4398,359.2131,-1
209.0765,2.401824,220.3484,5.488479,325.9514,359.3398,-1
209.0765,2.402134,220.3484,5.403273,326.0239,359.8975,-1
209.0768,2.402249,220.348,5.746853,326.951,0.1041072,-1
209.0768,2.401971,220.3481,6.439713,326.8415,359.6036,-1
209.0769,2.402483,220.3479,7.469081,327.2502,0.5280578,-1
209.0765,2.402755,220.3484,8.94626,326.1992,1.020786,-1
209.0761,2.403007,220.349,9.997435,325.0653,1.483125,-1
209.0762,2.402806,220.349,11.02483,325.0474,1.120972,-1
209.0757,2.40164,220.3495,10.54326,323.3961,358.9959,-1
209.0759,2.402254,220.3494,12.76378,324.0639,0.1153785,-1
209.0768,2.401623,220.3481,12.00861,326.515,358.9602,-1
209.0767,2.40291,220.3482,11.51319,326.8235,1.312942,-1
209.0768,2.402835,220.3481,15.96988,327.16,1.198745,-1
209.077,2.402162,220.3478,18.19109,327.3751,359.945,-1
209.0772,2.402254,220.3474,16.26055,328.2458,0.1176765,-1
209.0773,2.401605,220.3472,10.91825,328.4712,358.9306,-1
209.0774,2.401994,220.347,9.784101,328.9174,359.641,-1
209.0777,2.401943,220.3465,11.04837,329.9806,359.5472,-1
209.0781,2.402235,220.3459,8.844931,331.4084,0.07902917,-1
209.0774,2.402373,220.3471,7.514619,328.9395,0.3275287,-1
209.0771,2.40251,220.3477,6.79198,327.7834,0.5742991,-1
209.0768,2.402905,220.3481,8.317425,326.9455,1.291209,-1
209.0773,2.403606,220.3472,14.75359,329.2825,2.621147,-1
209.0739,2.402786,220.3518,19.88221,318.7055,1.13288,-1
209.068,2.401967,220.357,23.10781,304.0161,359.564,-1
209.0738,2.404203,220.3519,18.13228,319.2805,3.792317,-1
209.0762,2.404882,220.3488,17.05062,326.6632,5.046511,-1
209.0765,2.403873,220.3484,16.92678,326.8971,3.149007,-1
209.078,2.401322,220.3461,11.25131,330.6608,358.4131,-1
209.0773,2.40257,220.3473,4.982054,328.4556,0.6808785,-1
209.0764,2.4025,220.3487,5.043765,325.6184,0.5542326,-1
209.0766,2.402291,220.3484,5.797251,326.1233,0.1797374,-1
209.0765,2.402351,220.3486,5.703499,325.7835,0.2868811,-1
209.0764,2.402269,220.3486,5.796519,325.6039,0.1406472,-1
209.0763,2.402347,220.3488,5.817499,325.3936,0.2795643,-1
209.0763,2.402344,220.3488,5.955936,325.3139,0.275503,-1
209.0763,2.402393,220.3488,5.853649,325.3173,0.3628186,-1
209.0763,2.402406,220.3488,5.876278,325.2683,0.386967,-1
209.0763,2.402395,220.3488,5.929524,325.2206,0.3663844,-1
209.0763,2.402368,220.3488,5.752055,325.2187,0.3182201,-1
209.0763,2.40238,220.3488,5.775247,325.2616,0.339963,-1
209.0763,2.402384,220.3488,5.771487,325.2545,0.3462289,-1
209.0763,2.402352,220.3488,5.804284,325.2462,0.2885041,-1
209.0763,2.402364,220.3488,5.847539,325.2131,0.3108335,-1
209.0763,2.402392,220.3488,6.035931,325.1684,0.3610447,-1
209.0763,2.402229,220.3488,6.149742,325.2785,0.06750362,-1
209.0762,2.402213,220.3489,6.207974,325.0884,0.03823024,-1
209.0762,2.402182,220.3489,6.167082,325.0228,359.9825,-1
209.0762,2.402209,220.3489,6.364836,324.9341,0.03201471,-1
209.0761,2.402257,220.349,6.61275,324.7599,0.1184052,-1
209.0762,2.402229,220.349,6.647785,324.8225,0.06868216,-1
209.0762,2.402224,220.349,6.73941,324.9017,0.05958121,-1
209.0762,2.402216,220.349,6.792731,324.8737,0.04494394,-1
209.0762,2.402221,220.349,6.759007,324.9177,0.05312475,-1
209.0762,2.4023,220.3489,6.825972,325.0404,0.1962957,-1
209.0762,2.402387,220.3489,6.805295,324.9879,0.3521978,-1
209.0762,2.402376,220.3489,6.766974,325.0768,0.3332323,-1
209.0762,2.402355,220.3489,6.780402,325.1431,0.2946686,-1
209.0763,2.402332,220.3488,6.819561,325.3029,0.2532343,-1
209.0763,2.402375,220.3488,6.848288,325.3263,0.3303979,-1
209.0764,2.402314,220.3487,6.997614,325.4851,0.2217647,-1
209.0764,2.402282,220.3487,6.850987,325.4855,0.1640307,-1
209.0764,2.402282,220.3487,6.929651,325.549,0.1635838,-1
209.0763,2.402342,220.3487,6.875406,325.4267,0.2716066,-1
209.0763,2.402406,220.3488,6.886395,325.378,0.3873724,-1
209.0763,2.402363,220.3487,6.87756,325.443,0.3093536,-1
209.0764,2.402315,220.3487,6.881937,325.5703,0.2232409,-1
209.0764,2.402385,220.3487,6.959236,325.4801,0.3484363,-1
209.0764,2.40235,220.3486,6.772611,325.6759,0.2864845,-1
209.0764,2.402347,220.3486,6.551593,325.6629,0.2808665,-1
209.0764,2.402349,220.3486,6.647854,325.7008,0.2853145,-1
209.0765,2.402343,220.3485,6.259727,325.9009,0.2723333,-1
209.0765,2.402333,220.3485,6.167772,325.9667,0.2559431,-1
209.0765,2.402325,220.3484,6.142332,326.0305,0.2406681,-1
209.0765,2.402337,220.3484,6.093406,326.0402,0.2629755,-1
209.0765,2.402375,220.3484,6.069482,326.04,0.3315102,-1
209.0766,2.402339,220.3484,5.909782,326.1109,0.2665277,-1
209.0766,2.402376,220.3484,5.973047,326.1898,0.3326247,-1
209.0765,2.402496,220.3486,5.586881,325.8234,0.5474448,-1
209.0764,2.402592,220.3487,5.623898,325.6107,0.7217236,-1
209.0763,2.402668,220.3487,5.511463,325.498,0.8565379,-1
209.0764,2.402741,220.3487,5.746246,325.6281,0.9887136,-1
209.0763,2.402796,220.3487,5.764151,325.4983,1.087538,-1
209.0764,2.402776,220.3486,5.798655,325.6881,1.051687,-1
209.0764,2.402871,220.3487,5.956168,325.5745,1.224407,-1
209.0764,2.402898,220.3487,5.975948,325.6502,1.27247,-1
209.0764,2.402868,220.3486,5.943525,325.706,1.218305,-1
209.0765,2.402741,220.3485,5.903082,325.919,0.9902825,-1
209.0765,2.402732,220.3485,5.923706,326.0236,0.9735425,-1
209.0765,2.402735,220.3484,5.971953,326.0856,0.9786603,-1
209.0765,2.402749,220.3485,6.066323,325.9764,1.004885,-1
209.0765,2.402781,220.3485,6.081352,326.0011,1.062067,-1
209.0765,2.402807,220.3485,6.030955,326.0519,1.108605,-1
209.0765,2.402822,220.3484,6.081696,326.1078,1.136208,-1
209.0765,2.402834,220.3484,6.165052,326.1595,1.157717,-1
209.0766,2.402872,220.3484,6.142411,326.2296,1.226579,-1
209.0766,2.402918,220.3484,6.104061,326.3383,1.309417,-1
209.0766,2.402906,220.3484,6.157549,326.3256,1.286544,-1
209.0766,2.402896,220.3483,6.197572,326.3799,1.270257,-1
209.0767,2.402987,220.3482,6.251896,326.5959,1.433931,-1
209.0766,2.403011,220.3483,6.286173,326.4758,1.476727,-1
209.0767,2.402918,220.3482,6.512267,326.6636,1.309389,-1
209.0767,2.402907,220.3482,6.565645,326.6966,1.289831,-1
209.0767,2.402948,220.3482,6.654171,326.6155,1.364602,-1
209.0767,2.402946,220.3482,6.592176,326.681,1.360029,-1
209.0767,2.402999,220.3482,6.789867,326.6194,1.457129,-1
209.0766,2.403019,220.3483,6.876224,326.5699,1.492534,-1
209.0767,2.402957,220.3482,6.832583,326.5924,1.382022,-1
209.0766,2.402852,220.3483,6.765049,326.4589,1.191412,-1
209.0766,2.402916,220.3483,6.750953,326.4686,1.306449,-1
209.0766,2.402941,220.3483,6.724386,326.5366,1.351805,-1
209.0766,2.402975,220.3483,6.668328,326.5332,1.41254,-1
209.0766,2.402988,220.3483,6.624199,326.5382,1.4361,-1
209.0766,2.403002,220.3483,6.558753,326.5508,1.461601,-1
209.0767,2.403023,220.3483,6.575633,326.5905,1.498262,-1
209.0767,2.403017,220.3482,6.63916,326.6153,1.488482,-1
209.0767,2.403009,220.3482,6.624612,326.6264,1.474223,-1
209.0767,2.403011,220.3482,6.646948,326.6989,1.477898,-1
209.0767,2.40304,220.3482,6.756441,326.693,1.530117,-1
209.0767,2.403072,220.3482,6.744923,326.6687,1.588277,-1
209.0767,2.403062,220.3482,6.705325,326.6598,1.569112,-1
209.0767,2.403071,220.3482,6.721757,326.7394,1.586313,-1
209.0767,2.403087,220.3482,6.766187,326.7107,1.614328,-1
209.0767,2.403085,220.3482,6.807113,326.7195,1.610731,-1
209.0767,2.403044,220.3482,6.780322,326.7716,1.538512,-1
209.0767,2.403049,220.3482,6.840775,326.7983,1.547866,-1
209.0767,2.403036,220.3481,6.84621,326.8315,1.52374,-1
209.0767,2.403021,220.3481,6.766072,326.8603,1.496946,-1
209.0768,2.403018,220.3481,6.744545,326.896,1.489588,-1
209.0768,2.402986,220.3481,6.802247,326.9505,1.433287,-1
209.0768,2.40301,220.3481,6.784477,326.9034,1.477008,-1
209.0768,2.403021,220.3481,6.754275,326.9324,1.495895,-1
209.0768,2.40303,220.3481,6.723166,326.9582,1.511982,-1
209.0768,2.40303,220.3481,6.711866,326.9713,1.511839,-1
209.0768,2.40307,220.3481,6.723114,326.9381,1.584772,-1
209.0767,2.403172,220.3481,6.776705,326.8852,1.768415,-1
209.0767,2.403172,220.3481,6.771896,326.874,1.768105,-1
209.0767,2.403164,220.3481,6.771018,326.8741,1.754449,-1
209.0768,2.403149,220.3481,6.888133,326.9398,1.727683,-1
209.0767,2.403156,220.3481,6.83651,326.9211,1.739542,-1
209.0768,2.403145,220.3481,6.810122,326.9694,1.720124,-1
209.0768,2.403183,220.3481,6.885643,326.9809,1.789259,-1
209.0768,2.403215,220.3481,6.743297,327.0321,1.845892,-1
209.0768,2.403213,220.3481,6.68557,326.9943,1.842666,-1
319.6519,2.407581,324.4953,6.669364,327.0706,1.91771,-1
319.6519,2.407589,324.4953,6.593453,327.1084,1.932808,-1
319.6515,2.407582,324.4959,6.482809,325.7908,1.91968,-1
319.6429,2.406652,324.5044,4.840209,303.8828,0.243096,-1
319.629,2.405829,324.5096,2.723649,276.993,358.767,-1
319.6171,2.405555,324.5088,0.2309731,255.3931,358.2781,-1
319.6139,2.405613,324.5078,0.8252667,249.4298,358.3817,-1
319.6138,2.405552,324.5077,1.870119,249.1706,358.2714,-1
319.6132,2.405549,324.5075,2.15373,248.0958,358.2653,-1
319.6131,2.406557,324.5075,1.690131,247.9858,0.07211203,-1
319.6139,2.406279,324.5078,1.384391,249.5126,359.5743,-1
319.6177,2.406515,324.5089,1.88898,256.6076,-0.004376047,-1
319.6223,2.406418,324.5097,3.138773,264.8774,359.8217,-1
319.6251,1.031517,324.4778,0,180.0008,0,exit0
319.5552,2.406027,324.4988,4.0731,258.4684,359.5994,-1
319.5529,2.405928,324.4984,5.361972,257.0164,359.4757,-1
319.5525,2.406123,324.4984,6.38174,256.3347,359.8263,-1
319.2025,2.406286,324.4085,6.871378,255.5827,359.5834,-1
317.487,2.406399,323.9685,7.716979,255.2284,359.7876,-1
315.1021,2.402337,323.3365,8.088389,254.6822,359.7433,-1
312.7914,2.400915,322.6977,6.809139,254.5449,359.1955,-1
310.5413,2.406065,322.0756,7.688014,254.412,359.1987,-1
307.9221,2.405116,321.3496,7.680985,254.8005,359.0598,-1
305.4153,2.405971,320.6719,8.314049,254.8757,359.0108,-1
302.5996,2.406065,319.9071,8.775339,254.8476,359.1799,-1
299.7027,2.406099,319.1152,8.537745,254.4323,359.2428,-1
296.8726,2.406019,318.3236,9.138889,254.2068,359.1673,-1
293.9707,2.398989,317.4924,9.645716,253.4012,359.8915,-1
291.0984,2.398177,316.6233,9.028045,252.7625,0.4532913,-1
288.2885,2.403732,315.7516,10.10848,252.995,0.6784135,-1
285.2518,2.406673,314.8412,12.25776,254.442,0.2856355,-1
282.1481,2.406339,313.9789,13.61388,254.5819,359.6717,-1
278.7822,2.405054,313.0485,13.70538,254.392,359.3543,-1
275.6063,2.406261,312.1582,13.00537,254.0385,359.5305,-1
272.4126,2.406333,311.2397,12.61264,253.834,359.6619,-1
269.0919,2.398125,310.2756,12.58058,253.6654,359.858,-1
265.8818,2.406557,309.33,12.22305,253.441,0.07311186,-1
262.5284,2.40663,308.3282,11.70762,253.2811,0.2059315,-1
259.2609,2.406666,307.3463,11.72414,253.2169,0.2729262,-1
256.0765,2.406775,306.3866,11.2214,253.2151,0.471505,-1
252.8868,2.406815,305.4229,11.15951,253.1045,0.5433422,-1
249.7583,2.406784,304.4755,10.98988,253.2179,0.4874716,-1
246.5791,2.40666,303.522,10.06793,253.5479,0.260839,-1
243.5522,2.406633,302.6373,7.915382,253.8889,0.2104954,-1
240.7381,2.406248,301.8062,4.847763,252.7404,0.08596217,-1
238.319,2.404389,301.0554,4.718314,252.6678,0.207691,-1
235.7742,2.406402,300.264,3.577003,252.9794,359.7934,-1
233.5498,2.406402,299.5807,0.6518044,253.0239,359.7939,-1
232.3575,2.407194,299.2125,355.8716,251.8693,1.215608,-1
232.2796,2.408406,299.1872,354.9014,249.6552,3.39756,-1
232.2904,1.031517,299.1572,0,180.0008,0,enter1
232.2784,2.40783,299.1868,356.7263,247.7943,2.355453,-1
232.2742,2.406774,299.1848,359.4788,239.4997,0.4604961,-1
232.2614,2.405943,299.1708,3.157551,205.0914,358.9711,-1
232.2585,2.404451,299.1593,2.711548,183.6918,356.2938,-1
232.2589,2.405175,299.1515,2.174583,169.6414,357.5946,-1
232.2604,2.406469,299.146,4.063114,159.5512,359.9138,-1
232.2598,2.405235,299.1479,4.141594,162.8382,357.6972,-1
232.2595,2.405308,299.1489,3.517115,164.7924,357.8308,-1
232.2595,2.405882,299.149,3.414191,165.0295,358.8608,-1
232.2594,2.406222,299.1491,3.63285,165.31,359.47,-1
232.2593,2.406002,299.1495,2.768355,166.0787,359.0759,-1
232.2594,2.405936,299.1495,3.410189,165.9893,358.9572,-1
232.2904,1.031517,299.1572,0,180.0008,0,exit1
232.3493,2.40653,298.7779,5.114917,166.5451,0.02357007,-1
232.8631,2.406736,296.6629,7.403387,165.9542,0.3954829,-1
233.4794,2.407169,294.2225,8.135858,165.3191,1.179241,-1
234.1773,2.407647,291.6209,7.884912,164.6519,2.042003,-1
234.9029,2.407894,288.9855,7.572161,164.248,2.488513,-1
235.6597,2.408098,286.3252,7.747216,163.7589,2.857836,-1
236.475,2.408123,283.542,7.543768,163.3724,2.902987,-1
237.256,2.408495,280.937,7.267422,163.0634,3.572731,-1
238.1231,2.409245,278.0782,7.199102,162.8106,4.929974,-1
239.0457,2.408782,275.1491,8.469079,156.325,4.102923,-1
240.2886,2.401742,272.5331,9.295587,154.3894,3.875782,-1
241.5421,2.407527,269.6586,8.877644,160.6334,1.831641,-1
242.475,2.405729,266.9044,8.282182,161.8502,358.574,-1
242.8133,2.404845,264.7584,7.769424,163.6588,356.9767,-1
243.1521,2.406216,262.5206,7.980091,162.7505,0.08008676,-1
243.9665,2.409212,259.8715,9.443228,162.4798,4.897693,-1
245.0911,2.409176,257.6686,9.205799,160.5433,4.856894,-1
246.4914,2.407639,255.6957,7.97675,163.5197,2.029267,-1
247.2862,2.406656,253.5633,6.719748,164.0224,0.2498438,-1
247.1627,2.398743,252.1809,3.932156,164.2821,357.6213,-1
247.2399,2.407158,251.4734,3.815706,163.7,1.150198,-1
247.4663,2.407026,250.7028,4.448901,163.4372,0.9136046,-1
247.7799,2.406611,249.6424,2.808868,163.4462,0.167993,-1
247.9469,2.401483,249.0849,0.09520091,162.2383,0.1133325,-1
247.9807,1.023457,249.0837,0,180.0008,0,enter2
247.9504,2.398576,249.0732,359.3306,160.9914,0.2050269,-1
247.9504,2.398635,249.0733,359.4956,161.1473,0.3071175,-1
247.9505,2.398521,249.0729,0.5764751,160.3287,0.1029895,-1
247.9509,2.398654,249.072,0.8912045,158.5859,0.3411161,-1
247.9526,2.397818,249.0683,2.722177,151.2898,358.8438,-1
247.9591,2.397743,249.06,4.669121,132.1997,358.7069,-1
247.9666,2.397132,249.0549,5.410253,115.8321,357.6056,-1
247.9733,2.398368,249.0525,6.926231,103.3831,359.8278,-1
247.9837,2.399158,249.0518,5.678121,84.68978,1.251116,-1
247.9918,2.397135,249.0537,6.42884,69.31417,357.6057,-1
247.9939,2.397667,249.0545,8.255256,65.34618,358.5602,-1
247.9961,2.398087,249.0556,5.980185,61.10243,359.3227,-1
247.9807,1.023463,249.0836,0,180.0008,0,exit2
247.9998,2.398834,249.0557,8.220341,55.4269,0.08827646,-1
248.0326,2.403941,249.0174,8.06214,50.09228,357.9078,-1
248.0651,2.404522,248.9888,7.759613,40.40029,356.3935,-1
248.0682,2.404877,248.9883,7.114764,36.89771,357.0399,-1
248.0848,2.404299,248.9841,7.905556,27.87789,356.1642,-1
248.1414,2.400728,248.9497,8.274179,40.48304,358.4987,-1
248.4451,2.406248,249.2574,10.02742,41.82287,359.5109,-1
249.7139,2.405027,250.7047,12.64173,40.25446,0.4986495,-1
251.3332,2.407781,252.5997,13.44829,40.29329,2.326821,-1
253.1372,2.40809,254.7347,13.10504,39.8555,2.892323,-1
254.8619,2.406415,256.8242,12.3989,38.94001,2.494946,-1
256.5372,2.407758,258.9115,11.79939,38.78776,2.270794,-1
258.1919,2.407583,260.9578,11.7293,39.09769,1.949938,-1
259.8631,2.402236,263.0189,11.74013,38.90331,1.812282,-1
261.5811,2.407432,265.1404,11.51242,38.97428,1.672463,-1
263.3268,2.400646,267.2977,11.4467,37.65706,0.2930613,-1
264.8844,2.404039,269.5437,11.85949,30.35717,356.9905,-1
266.4644,2.406844,271.9945,11.69541,36.71523,0.5983941,-1
268.1232,2.406711,274.2395,11.46325,36.53285,0.35359,-1
269.7412,2.400458,276.4275,11.50855,36.2092,0.451331,-1
271.3717,2.406899,278.6747,11.24653,35.66287,0.6971035,-1
272.9191,2.406819,280.8409,11.24622,35.40677,0.551089,-1
274.538,2.397017,283.1118,11.04067,35.55533,0.3023461,-1
276.174,2.406718,285.4055,10.8666,35.37946,0.3658335,-1
277.824,2.406774,287.7148,10.64983,37.09658,0.4678762,-1
279.6418,2.405457,290.031,9.542171,39.99918,358.3644,-1
281.3193,2.401352,291.9907,6.75498,41.25968,355.1417,-1
282.8382,2.404272,293.7281,5.827693,41.102,355.956,-1
284.405,2.405031,295.5364,6.167383,40.13464,357.3231,-1
285.9071,2.405038,297.3391,6.046738,39.50399,357.3359,-1
287.4292,2.402075,299.1789,6.199969,39.57173,357.2091,-1
288.9163,2.405008,300.9676,6.083393,39.70821,357.2826,-1
290.3623,2.404794,302.7141,5.934843,39.55013,356.8962,-1
291.7508,2.404858,304.3979,5.972303,39.22076,357.0127,-1
293.2704,2.404876,306.262,5.816307,39.03371,357.0453,-1
294.6733,2.404749,308.0007,4.889227,38.3982,356.8215,-1
295.9083,2.403362,309.5838,6.248864,37.25048,356.7029,-1
297.3054,2.405424,311.4421,9.131119,36.07225,358.0178,-1
298.9011,2.40297,313.6541,9.477922,35.52814,357.5898,-1
300.3852,2.404927,315.7402,10.03889,35.16952,357.1078,-1
301.9424,2.404814,317.9477,11.27968,34.98656,356.8885,-1
303.5711,2.404785,320.2811,11.62037,34.85021,356.8325,-1
305.205,2.404731,322.6309,11.19081,34.6864,356.7386,-1
306.8469,2.404753,325.0054,10.88086,34.603,356.7813,-1
308.4859,2.404499,327.3857,10.13818,34.46645,356.3261,-1
309.985,2.399588,329.568,7.433212,34.45106,355.8769,-1
311.3049,2.403724,331.4929,4.98262,34.32049,354.9729,-1
312.5151,2.403509,333.2682,3.885695,34.17258,354.594,-1
313.5161,2.403596,334.7353,3.643105,34.28423,355.0661,-1
313.9416,2.403542,335.3582,2.747142,34.89455,354.6593,-1
313.9509,1.031517,335.4283,0,180.0008,0,enter0
