*Subject
7
*Layout
1
*Condition
True,True,True,False,True
*Marks
301.8155,0,179.9883
248.9725,0,252.8416
206.9118,0,222.3336
*Path
x,y,z,flag
194.5923,2.402917,218.3381,356.0945,278.9257,353.5247,-1
194.5928,2.403012,218.338,355.7227,279.8413,353.6942,-1
194.5937,2.403172,218.3379,355.295,281.3612,353.979,-1
194.5936,2.402982,218.3379,354.933,281.3645,353.6324,-1
194.5948,2.402908,218.3376,354.2035,283.6517,353.4903,-1
194.5956,2.402547,218.3374,355.1428,285.0054,352.8477,-1
194.599,2.402316,218.3363,354.1685,291.6233,352.4167,-1
194.6092,2.403796,218.3302,354.6442,312.8573,355.1009,-1
194.6124,2.404193,218.3268,356.3481,321.102,355.827,-1
194.613,2.404441,218.3261,357.4189,322.6524,356.2759,-1
194.6166,2.403802,218.32,359.0029,335.2893,355.1329,-1
194.6188,2.402115,218.3126,0.5425791,349.206,352.0924,-1
194.6191,2.402743,218.3018,1.643021,8.601942,353.2251,-1
194.6141,2.402976,218.289,359.213,33.83261,353.6451,-1
194.6086,2.401738,218.2829,356.1269,49.28423,351.3917,-1
194.6025,2.403929,218.2784,355.6584,62.6644,355.3471,-1
194.6032,2.405602,218.2787,356.9406,60.96059,358.3595,-1
194.6068,2.404737,218.2811,357.2879,53.27666,356.8078,-1
194.6117,2.404997,218.2856,357.5847,41.29357,357.2754,-1
194.6115,2.40379,218.2855,357.3616,41.93578,355.1053,-1
194.6112,2.403589,218.2852,357.4537,42.51548,354.7447,-1
194.611,2.40348,218.285,357.9645,43.03666,354.5505,-1
194.611,2.403562,218.285,357.9764,43.02669,354.6979,-1
194.6109,2.403649,218.2849,358.1227,43.25316,354.8543,-1
194.611,2.403671,218.2849,358.5443,43.14589,354.8965,-1
194.6109,2.403642,218.2849,358.5148,43.25246,354.8436,-1
194.611,2.403677,218.2849,358.4318,43.14532,354.9065,-1
194.611,2.403643,218.285,358.5165,43.02512,354.8455,-1
194.6111,2.403754,218.2851,358.66,42.73235,355.0461,-1
194.6112,2.403709,218.2851,358.3825,42.63002,354.9633,-1
194.6111,2.403575,218.2851,357.7596,42.78403,354.7217,-1
194.6111,2.403514,218.285,358.2245,42.91026,354.6133,-1
194.6112,2.403641,218.2851,358.6263,42.60658,354.8414,-1
194.6111,2.403575,218.2851,357.5561,42.82886,354.7199,-1
194.6111,2.40373,218.2851,357.8637,42.86642,354.9996,-1
194.6112,2.4037,218.2852,357.7622,42.64188,354.946,-1
194.6112,2.403704,218.2852,358.2226,42.48121,354.9543,-1
194.6113,2.403605,218.2852,358.6373,42.31408,354.7778,-1
194.6111,2.403691,218.2851,359.0804,42.65701,354.9333,-1
194.6112,2.403612,218.2852,359.4813,42.51464,354.7903,-1
194.6113,2.403668,218.2853,359.3355,42.17492,354.8918,-1
194.6113,2.403579,218.2853,0.361345,42.07968,354.7327,-1
194.6109,2.403317,218.2849,5.980432,42.42959,354.2296,-1
194.6082,2.40338,218.2823,8.653501,48.88281,354.3095,-1
194.6097,2.403466,218.2837,7.352661,45.4776,354.4837,-1
194.6107,2.403292,218.2847,4.628139,43.26065,354.197,-1
194.6107,2.40319,218.2847,2.530895,43.39291,354.0255,-1
194.6113,2.403624,218.2853,1.414927,42.01055,354.811,-1
194.6118,2.403538,218.2859,1.908352,40.57114,354.6555,-1
194.6119,2.403316,218.286,1.887705,40.34586,354.2557,-1
194.6119,2.40345,218.286,2.514983,40.17099,354.4946,-1
194.612,2.403631,218.2861,3.18672,39.95518,354.8174,-1
194.6121,2.403686,218.2862,3.25784,39.74358,354.9165,-1
194.6121,2.403716,218.2862,3.527968,39.62905,354.9681,-1
194.6122,2.40365,218.2863,4.816363,39.14624,354.8411,-1
194.6124,2.40379,218.2866,7.914552,38.32207,355.0641,-1
194.6131,2.403836,218.2874,11.29167,36.22816,355.0986,-1
194.6134,2.403898,218.2878,12.58131,35.23122,355.1886,-1
194.6142,2.403758,218.289,13.88894,32.43187,354.9038,-1
194.6142,2.403114,218.2892,15.54718,31.70249,353.6628,-1
194.6147,2.404178,218.2897,19.53222,30.68066,355.5516,-1
194.6146,2.405094,218.2894,20.98567,31.62904,357.2698,-1
194.6155,2.405036,218.291,22.5823,28.29999,357.1272,-1
194.6159,2.403893,218.2918,23.80131,25.67796,354.8585,-1
194.6155,2.405714,218.291,9.644426,29.13833,358.5416,-1
194.6165,2.402276,218.2935,353.052,25.53019,352.3277,-1
194.6164,2.398478,218.2952,358.4529,22.07926,345.4445,-1
194.614,2.390613,218.2978,12.96554,11.15271,329.3364,-1
194.6092,2.383207,218.3027,26.24171,338.8719,305.6929,-1
194.6067,2.380976,218.3038,29.09486,320.9294,294.0168,-1
194.6061,2.380749,218.3021,35.09285,301.3216,280.2158,-1
194.6064,2.38126,218.3006,37.57887,296.3159,275.1791,-1
194.6068,2.381521,218.301,38.31739,295.0004,275.3785,-1
194.6067,2.381489,218.3007,38.43853,292.4288,273.107,-1
194.6073,2.382274,218.2997,40.74779,289.9936,270.2325,-1
194.6116,2.389017,218.2947,42.37577,349.9304,312.2441,-1
194.6124,2.396968,218.2888,30.79405,25.1223,339.6725,-1
194.6152,2.40433,218.2905,22.49629,28.7816,355.757,-1
194.615,2.409804,218.2903,28.61996,34.06103,6.719941,-1
194.6184,2.407174,218.2979,34.07676,16.60039,1.420503,-1
194.6156,2.407893,218.2911,49.39336,32.06345,3.787178,-1
194.6137,2.405457,218.2881,53.22965,32.89368,356.8287,-1
194.6113,2.405423,218.2852,57.62351,39.1788,356.34,-1
194.614,2.406739,218.2885,66.50143,35.44686,0.995527,-1
194.6178,2.406005,218.2958,67.55875,17.60804,357.5969,-1
194.6191,2.406324,218.3007,71.09602,9.805241,358.9355,-1
194.6192,2.406977,218.3013,75.62421,12.78437,3.317753,-1
194.6196,2.408347,218.3073,81.77433,22.1759,23.56397,-1
194.6196,2.408396,218.3076,82.13618,23.56112,25.42322,-1
194.6196,2.408397,218.3076,82.13623,23.56116,25.42326,-1
194.614,2.402823,218.3245,82.34301,205.6997,240.0287,-1
194.5996,2.398916,218.3354,74.69241,175.8759,244.1177,-1
194.595,2.398614,218.3368,75.06039,176.4804,253.3272,-1
194.5926,2.399031,218.3374,76.08963,175.3547,256.6721,-1
194.5921,2.404326,218.3383,85.45679,218.1664,300.184,-1
194.5918,2.404285,218.3383,85.36439,217.8626,300.347,-1
194.5917,2.404258,218.3383,85.31559,217.4694,300.1833,-1
194.5914,2.404218,218.3383,85.13635,218.9271,302.0644,-1
194.5913,2.404204,218.3384,85.12492,218.3642,301.7447,-1
194.5912,2.404189,218.3384,85.10374,217.927,301.5496,-1
194.591,2.404173,218.3384,85.07766,217.5482,301.4095,-1
194.5909,2.40416,218.3384,85.05161,217.291,301.3866,-1
194.5908,2.404146,218.3384,85.02106,217.0563,301.3874,-1
194.5906,2.404138,218.3384,85.0059,216.7572,301.3348,-1
194.5905,2.404138,218.3384,85.00645,216.5147,301.3342,-1
194.5903,2.40416,218.3385,85.04868,216.3624,301.4314,-1
194.5902,2.404183,218.3385,85.09048,216.2297,301.5492,-1
194.5901,2.404203,218.3385,85.1246,216.1241,301.6946,-1
194.5899,2.404224,218.3385,85.15912,216.0457,301.8708,-1
194.5898,2.404244,218.3385,85.19495,215.9351,302.0169,-1
194.5897,2.404261,218.3385,85.22423,215.7869,302.12,-1
194.5895,2.404277,218.3385,85.25137,215.6947,302.2834,-1
194.5894,2.404289,218.3385,85.27047,215.5202,302.3731,-1
194.5892,2.404305,218.3386,85.29856,215.3918,302.5039,-1
194.5891,2.404318,218.3386,85.3212,215.2532,302.6206,-1
194.5889,2.404333,218.3386,85.34339,215.1388,302.7759,-1
194.5888,2.404343,218.3386,85.35818,215.0058,302.9212,-1
194.5886,2.404355,218.3386,85.38081,214.7858,302.9654,-1
194.5885,2.404365,218.3386,85.39981,214.5542,303.0103,-1
194.5883,2.404372,218.3386,85.41141,214.3574,303.0789,-1
194.5882,2.40438,218.3386,85.42004,214.2494,303.2438,-1
194.588,2.404386,218.3386,85.43009,214.0021,303.2729,-1
194.5879,2.40439,218.3386,85.43863,213.7522,303.2886,-1
194.5877,2.404394,218.3386,85.44362,213.5689,303.3642,-1
194.5876,2.4044,218.3386,85.45248,213.3748,303.4381,-1
194.5874,2.404403,218.3386,85.45808,213.1204,303.4658,-1
194.5873,2.404404,218.3386,85.46412,212.7931,303.3983,-1
194.5871,2.404411,218.3386,85.47364,212.6123,303.4782,-1
194.587,2.404412,218.3386,85.47562,212.3755,303.5084,-1
194.5868,2.404416,218.3386,85.48386,212.1063,303.5054,-1
194.5867,2.404418,218.3386,85.48447,211.9438,303.5978,-1
194.5865,2.404426,218.3386,85.4962,211.7399,303.6542,-1
194.5864,2.404428,218.3386,85.4935,211.6507,303.8313,-1
194.5863,2.404431,218.3386,85.49793,211.4027,303.8522,-1
194.5861,2.404428,218.3386,85.4922,211.1267,303.8518,-1
194.586,2.40443,218.3386,85.49385,210.9124,303.904,-1
194.5858,2.404432,218.3385,85.49532,210.6686,303.9375,-1
194.5856,2.404435,218.3385,85.50063,210.4015,303.9518,-1
194.5855,2.404437,218.3385,85.50539,210.1288,303.9454,-1
194.5853,2.40444,218.3385,85.51118,209.8878,303.9847,-1
194.5852,2.404442,218.3385,85.51739,209.5779,303.9533,-1
194.585,2.404446,218.3385,85.52354,209.322,303.9707,-1
194.5849,2.404443,218.3385,85.51983,209.0219,303.9392,-1
194.5847,2.404441,218.3385,85.51913,208.6722,303.8634,-1
194.5846,2.40444,218.3384,85.51834,208.3714,303.8301,-1
194.5844,2.404444,218.3384,85.52727,208.1129,303.8459,-1
194.5843,2.404446,218.3384,85.53252,207.8041,303.8156,-1
194.5841,2.404449,218.3384,85.5392,207.5058,303.7968,-1
194.584,2.404453,218.3384,85.54279,207.3247,303.8894,-1
194.5838,2.404454,218.3384,85.54117,207.1278,303.9732,-1
194.5837,2.404455,218.3383,85.54394,206.8754,303.9894,-1
194.5835,2.404453,218.3383,85.53783,206.6179,304.0099,-1
194.5834,2.404454,218.3383,85.53841,206.3623,304.0305,-1
194.5832,2.404455,218.3383,85.53932,206.1217,304.0693,-1
194.5831,2.404457,218.3383,85.54117,205.8768,304.0953,-1
194.5829,2.404454,218.3382,85.53836,205.5343,304.023,-1
194.5827,2.404453,218.3382,85.5378,205.2197,303.9929,-1
194.5826,2.404453,218.3382,85.54086,204.9036,303.9545,-1
194.5824,2.404451,218.3382,85.5392,204.5529,303.8838,-1
194.5823,2.404451,218.3381,85.53858,204.2915,303.9004,-1
194.5821,2.404451,218.3381,85.53937,204.009,303.8795,-1
194.582,2.404452,218.3381,85.54091,203.7794,303.9138,-1
194.5818,2.404454,218.3381,85.54491,203.5064,303.9163,-1
194.5817,2.404456,218.338,85.54359,203.3149,303.991,-1
194.5816,2.404455,218.338,85.54333,203.0448,303.9877,-1
194.5814,2.404456,218.338,85.54465,202.7898,304.0006,-1
194.5813,2.40446,218.338,85.54852,202.6075,304.0938,-1
194.5811,2.404459,218.3379,85.5435,202.4027,304.1596,-1
194.581,2.404459,218.3379,85.54359,202.139,304.1568,-1
194.5808,2.404461,218.3379,85.54701,201.8624,304.1492,-1
194.5807,2.404462,218.3378,85.55636,201.4487,304.0137,-1
194.5805,2.404461,218.3378,85.5461,201.3493,304.1848,-1
194.5804,2.404459,218.3378,85.54095,201.0709,304.1885,-1
194.5802,2.404459,218.3377,85.53845,200.8215,304.2124,-1
194.5801,2.404462,218.3377,85.54271,200.5987,304.2635,-1
194.5799,2.404463,218.3376,85.54561,200.3474,304.2728,-1
194.5798,2.40446,218.3376,85.54156,200.0366,304.2364,-1
194.5796,2.404458,218.3376,85.54012,199.6777,304.1445,-1
194.5795,2.404459,218.3375,85.54139,199.4222,304.1549,-1
194.5794,2.404457,218.3375,85.54078,199.0984,304.0976,-1
194.5792,2.404455,218.3375,85.54267,198.7387,304.0022,-1
194.5791,2.404454,218.3374,85.54324,198.4023,303.9265,-1
194.5789,2.40445,218.3374,85.53963,198.0736,303.8632,-1
194.5788,2.404448,218.3373,85.53043,197.8561,303.908,-1
194.5786,2.404444,218.3373,85.52613,197.5177,303.8314,-1
194.5785,2.404442,218.3372,85.52447,197.2242,303.8024,-1
194.5784,2.404443,218.3372,85.52394,197.0446,303.8696,-1
194.5782,2.404443,218.3372,85.52202,196.7811,303.8706,-1
194.5781,2.404445,218.3371,85.52863,196.5087,303.8584,-1
194.578,2.404448,218.3371,85.53301,196.2886,303.8894,-1
194.5778,2.404446,218.337,85.52942,196.0313,303.8793,-1
194.5777,2.404445,218.337,85.52705,195.7512,303.8521,-1
194.5776,2.404444,218.3369,85.5277,195.4733,303.822,-1
194.5774,2.404443,218.3369,85.52696,195.2198,303.8094,-1
194.5773,2.404448,218.3369,85.53503,195.0009,303.8469,-1
194.5772,2.404449,218.3368,85.53775,194.7605,303.8547,-1
194.577,2.404448,218.3368,85.53402,194.4841,303.8419,-1
194.5769,2.404448,218.3367,85.53591,194.1997,303.8113,-1
194.5768,2.40445,218.3367,85.54183,193.9566,303.8102,-1
194.5766,2.404454,218.3366,85.55173,193.6674,303.7698,-1
194.5765,2.404453,218.3366,85.55107,193.4095,303.7621,-1
194.5764,2.404455,218.3365,85.54887,193.2667,303.8687,-1
194.5763,2.404459,218.3365,85.55402,193.1104,303.9533,-1
194.5761,2.404465,218.3365,85.57535,192.6979,303.7855,-1
194.576,2.404471,218.3364,85.62489,191.7452,303.0762,-1
194.5759,2.404475,218.3363,85.66027,190.965,302.5282,-1
194.5758,2.404469,218.3363,85.63933,190.8636,302.6678,-1
194.5756,2.404466,218.3362,85.62668,190.7683,302.8151,-1
194.5755,2.404406,218.3362,85.37788,192.7471,305.0452,-1
194.5751,2.404523,218.336,85.65612,191.5385,304.6304,-1
194.5748,2.40443,218.3359,85.38654,192.1235,305.8115,-1
194.5747,2.404427,218.3358,85.37649,191.956,305.8841,-1
194.5746,2.404425,218.3358,85.36502,191.8363,305.9878,-1
194.5744,2.404422,218.3357,85.35139,191.7208,306.1042,-1
194.5743,2.404425,218.3357,85.35556,191.5594,306.1701,-1
194.5742,2.404424,218.3356,85.33545,191.6307,306.4629,-1
194.5741,2.404429,218.3356,85.37204,190.9667,306.0275,-1
194.574,2.404428,218.3355,85.40991,190.044,305.3178,-1
194.5739,2.404427,218.3355,85.417,189.6748,305.1519,-1
194.5738,2.404424,218.3354,85.41547,189.4131,305.0961,-1
194.5737,2.404424,218.3354,85.40944,189.2987,305.1906,-1
194.5736,2.40442,218.3353,85.40279,189.0439,305.1475,-1
194.5734,2.404428,218.3352,85.3441,189.9974,306.4524,-1
194.5733,2.404413,218.3352,85.31492,189.6576,306.3718,-1
194.5732,2.404415,218.3351,85.32144,189.4359,306.3543,-1
194.5731,2.40442,218.3351,85.32768,189.3116,306.4437,-1
194.5729,2.404457,218.335,85.40858,189.0542,306.4522,-1
194.5728,2.404441,218.3349,85.38322,188.6536,306.2789,-1
194.5727,2.404442,218.3349,85.39964,188.2267,306.0548,-1
194.5726,2.404439,218.3348,85.40987,187.7344,305.7583,-1
194.5725,2.40443,218.3348,85.40415,187.2922,305.5052,-1
194.5724,2.404431,218.3347,85.40978,187.0515,305.4546,-1
194.5723,2.404428,218.3347,85.41264,186.6608,305.2608,-1
194.5723,2.404425,218.3346,85.41013,186.4378,305.2242,-1
194.5721,2.404429,218.3346,85.41431,186.3369,305.3134,-1
194.5721,2.404431,218.3345,85.41499,186.2013,305.3673,-1
194.572,2.404435,218.3345,85.41867,186.068,305.4369,-1
194.5719,2.40444,218.3344,85.42132,186.0469,305.6106,-1
194.5718,2.404442,218.3344,85.42285,185.878,305.6391,-1
194.5717,2.40444,218.3343,85.41145,185.8179,305.7782,-1
194.5716,2.404437,218.3343,85.42483,185.2711,305.4204,-1
194.5715,2.404439,218.3342,85.46473,184.4634,304.794,-1
194.5714,2.404444,218.3341,85.4853,184.0929,304.6065,-1
194.5713,2.404447,218.3341,85.48851,183.9538,304.6589,-1
194.5712,2.40445,218.334,85.48777,183.9333,304.8255,-1
194.5711,2.404451,218.334,85.48651,183.8107,304.8811,-1
194.5711,2.404454,218.334,85.4915,183.7134,304.8905,-1
194.5711,2.404454,218.334,85.4915,183.7134,304.8905,-1
194.5711,2.404454,218.334,85.4915,183.7134,304.8905,-1
194.571,2.404449,218.3339,85.48611,183.3552,304.8106,-1
194.5709,2.404453,218.3338,85.48969,183.2623,304.8922,-1
194.5708,2.404452,218.3338,85.4859,183.1278,304.9341,-1
194.5707,2.404454,218.3337,85.49451,182.8475,304.8252,-1
194.5706,2.404451,218.3337,85.49168,182.6181,304.769,-1
194.5706,2.404452,218.3336,85.49393,182.4605,304.775,-1
194.5705,2.404454,218.3336,85.49829,182.293,304.7792,-1
194.5704,2.404458,218.3335,85.50991,182.0636,304.7021,-1
194.5703,2.404456,218.3335,85.5049,181.9131,304.712,-1
194.5703,2.404453,218.3334,85.51202,181.5153,304.4701,-1
194.5702,2.404446,218.3334,85.43009,182.5622,305.6763,-1
194.5701,2.404456,218.3333,85.40641,183.2084,306.4776,-1
194.57,2.404452,218.3333,85.40974,182.846,306.2762,-1
194.57,2.404456,218.3333,85.43503,182.3938,305.9788,-1
194.5699,2.404457,218.3332,85.45081,181.9883,305.7298,-1
194.5698,2.404463,218.3332,85.46901,181.7762,305.6659,-1
194.5697,2.404464,218.3331,85.47395,181.5513,305.596,-1
194.5697,2.404461,218.333,85.47658,181.2493,305.4445,-1
194.5696,2.404462,218.333,85.48577,180.973,305.3075,-1
194.5695,2.404458,218.3329,85.48508,180.6842,305.1635,-1
194.5695,2.404459,218.3329,85.4938,180.4184,305.0395,-1
194.5694,2.404459,218.3329,85.50146,180.1664,304.92,-1
194.5694,2.40446,218.3328,85.50865,179.9414,304.8427,-1
194.5693,2.404463,218.3328,85.51506,179.7833,304.8161,-1
194.5692,2.404461,218.3327,85.51433,179.5973,304.7615,-1
194.5692,2.404458,218.3327,85.50852,179.4603,304.7534,-1
194.5691,2.404459,218.3327,85.50926,179.3676,304.7901,-1
194.5691,2.404457,218.3326,85.50317,179.2433,304.7926,-1
194.569,2.404458,218.3326,85.49973,179.2187,304.8956,-1
194.5689,2.404455,218.3326,85.49129,179.1559,304.9581,-1
194.5689,2.404457,218.3325,85.48972,179.1121,305.0379,-1
194.5688,2.404458,218.3325,85.48625,179.1107,305.167,-1
194.5688,2.404459,218.3324,85.48416,179.0286,305.2113,-1
194.5687,2.404461,218.3324,85.48603,178.9697,305.2681,-1
194.5687,2.40446,218.3323,85.47884,178.951,305.3703,-1
194.5686,2.404462,218.3323,85.48186,178.8591,305.3947,-1
194.5686,2.40446,218.3322,85.4739,178.8184,305.4716,-1
194.5685,2.40446,218.3322,85.47442,178.6691,305.4435,-1
194.5685,2.404459,218.3322,85.47147,178.5788,305.463,-1
194.5684,2.404456,218.3322,85.46546,178.475,305.4669,-1
194.5684,2.404455,218.3321,85.46231,178.3808,305.4832,-1
194.5683,2.404453,218.3321,85.45812,178.2464,305.4547,-1
194.5683,2.404453,218.332,85.46028,178.1032,305.4108,-1
194.5682,2.404452,218.332,85.4586,178.0065,305.4156,-1
194.5682,2.404454,218.332,85.46041,177.9585,305.4645,-1
194.5681,2.404457,218.3319,85.46171,177.9586,305.5613,-1
194.5681,2.404454,218.3319,85.45382,177.8862,305.5841,-1
194.5681,2.404456,218.3319,85.4586,177.7611,305.5583,-1
194.568,2.404454,218.3318,85.44986,177.7423,305.6327,-1
194.568,2.404443,218.3318,85.44926,177.2313,305.2181,-1
194.5679,2.404419,218.3318,85.45171,176.1413,304.22,-1
194.5679,2.404442,218.3318,85.52438,175.6565,303.8152,-1
194.5679,2.404445,218.3317,85.52464,175.67,303.9219,-1
194.5678,2.404445,218.3317,85.51997,175.6925,304.0225,-1
194.5678,2.404449,218.3317,85.52193,175.7496,304.1592,-1
194.5677,2.404451,218.3316,85.52101,175.7373,304.2295,-1
194.5677,2.404456,218.3316,85.5277,175.7363,304.3098,-1
194.5677,2.404459,218.3316,85.53139,175.7057,304.3569,-1
194.5676,2.404459,218.3315,85.52496,175.7691,304.4959,-1
194.5676,2.404457,218.3315,85.52228,175.6486,304.4438,-1
194.5676,2.404453,218.3315,85.51691,175.5392,304.4085,-1
194.5676,2.404454,218.3315,85.51537,175.5048,304.441,-1
194.5675,2.404453,218.3315,85.509,175.5231,304.5253,-1
194.5675,2.404451,218.3314,85.5039,175.4968,304.5618,-1
194.5675,2.404448,218.3314,85.50063,175.3383,304.4689,-1
194.5674,2.404448,218.3314,85.50285,175.2617,304.4495,-1
194.5674,2.404447,218.3314,85.50398,175.1211,304.3697,-1
194.5674,2.404445,218.3313,85.50552,174.9648,304.2717,-1
194.5674,2.404443,218.3313,85.50791,174.8006,304.1677,-1
194.5674,2.404441,218.3313,85.5097,174.6335,304.0605,-1
194.5673,2.404445,218.3313,85.51856,174.5294,304.0171,-1
194.5673,2.404443,218.3313,85.518,174.4083,303.9479,-1
194.5673,2.404444,218.3312,85.52132,174.3448,303.9384,-1
194.5672,2.404442,218.3312,85.51485,174.3352,303.9838,-1
194.5672,2.404441,218.3312,85.52026,174.122,303.8209,-1
194.5672,2.404442,218.3312,85.52482,174.0597,303.8067,-1
194.5672,2.404443,218.3312,85.52859,173.9654,303.7662,-1
194.5672,2.404441,218.3311,85.52473,173.9294,303.7736,-1
194.5672,2.404438,218.3311,85.53126,173.638,303.5262,-1
194.5671,2.40444,218.3311,85.53178,173.658,303.587,-1
194.5671,2.404441,218.3311,85.53753,173.5256,303.4958,-1
194.5671,2.404435,218.3311,85.54693,173.0709,303.0799,-1
194.5671,2.404442,218.3311,85.57606,172.7484,302.7963,-1
194.5671,2.404332,218.3311,85.15096,176.0709,306.1297,-1
194.567,2.404398,218.331,85.30602,175.7217,306.0031,-1
194.5669,2.404415,218.3309,85.33427,175.6938,306.1255,-1
194.5668,2.404382,218.3309,85.19952,176.5525,307.15,-1
194.5668,2.404399,218.3309,85.23425,176.5541,307.1903,-1
194.5668,2.404402,218.3308,85.24165,176.5398,307.1922,-1
194.5668,2.404402,218.3308,85.23869,176.5404,307.2083,-1
194.5668,2.404398,218.3308,85.23223,176.5006,307.1925,-1
194.5668,2.404396,218.3308,85.22357,176.5358,307.2483,-1
194.5668,2.404393,218.3308,85.21733,176.5213,307.2526,-1
194.5668,2.404392,218.3308,85.21447,176.5196,307.2642,-1
194.5668,2.404392,218.3308,85.21198,176.5283,307.2716,-1
194.5668,2.404391,218.3308,85.20858,176.5513,307.2975,-1
194.5668,2.404391,218.3308,85.20879,176.552,307.3035,-1
194.5668,2.404391,218.3308,85.20956,176.5419,307.2972,-1
194.5668,2.404394,218.3308,85.21746,176.5199,307.276,-1
194.5668,2.404392,218.3308,85.21223,176.5196,307.2762,-1
194.5668,2.404391,218.3308,85.21407,176.4608,307.2145,-1
194.5668,2.404389,218.3308,85.21378,176.388,307.1417,-1
194.5668,2.404389,218.3308,85.21661,176.3674,307.1221,-1
194.5668,2.40439,218.3308,85.22144,176.3083,307.062,-1
194.5668,2.40439,218.3308,85.22282,176.3069,307.0606,-1
194.5668,2.404394,218.3308,85.23211,176.307,307.0561,-1
194.5668,2.404398,218.3308,85.23811,176.343,307.083,-1
194.5668,2.4044,218.3308,85.24461,176.3438,307.0699,-1
194.5668,2.404401,218.3308,85.24482,176.374,307.0921,-1
194.5668,2.404404,218.3308,85.24648,176.4793,307.1818,-1
194.5668,2.404404,218.3308,85.24935,176.4517,307.1433,-1
194.5668,2.404399,218.3308,85.23885,176.4459,307.133,-1
194.5668,2.404402,218.3308,85.24058,176.5046,307.1844,-1
194.5668,2.404404,218.3308,85.24573,176.5166,307.1814,-1
194.5668,2.404405,218.3309,85.24693,176.5627,307.2049,-1
194.5668,2.404404,218.3309,85.24416,176.5851,307.2,-1
194.5668,2.404405,218.3309,85.24551,176.6109,307.2056,-1
194.5669,2.404405,218.3309,85.24091,176.7271,307.2929,-1
194.5669,2.404406,218.3309,85.24263,176.7547,307.2942,-1
194.5669,2.404406,218.3309,85.24288,176.7603,307.2776,-1
194.5669,2.404406,218.3309,85.24009,176.8336,307.3252,-1
194.5669,2.404407,218.3309,85.24639,176.8169,307.2777,-1
194.5669,2.404408,218.3309,85.24758,176.8794,307.3124,-1
194.5669,2.404411,218.331,85.25417,176.9152,307.3086,-1
194.5669,2.404409,218.331,85.2513,176.9252,307.2788,-1
194.567,2.404411,218.331,85.25303,176.99,307.3081,-1
194.567,2.404416,218.331,85.26121,177.0775,307.3509,-1
194.567,2.404418,218.331,85.26584,177.1545,307.3865,-1
194.567,2.404418,218.331,85.26815,177.1561,307.3455,-1
194.567,2.404418,218.331,85.26666,177.2181,307.3636,-1
194.567,2.404421,218.3311,85.27035,177.2902,307.3927,-1
194.5671,2.40442,218.3311,85.27006,177.3226,307.378,-1
194.5671,2.404419,218.3311,85.26849,177.36,307.3669,-1
194.5671,2.404418,218.3311,85.26542,177.4278,307.3803,-1
194.5671,2.404418,218.3311,85.26542,177.4554,307.3494,-1
194.5672,2.404417,218.3311,85.26447,177.5072,307.3459,-1
194.5672,2.404416,218.3312,85.2648,177.5233,307.3072,-1
194.5672,2.404409,218.3312,85.25117,177.5614,307.2934,-1
194.5672,2.404405,218.3312,85.24112,177.609,307.2914,-1
194.5673,2.404405,218.3312,85.23852,177.7058,307.332,-1
194.5673,2.404402,218.3312,85.23392,177.7387,307.3066,-1
194.5673,2.4044,218.3313,85.23547,177.7062,307.2195,-1
194.5673,2.4044,218.3313,85.23474,177.7623,307.2184,-1
194.5674,2.404402,218.3313,85.23547,177.8818,307.2767,-1
194.5674,2.404402,218.3313,85.23638,177.9384,307.278,-1
194.5674,2.404404,218.3313,85.24165,177.9763,307.2611,-1
194.5674,2.404406,218.3314,85.24425,178.0554,307.2743,-1
194.5675,2.404408,218.3314,85.25203,178.0833,307.2444,-1
194.5675,2.404411,218.3314,85.25249,178.2433,307.3329,-1
194.5675,2.404414,218.3315,85.25683,178.3401,307.3614,-1
194.5676,2.404413,218.3315,85.25319,178.4274,307.3753,-1
194.5676,2.404417,218.3315,85.26038,178.5351,307.4178,-1
194.5676,2.40442,218.3315,85.26054,178.7097,307.5197,-1
194.5676,2.404421,218.3315,85.2593,178.8525,307.5814,-1
194.5677,2.404423,218.3316,85.2617,178.9367,307.5925,-1
194.5677,2.404423,218.3316,85.26103,179.0508,307.6326,-1
194.5677,2.404422,218.3316,85.25723,179.1324,307.6361,-1
194.5678,2.40442,218.3316,85.25591,179.1686,307.5892,-1
194.5678,2.404421,218.3317,85.25822,179.2397,307.5791,-1
194.5678,2.404421,218.3317,85.25832,179.3194,307.5775,-1
194.5679,2.40442,218.3317,85.25732,179.3863,307.5586,-1
194.5679,2.40442,218.3318,85.2617,179.4281,307.5099,-1
194.568,2.404421,218.3318,85.26352,179.5116,307.5084,-1
194.568,2.404421,218.3318,85.26369,179.6024,307.5118,-1
194.568,2.404421,218.3318,85.26294,179.6869,307.5159,-1
194.5681,2.404419,218.3319,85.26414,179.7095,307.4493,-1
194.5681,2.404421,218.3319,85.26691,179.8079,307.4632,-1
194.5681,2.404418,218.3319,85.26219,179.8565,307.4243,-1
194.5682,2.40442,218.332,85.26566,179.9732,307.4468,-1
194.5682,2.404417,218.332,85.26186,180.0149,307.3948,-1
194.5683,2.404415,218.332,85.25397,180.1451,307.4332,-1
194.5683,2.404412,218.3321,85.2496,180.2145,307.4153,-1
194.5684,2.404411,218.3321,85.2487,180.2718,307.378,-1
194.5684,2.404409,218.3321,85.24713,180.3459,307.3594,-1
194.5684,2.404412,218.3322,85.25344,180.4432,307.3654,-1
194.5685,2.404416,218.3322,85.2581,180.5678,307.3951,-1
194.5685,2.404415,218.3322,85.25666,180.6835,307.4171,-1
194.5686,2.404415,218.3322,85.25666,180.7569,307.3982,-1
194.5686,2.404413,218.3323,85.25109,180.8913,307.4366,-1
194.5686,2.404413,218.3323,85.25377,180.9426,307.3899,-1
194.5687,2.404414,218.3324,85.25513,181.0539,307.3958,-1
194.5687,2.404415,218.3324,85.25703,181.1601,307.4028,-1
194.5688,2.404415,218.3324,85.25703,181.2454,307.388,-1
194.5688,2.404418,218.3325,85.26183,181.3705,307.4178,-1
194.5689,2.404419,218.3325,85.26315,181.4924,307.4355,-1
194.5689,2.404418,218.3325,85.26067,181.6209,307.4533,-1
194.569,2.404416,218.3326,85.25832,181.6667,307.4024,-1
194.569,2.404416,218.3326,85.25723,181.7823,307.4121,-1
194.5691,2.404415,218.3326,85.26075,181.8056,307.33,-1
194.5691,2.404413,218.3326,85.26079,181.8609,307.2758,-1
194.5692,2.404413,218.3327,85.25637,182.0425,307.3582,-1
194.5692,2.404415,218.3327,85.25798,182.1776,307.3928,-1
194.5693,2.404416,218.3328,85.26005,182.293,307.3961,-1
194.5693,2.404415,218.3328,85.26046,182.3631,307.3553,-1
194.5694,2.404415,218.3328,85.26079,182.4503,307.33,-1
194.5694,2.404411,218.3329,85.2541,182.5152,307.2903,-1
194.5695,2.404408,218.3329,85.25377,182.5431,307.2043,-1
194.5695,2.404403,218.3329,85.24915,182.5588,307.1034,-1
194.5696,2.404404,218.333,85.24886,182.7025,307.1289,-1
194.5696,2.404407,218.333,85.25484,182.8092,307.1291,-1
194.5697,2.40441,218.333,85.26115,182.9391,307.142,-1
194.5697,2.404412,218.3331,85.26418,183.103,307.189,-1
194.5698,2.404414,218.3331,85.26232,183.3241,307.2907,-1
194.5698,2.404413,218.3332,85.26087,183.3954,307.2486,-1
194.5699,2.404415,218.3332,85.26546,183.5093,307.2448,-1
194.5699,2.404414,218.3332,85.2653,183.6197,307.2357,-1
194.57,2.404412,218.3333,85.25893,183.7595,307.2632,-1
194.5701,2.404409,218.3333,85.25356,183.8725,307.2574,-1
194.5701,2.404408,218.3333,85.25085,183.9973,307.2633,-1
194.5702,2.404406,218.3334,85.24461,184.129,307.2792,-1
194.5702,2.404408,218.3334,85.24717,184.292,307.3158,-1
194.5703,2.404406,218.3334,85.24717,184.3321,307.2396,-1
194.5703,2.404409,218.3335,85.24923,184.5354,307.3256,-1
194.5704,2.404411,218.3335,85.2489,184.6952,307.3691,-1
194.5704,2.404413,218.3336,85.25137,184.8422,307.402,-1
194.5705,2.404412,218.3336,85.25067,184.9554,307.3961,-1
194.5705,2.404414,218.3336,85.25393,185.0915,307.4133,-1
194.5706,2.404414,218.3336,85.25315,185.2135,307.4048,-1
194.5707,2.404413,218.3337,85.25233,185.3144,307.3903,-1
194.5707,2.404412,218.3337,85.24795,185.4939,307.4363,-1
194.5708,2.404412,218.3338,85.24511,185.6465,307.4628,-1
194.5708,2.40441,218.3338,85.24297,185.7545,307.4552,-1
194.5709,2.404408,218.3338,85.23869,185.8481,307.4232,-1
194.571,2.404408,218.3339,85.23746,186.001,307.4457,-1
194.571,2.404409,218.3339,85.23704,186.1933,307.511,-1
194.5711,2.404413,218.334,85.24276,186.3616,307.5556,-1
194.5711,2.404413,218.334,85.24498,186.4441,307.5119,-1
194.5712,2.404411,218.334,85.24133,186.569,307.5098,-1
194.5713,2.40441,218.334,85.23971,186.6764,307.4964,-1
194.5713,2.404414,218.3341,85.24878,186.7918,307.4871,-1
194.5714,2.404413,218.3341,85.24725,186.9086,307.4723,-1
194.5714,2.404411,218.3342,85.24371,187.0199,307.4579,-1
194.5715,2.404413,218.3342,85.24883,187.1524,307.4647,-1
194.5716,2.40441,218.3342,85.24384,187.2464,307.4281,-1
194.5716,2.404412,218.3343,85.25055,187.3387,307.3907,-1
194.5717,2.404411,218.3343,85.24791,187.4885,307.4138,-1
194.5717,2.404417,218.3344,85.25666,187.6866,307.4781,-1
194.5718,2.404418,218.3344,85.25844,187.7958,307.4662,-1
194.5719,2.404416,218.3344,85.25773,187.8828,307.424,-1
194.5719,2.404414,218.3344,85.2569,187.9609,307.3767,-1
194.572,2.404409,218.3345,85.2489,188.0249,307.3127,-1
194.5721,2.404408,218.3345,85.24745,188.1461,307.3059,-1
194.5721,2.404408,218.3345,85.24676,188.2558,307.3183,-1
194.5721,2.404408,218.3345,85.2468,188.2557,307.3182,-1
194.5721,2.404408,218.3345,85.2468,188.2557,307.3182,-1
194.5722,2.404405,218.3346,85.24124,188.4149,307.3011,-1
194.5723,2.404404,218.3346,85.23827,188.5453,307.3098,-1
194.5723,2.404406,218.3347,85.23955,188.7148,307.3469,-1
194.5724,2.404403,218.3347,85.23277,188.8532,307.3481,-1
194.5724,2.404401,218.3347,85.22784,189.0142,307.3777,-1
194.5725,2.404399,218.3348,85.22308,189.1392,307.3743,-1
194.5726,2.404397,218.3348,85.21661,189.2717,307.3802,-1
194.5726,2.404398,218.3348,85.21873,189.4053,307.3952,-1
194.5727,2.404402,218.3349,85.223,189.5992,307.4686,-1
194.5728,2.404407,218.3349,85.22804,189.8047,307.5491,-1
194.5728,2.404408,218.3349,85.22759,189.983,307.6087,-1
194.5729,2.404405,218.335,85.22665,190.0108,307.5098,-1
194.5729,2.404403,218.335,85.22706,190.0948,307.4619,-1
194.573,2.4044,218.335,85.22439,190.1524,307.3884,-1
194.5731,2.404402,218.3351,85.23376,190.1907,307.2929,-1
194.5731,2.404407,218.3351,85.24255,190.3568,307.3329,-1
194.5732,2.40441,218.3351,85.24474,190.5536,307.4138,-1
194.5733,2.404413,218.3351,85.24643,190.7492,307.4822,-1
194.5733,2.404408,218.3352,85.23926,190.8426,307.4501,-1
194.5734,2.404407,218.3352,85.23363,191.0117,307.4828,-1
194.5735,2.40441,218.3353,85.23877,191.1822,307.5132,-1
194.5735,2.404412,218.3353,85.23811,191.4001,307.5934,-1
194.5736,2.404412,218.3353,85.23967,191.5007,307.5573,-1
194.5737,2.404412,218.3354,85.23885,191.645,307.5653,-1
194.5737,2.404413,218.3354,85.24255,191.7697,307.5658,-1
194.5738,2.404414,218.3354,85.24355,191.9003,307.5744,-1
194.5739,2.404418,218.3354,85.24758,192.0921,307.6352,-1
194.5739,2.404418,218.3355,85.24693,192.2326,307.651,-1
194.574,2.404417,218.3355,85.24535,192.364,307.6515,-1
194.574,2.404416,218.3355,85.24795,192.407,307.5669,-1
194.5741,2.404417,218.3356,85.25282,192.511,307.5497,-1
194.5742,2.404419,218.3356,85.25773,192.632,307.5471,-1
194.5742,2.404416,218.3356,85.25055,192.7388,307.5269,-1
194.5743,2.404413,218.3357,85.24606,192.8242,307.4942,-1
194.5744,2.404409,218.3357,85.23754,192.962,307.5075,-1
194.5744,2.404409,218.3357,85.23827,193.054,307.4747,-1
194.5745,2.404411,218.3358,85.23959,193.2425,307.5357,-1
194.5745,2.404411,218.3358,85.23746,193.4111,307.5751,-1
194.5746,2.40441,218.3358,85.23515,193.5338,307.5698,-1
194.5747,2.40441,218.3358,85.23869,193.6113,307.5204,-1
194.5747,2.404411,218.3359,85.24033,193.7466,307.5253,-1
194.5748,2.404412,218.3359,85.23779,193.9483,307.5938,-1
194.5749,2.404414,218.3359,85.23737,194.1386,307.665,-1
194.5749,2.404416,218.3359,85.24025,194.283,307.6864,-1
194.575,2.404417,218.336,85.24322,194.4183,307.6905,-1
194.5751,2.404416,218.336,85.24368,194.4932,307.637,-1
194.5751,2.404413,218.336,85.24165,194.5594,307.5714,-1
194.5752,2.404416,218.3361,85.24482,194.7332,307.6223,-1
194.5753,2.404416,218.3361,85.2442,194.8862,307.6472,-1
194.5753,2.404418,218.3361,85.24474,195.0558,307.6875,-1
194.5754,2.404417,218.3362,85.24413,195.1558,307.6679,-1
194.5755,2.404416,218.3362,85.24413,195.2444,307.6364,-1
194.5755,2.404415,218.3362,85.24363,195.3475,307.6152,-1
194.5756,2.404414,218.3362,85.24375,195.4355,307.5787,-1
194.5756,2.404411,218.3362,85.24255,195.4425,307.4674,-1
194.5757,2.404407,218.3363,85.23762,195.5014,307.4079,-1
194.5758,2.404405,218.3363,85.23252,195.6414,307.4248,-1
194.5758,2.404404,218.3363,85.23046,195.7567,307.423,-1
194.5759,2.404406,218.3363,85.23227,195.9093,307.4536,-1
194.5759,2.404407,218.3364,85.23322,196.0779,307.5028,-1
194.576,2.404405,218.3364,85.23005,196.1559,307.4628,-1
194.5761,2.404405,218.3364,85.23091,196.2571,307.4479,-1
194.5761,2.404402,218.3364,85.22788,196.3133,307.3928,-1
194.5762,2.4044,218.3365,85.22266,196.4437,307.4075,-1
194.5762,2.404397,218.3365,85.21693,196.5412,307.3858,-1
194.5763,2.404397,218.3365,85.21963,196.6335,307.353,-1
194.5764,2.404399,218.3365,85.22308,196.7683,307.3717,-1
194.5764,2.404402,218.3365,85.22882,196.8954,307.3858,-1
194.5765,2.404405,218.3366,85.23457,197.0352,307.4044,-1
194.5766,2.404411,218.3366,85.2428,197.214,307.4632,-1
194.5766,2.404412,218.3366,85.24519,197.3321,307.4679,-1
194.5767,2.404412,218.3366,85.24907,197.3867,307.4037,-1
194.5767,2.404411,218.3367,85.25039,197.4586,307.3625,-1
194.5768,2.404409,218.3367,85.24543,197.5969,307.3805,-1
194.5769,2.404409,218.3367,85.2449,197.7026,307.3681,-1
194.5769,2.404409,218.3367,85.2438,197.8438,307.3988,-1
194.577,2.404408,218.3368,85.24173,197.9335,307.3756,-1
194.577,2.404408,218.3368,85.24247,198.0337,307.3641,-1
194.5771,2.40441,218.3368,85.24523,198.1728,307.3948,-1
194.5772,2.404411,218.3368,85.2442,198.3533,307.4628,-1
194.5772,2.404406,218.3368,85.23248,198.456,307.4527,-1
194.5773,2.404402,218.3369,85.22546,198.5643,307.4509,-1
194.5773,2.404397,218.3369,85.22118,198.5619,307.343,-1
194.5774,2.404398,218.3369,85.22258,198.6643,307.3377,-1
194.5775,2.404398,218.3369,85.22115,198.8166,307.3751,-1
194.5775,2.404401,218.3369,85.2273,198.9021,307.3574,-1
194.5776,2.404397,218.3369,85.22694,198.9054,307.2538,-1
194.5776,2.4044,218.337,85.23013,199.0214,307.277,-1
194.5777,2.404397,218.337,85.22546,199.0831,307.2372,-1
194.5777,2.404395,218.337,85.22406,199.1356,307.1873,-1
194.5778,2.404397,218.337,85.22776,199.2752,307.2275,-1
194.5778,2.404398,218.337,85.22899,199.3922,307.2472,-1
194.5779,2.404397,218.3371,85.2303,199.4097,307.162,-1
194.5779,2.404399,218.3371,85.23531,199.5248,307.1844,-1
194.578,2.4044,218.3371,85.22792,199.7489,307.3161,-1
194.578,2.4044,218.3371,85.22324,199.9394,307.4071,-1
194.5781,2.404399,218.3371,85.2175,200.0768,307.4396,-1
194.5781,2.404398,218.3371,85.21738,200.1705,307.4388,-1
194.5782,2.404399,218.3372,85.22151,200.2275,307.3943,-1
194.5782,2.4044,218.3372,85.21987,200.3676,307.4406,-1
194.5783,2.404403,218.3372,85.22611,200.4899,307.4696,-1
194.5783,2.404406,218.3372,85.23182,200.5902,307.4809,-1
194.5784,2.404406,218.3372,85.23244,200.6736,307.4687,-1
194.5784,2.40441,218.3372,85.23725,200.8119,307.5219,-1
194.5785,2.404413,218.3372,85.24243,200.9186,307.5375,-1
194.5785,2.404415,218.3372,85.2466,201.0424,307.5687,-1
194.5786,2.404417,218.3373,85.25009,201.127,307.563,-1
194.5786,2.404414,218.3373,85.2442,201.1977,307.5526,-1
194.5787,2.404413,218.3373,85.24091,201.2972,307.5661,-1
194.5787,2.404408,218.3373,85.23754,201.2814,307.4633,-1
194.5788,2.40441,218.3373,85.24066,201.3729,307.4721,-1
194.5788,2.404408,218.3373,85.23613,201.4368,307.457,-1
194.5788,2.404408,218.3373,85.23959,201.5042,307.44,-1
194.5789,2.404413,218.3374,85.24392,201.6852,307.54,-1
194.5789,2.404414,218.3374,85.2438,201.8083,307.5819,-1
194.579,2.404415,218.3374,85.24527,201.876,307.5746,-1
194.579,2.404414,218.3374,85.24271,201.9503,307.5728,-1
194.5791,2.404413,218.3374,85.23901,202.0538,307.5955,-1
194.5791,2.404411,218.3374,85.23647,202.13,307.5933,-1
194.5791,2.404407,218.3374,85.22776,202.1874,307.572,-1
194.5792,2.404409,218.3374,85.23124,202.2888,307.5952,-1
194.5792,2.404409,218.3375,85.23335,202.3223,307.5508,-1
194.5793,2.404409,218.3375,85.23256,202.4208,307.5712,-1
194.5793,2.404408,218.3375,85.23298,202.4416,307.5161,-1
194.5793,2.404405,218.3375,85.2312,202.4601,307.457,-1
194.5794,2.404405,218.3375,85.22948,202.5395,307.4657,-1
194.5794,2.4044,218.3375,85.21963,202.6038,307.4572,-1
194.5795,2.4044,218.3375,85.2207,202.6464,307.433,-1
194.5795,2.4044,218.3375,85.21762,202.757,307.4691,-1
194.5795,2.404401,218.3376,85.21954,202.8661,307.5032,-1
194.5796,2.404402,218.3376,85.22004,202.9498,307.519,-1
194.5796,2.404403,218.3376,85.22304,202.9884,307.4899,-1
194.5797,2.404406,218.3376,85.22706,203.1063,307.5367,-1
194.5797,2.404404,218.3376,85.22456,203.1615,307.5295,-1
194.5797,2.404404,218.3376,85.22456,203.2108,307.5244,-1
194.5797,2.404405,218.3376,85.22406,203.3045,307.5546,-1
194.5798,2.404405,218.3376,85.2234,203.3357,307.5677,-1
194.5798,2.404405,218.3376,85.2234,203.3357,307.5677,-1
194.5798,2.4044,218.3376,85.21374,203.3601,307.539,-1
194.5798,2.404399,218.3376,85.21341,203.3885,307.5038,-1
194.5798,2.404402,218.3376,85.22135,203.4324,307.4885,-1
194.5799,2.404405,218.3376,85.22718,203.5225,307.517,-1
194.5799,2.404405,218.3376,85.23116,203.5193,307.4534,-1
194.58,2.404409,218.3376,85.2386,203.6161,307.493,-1
194.58,2.404408,218.3376,85.23506,203.6963,307.5158,-1
194.58,2.40441,218.3377,85.23729,203.7558,307.5204,-1
194.58,2.404409,218.3377,85.237,203.7892,307.4947,-1
194.5801,2.404409,218.3377,85.23934,203.8281,307.4746,-1
194.5801,2.404408,218.3377,85.23795,203.874,307.4701,-1
194.5801,2.404411,218.3377,85.24181,203.9385,307.4807,-1
194.5802,2.404411,218.3377,85.24384,203.9587,307.4507,-1
194.5802,2.404411,218.3377,85.24235,204.0335,307.473,-1
194.5802,2.40441,218.3377,85.24145,204.0681,307.4576,-1
194.5802,2.404408,218.3377,85.2377,204.1043,307.4418,-1
194.5803,2.404409,218.3377,85.23975,204.165,307.4504,-1
194.5803,2.404406,218.3377,85.23363,204.194,307.4237,-1
194.5803,2.404406,218.3377,85.23466,204.2348,307.4174,-1
194.5804,2.404405,218.3377,85.23367,204.2756,307.4076,-1
194.5804,2.404402,218.3377,85.231,204.2809,307.3617,-1
194.5804,2.404401,218.3378,85.2264,204.3433,307.3753,-1
194.5804,2.404398,218.3378,85.22349,204.3231,307.3124,-1
194.5805,2.4044,218.3378,85.22382,204.4299,307.3792,-1
194.5805,2.404399,218.3378,85.22513,204.4341,307.3386,-1
194.5805,2.404397,218.3378,85.22292,204.4525,307.3142,-1
194.5805,2.4044,218.3378,85.22554,204.5374,307.3561,-1
194.5806,2.4044,218.3378,85.22525,204.5747,307.3543,-1
194.5806,2.404396,218.3378,85.22349,204.5037,307.2521,-1
194.5806,2.404397,218.3378,85.22217,204.5887,307.3035,-1
194.5806,2.404397,218.3378,85.2193,204.6925,307.3688,-1
194.5806,2.404397,218.3378,85.21381,204.815,307.4521,-1
194.5806,2.404404,218.3378,85.22037,204.9712,307.578,-1
194.5807,2.404402,218.3378,85.22292,204.8959,307.4742,-1
194.5807,2.404408,218.3378,85.23302,204.9751,307.5117,-1
194.5807,2.404412,218.3378,85.23824,205.0707,307.5725,-1
194.5807,2.404413,218.3378,85.23934,205.1222,307.5949,-1
194.5807,2.404413,218.3378,85.2423,205.1004,307.5443,-1
194.5807,2.404413,218.3378,85.24235,205.1537,307.5733,-1
194.5807,2.404414,218.3378,85.24124,205.202,307.6012,-1
194.5808,2.404414,218.3378,85.24284,205.2218,307.5979,-1
194.5808,2.404412,218.3378,85.23926,205.2071,307.5597,-1
194.5808,2.404413,218.3379,85.2391,205.2674,307.5985,-1
194.5808,2.404412,218.3379,85.23836,205.2821,307.5978,-1
194.5808,2.404417,218.3379,85.24627,205.3432,307.6309,-1
194.5808,2.404416,218.3379,85.24741,205.3247,307.5882,-1
194.5808,2.404416,218.3379,85.24931,205.3241,307.5612,-1
194.5809,2.404412,218.3379,85.2475,205.2436,307.4566,-1
194.5809,2.404414,218.3379,85.24956,205.2759,307.4762,-1
194.5809,2.404411,218.3379,85.24288,205.3059,307.4854,-1
194.5809,2.40441,218.3379,85.24165,205.3033,307.4647,-1
194.5809,2.40441,218.3379,85.24173,205.315,307.4657,-1
194.5809,2.404407,218.3379,85.2358,205.293,307.434,-1
194.5809,2.404406,218.3379,85.23572,205.2763,307.4019,-1
194.5809,2.404408,218.3379,85.23515,205.3801,307.4948,-1
194.5809,2.404408,218.3379,85.22919,205.4634,307.5677,-1
194.5809,2.404405,218.3379,85.22821,205.4068,307.5036,-1
194.5809,2.404406,218.3379,85.23363,205.371,307.4587,-1
194.5809,2.404408,218.3379,85.23766,205.36,307.4416,-1
194.5809,2.404408,218.3379,85.23618,205.3945,307.4695,-1
194.5809,2.404409,218.3379,85.23264,205.5056,307.5785,-1
194.5809,2.404408,218.3379,85.22768,205.5554,307.6259,-1
194.5809,2.404408,218.3379,85.22768,205.5513,307.6151,-1
194.5809,2.404408,218.3379,85.22906,205.5181,307.5827,-1
194.5809,2.404405,218.3379,85.2243,205.4742,307.5409,-1
194.5809,2.404404,218.3379,85.22492,205.4357,307.5023,-1
194.5809,2.404402,218.3379,85.22221,205.4003,307.4675,-1
194.5809,2.404402,218.3379,85.21963,205.4767,307.5386,-1
194.5809,2.404401,218.3379,85.21545,205.4723,307.537,-1
194.5809,2.404401,218.3379,85.22127,205.4032,307.4706,-1
194.5809,2.404403,218.3379,85.22488,205.4015,307.474,-1
194.5809,2.404403,218.3379,85.22636,205.3709,307.4432,-1
194.5809,2.4044,218.3379,85.22874,205.253,307.3239,-1
194.5809,2.404405,218.3379,85.23625,205.2798,307.3569,-1
194.5809,2.404408,218.3379,85.2421,205.3162,307.3959,-1
194.5809,2.404411,218.3379,85.23983,205.447,307.5342,-1
194.5809,2.404414,218.3379,85.24009,205.5369,307.6303,-1
194.5809,2.404412,218.3379,85.23539,205.5382,307.6349,-1
194.5809,2.404408,218.3379,85.22529,205.5181,307.6268,-1
194.5809,2.404407,218.3379,85.22546,205.4974,307.6145,-1
194.5809,2.404407,218.3379,85.22842,205.4294,307.5589,-1
194.5809,2.404406,218.3379,85.23022,205.3474,307.489,-1
194.5809,2.404405,218.3379,85.23383,205.265,307.4165,-1
194.5809,2.404403,218.3379,85.22906,205.2327,307.3977,-1
194.5809,2.404402,218.3379,85.23067,205.1608,307.3368,-1
194.5809,2.404401,218.3379,85.22948,205.1496,307.3371,-1
194.5809,2.404404,218.3379,85.2312,205.2304,307.4243,-1
194.5809,2.404407,218.3379,85.23454,205.2502,307.4683,-1
194.5808,2.40441,218.3379,85.2386,205.261,307.4989,-1
194.5808,2.404411,218.3379,85.24627,205.1645,307.413,-1
194.5808,2.404413,218.3379,85.25228,205.1174,307.3852,-1
194.5808,2.404415,218.3379,85.25683,205.1216,307.4065,-1
194.5808,2.404419,218.3379,85.26228,205.1648,307.4704,-1
194.5808,2.404421,218.3379,85.26468,205.1684,307.4913,-1
194.5808,2.404423,218.3379,85.26857,205.1675,307.5157,-1
194.5808,2.404419,218.3378,85.26219,205.0952,307.4613,-1
194.5808,2.404419,218.3378,85.26162,205.0843,307.4697,-1
194.5807,2.40442,218.3378,85.26376,205.0634,307.4768,-1
194.5807,2.404423,218.3378,85.26468,205.1086,307.549,-1
194.5807,2.404419,218.3378,85.2593,205.0407,307.5079,-1
194.5807,2.404418,218.3378,85.25484,205.0281,307.519,-1
194.5807,2.404416,218.3378,85.24812,205.048,307.5645,-1
194.5807,2.404411,218.3378,85.2423,204.9557,307.4971,-1
194.5807,2.404412,218.3378,85.2438,204.9082,307.4854,-1
194.5806,2.404408,218.3378,85.23959,204.8179,307.4209,-1
194.5806,2.404407,218.3378,85.23779,204.7715,307.4061,-1
194.5806,2.404405,218.3378,85.23248,204.7734,307.4382,-1
194.5806,2.404402,218.3378,85.22882,204.7053,307.395,-1
194.5806,2.404401,218.3378,85.22652,204.6711,307.393,-1
194.5806,2.404403,218.3378,85.22829,204.6864,307.4432,-1
194.5805,2.404405,218.3378,85.22661,204.7248,307.5117,-1
194.5805,2.404409,218.3378,85.23531,204.6949,307.5133,-1
194.5805,2.404414,218.3378,85.24124,204.7625,307.6138,-1
194.5805,2.404419,218.3378,85.24857,204.8064,307.6891,-1
194.5805,2.404422,218.3378,85.25121,204.8136,307.7341,-1
194.5804,2.404422,218.3378,85.2508,204.7699,307.7316,-1
194.5804,2.404421,218.3378,85.25013,204.7176,307.7159,-1
194.5804,2.404418,218.3378,85.24651,204.654,307.6878,-1
194.5804,2.404418,218.3378,85.24561,204.6111,307.6799,-1
194.5804,2.404415,218.3377,85.2382,204.5734,307.6838,-1
194.5803,2.404416,218.3377,85.23988,204.5454,307.6996,-1
194.5803,2.404415,218.3377,85.23547,204.5422,307.7392,-1
194.5803,2.404413,218.3377,85.2298,204.5069,307.7379,-1
194.5803,2.404411,218.3377,85.22952,204.4195,307.6909,-1
194.5803,2.40441,218.3377,85.23063,204.3191,307.6329,-1
194.5802,2.404411,218.3377,85.23272,204.2602,307.6208,-1
194.5802,2.404411,218.3377,85.23811,204.1633,307.5643,-1
194.5802,2.404414,218.3377,85.24503,204.097,307.5361,-1
194.5802,2.404417,218.3377,85.25031,204.1023,307.577,-1
194.5801,2.404416,218.3377,85.25287,203.9728,307.4948,-1
194.5801,2.404413,218.3377,85.2482,203.8898,307.4587,-1
194.5801,2.404415,218.3377,85.24923,203.896,307.5072,-1
194.5801,2.404413,218.3377,85.24551,203.8371,307.4908,-1
194.58,2.404411,218.3377,85.24523,203.7643,307.4578,-1
194.58,2.40441,218.3377,85.2419,203.7163,307.4609,-1
194.58,2.404407,218.3377,85.23343,203.7034,307.4836,-1
194.58,2.404405,218.3376,85.23055,203.6413,307.4677,-1
194.58,2.404406,218.3376,85.23235,203.5879,307.4556,-1
194.5799,2.404407,218.3376,85.23277,203.5727,307.4886,-1
194.5799,2.404405,218.3376,85.22324,203.6158,307.5807,-1
194.5799,2.404403,218.3376,85.22028,203.554,307.5682,-1
194.5798,2.404399,218.3376,85.21684,203.3999,307.4595,-1
194.5798,2.404399,218.3376,85.22102,203.2934,307.396,-1
194.5798,2.404396,218.3376,85.21987,203.1852,307.3174,-1
194.5798,2.404396,218.3376,85.21987,203.1852,307.3174,-1
194.5798,2.404396,218.3376,85.21987,203.1852,307.3174,-1
194.5798,2.404394,218.3376,85.21309,203.146,307.3434,-1
194.5798,2.4044,218.3376,85.22266,203.1622,307.4052,-1
194.5797,2.404402,218.3376,85.22627,203.1189,307.4173,-1
194.5797,2.404407,218.3376,85.2312,203.1746,307.5162,-1
194.5797,2.404408,218.3376,85.23506,203.1154,307.5062,-1
194.5797,2.40441,218.3376,85.23679,203.1058,307.5474,-1
194.5796,2.404414,218.3376,85.24268,203.0792,307.5709,-1
194.5796,2.404415,218.3376,85.24551,203.0563,307.5983,-1
194.5796,2.404418,218.3376,85.24808,203.0545,307.6542,-1
194.5795,2.404419,218.3376,85.25211,202.9724,307.6252,-1
194.5795,2.404419,218.3375,85.25237,202.9193,307.6272,-1
194.5795,2.404422,218.3375,85.25534,202.9139,307.677,-1
194.5794,2.404425,218.3375,85.2569,202.9303,307.7479,-1
194.5794,2.404425,218.3375,85.25493,202.9176,307.7947,-1
194.5794,2.404426,218.3375,85.2579,202.8276,307.7584,-1
194.5794,2.404423,218.3375,85.25269,202.7684,307.7523,-1
194.5793,2.404415,218.3375,85.24165,202.6127,307.6498,-1
194.5793,2.404413,218.3375,85.23737,202.5511,307.6479,-1
194.5793,2.40441,218.3375,85.23103,202.4856,307.6447,-1
194.5792,2.404411,218.3375,85.23343,202.4064,307.6191,-1
194.5792,2.404411,218.3375,85.23787,202.3025,307.5687,-1
194.5792,2.404414,218.3374,85.26955,201.8421,307.1598,-1
194.5791,2.404417,218.3374,85.28665,201.6028,306.9816,-1
194.5789,2.404437,218.3374,85.40526,199.8949,305.7463,-1
194.5787,2.40443,218.3373,85.43761,198.7225,304.937,-1
194.575,2.404318,218.336,84.24415,203.5534,316.7498,-1
194.565,2.409799,218.329,80.40265,262.1592,37.9596,-1
194.5658,2.403868,218.3299,79.38036,200.537,333.3107,-1
194.5688,2.399027,218.3315,65.51598,200.8658,325.6129,-1
194.5668,2.401451,218.3304,64.34272,209.0595,338.5508,-1
194.5671,2.40493,218.3311,70.64294,221.7845,351.3956,-1
194.5682,2.408101,218.332,73.07955,241.8749,9.789402,-1
194.5717,2.40784,218.3344,80.20769,253.8755,14.06697,-1
194.5743,2.406032,218.3357,75.70451,241.9166,356.4821,-1
194.5694,2.406323,218.3329,81.27548,232.9079,357.7135,-1
194.5755,2.407017,218.3362,78.00267,251.8353,4.310472,-1
194.578,2.407343,218.3372,76.33686,258.5889,6.276092,-1
194.5755,2.407013,218.3363,79.86826,252.6793,5.058348,-1
194.5724,2.406609,218.3348,83.27766,242.8977,1.401234,-1
194.572,2.404349,218.3345,80.11295,217.6362,336.7575,-1
194.5715,2.405893,218.3343,82.11091,231.6709,351.827,-1
194.5709,2.405278,218.3339,82.13651,222.1046,343.5534,-1
194.5711,2.405452,218.334,83.796,220.9179,342.0676,-1
194.5718,2.404924,218.3344,81.40207,220.9268,340.554,-1
194.5723,2.404971,218.3347,81.54385,222.3674,340.8217,-1
194.5726,2.405233,218.3349,81.97278,225.3848,343.3016,-1
194.5729,2.404695,218.335,78.10019,226.7493,343.9684,-1
194.5717,2.407987,218.3344,67.28017,246.4362,6.829342,-1
194.5796,2.403384,218.3375,31.08757,251.9067,353.4359,-1
194.5916,2.39297,218.3354,12.20371,271.9568,334.3329,-1
194.6006,2.393399,218.3329,2.060078,295.2888,335.7829,-1
194.603,2.395095,218.3323,357.1995,301.8713,339.0611,-1
194.6032,2.394276,218.3318,356.7803,302.9737,337.4716,-1
194.6047,2.395686,218.3315,2.870202,303.4141,340.1896,-1
194.606,2.397275,218.3312,0.4251477,306.549,343.213,-1
194.6061,2.397189,218.3311,357.8499,307.7532,343.0398,-1
194.6066,2.399315,218.3315,3.927606,306.382,346.9623,-1
194.6073,2.402081,218.3315,5.5455,307.4835,351.993,-1
194.6067,2.403939,218.3323,5.341463,306.1463,355.3582,-1
194.6066,2.404461,218.3323,4.934955,306.1539,356.3018,-1
194.6073,2.404124,218.3318,1.310898,307.9768,355.7113,-1
194.608,2.404102,218.3312,4.292575,309.2978,355.6598,-1
194.6079,2.404659,218.3314,4.430345,309.1364,356.6622,-1
194.6082,2.40357,218.331,11.59055,309.1133,354.6053,-1
194.6077,2.403495,218.3314,13.76021,307.7227,354.421,-1
194.6063,2.403803,218.3325,11.91938,304.7515,355.0275,-1
194.6054,2.403695,218.3331,3.634739,303.5104,354.9297,-1
194.6081,2.403427,218.3311,0.4907109,309.8631,354.4579,-1
194.6078,2.404999,218.3315,358.0036,309.2658,357.28,-1
194.6067,2.404768,218.3323,353.6982,306.8881,356.8468,-1
194.6086,2.403145,218.3306,351.7302,312.112,353.8879,-1
194.608,2.40291,218.3311,353.0112,310.4604,353.479,-1
194.6089,2.402722,218.3303,358.4595,312.1085,353.1867,-1
194.6099,2.406073,218.3297,358.0875,314.1242,359.2039,-1
194.6096,2.404836,218.3299,358.8954,313.3567,356.9881,-1
194.6089,2.402699,218.3303,356.6146,312.4571,353.135,-1
194.6091,2.404167,218.3303,355.2054,312.5715,355.774,-1
194.6095,2.40495,218.33,350.2718,313.5866,357.1518,-1
194.6103,2.40462,218.3292,351.9671,315.5811,356.5671,-1
194.6098,2.403634,218.3296,350.6909,314.7762,354.7613,-1
194.6092,2.403124,218.3301,352.5327,313.3799,353.8604,-1
194.6101,2.402501,218.3292,355.5679,315.4297,352.7682,-1
194.6096,2.403735,218.3298,355.1203,313.8491,354.9936,-1
194.6105,2.404643,218.329,354.5548,315.89,356.6266,-1
194.61,2.404684,218.3295,354.6675,314.6299,356.7023,-1
194.6102,2.404385,218.3293,354.7971,315.225,356.1631,-1
194.6103,2.404234,218.3292,354.9082,315.5739,355.8926,-1
194.6108,2.403937,218.3286,355.1975,316.9629,355.3589,-1
194.611,2.40399,218.3284,355.3344,317.4472,355.455,-1
194.611,2.404136,218.3284,356.1952,317.2553,355.7231,-1
194.611,2.40361,218.3283,357.1117,317.4092,354.7808,-1
194.6113,2.403365,218.328,356.5784,318.182,354.3372,-1
194.6102,2.403744,218.3292,357.7457,315.27,355.0252,-1
194.6102,2.40423,218.3293,0.8643678,314.8641,355.9017,-1
194.6105,2.403609,218.3289,3.562135,315.5705,354.7761,-1
194.6099,2.403322,218.3295,1.740499,314.0554,354.2677,-1
194.6075,2.406197,218.3318,357.9423,308.3666,359.4268,-1
194.6104,2.404022,218.329,0.3312481,315.4991,355.5277,-1
194.6092,2.405659,218.3303,1.046104,312.2627,358.4639,-1
194.6096,2.405395,218.33,0.4628463,313.2443,357.991,-1
194.6107,2.403161,218.3286,0.3381521,316.3216,353.9787,-1
194.6112,2.405139,218.3283,353.6148,317.583,357.5162,-1
194.6142,2.403128,218.3242,354.1127,327.2467,353.8876,-1
194.6134,2.403326,218.3254,355.6974,324.3343,354.2612,-1
194.6121,2.403071,218.3271,356.9653,320.4254,353.8101,-1
194.6119,2.403424,218.3273,358.4895,319.6587,354.4513,-1
194.6119,2.40312,218.3273,359.1318,319.5883,353.9059,-1
194.6121,2.40318,218.327,358.4442,320.3495,354.0113,-1
194.6122,2.402925,218.327,357.7525,320.6067,353.5493,-1
194.6121,2.402996,218.3271,358.3846,320.2965,353.6798,-1
194.6119,2.40294,218.3272,358.1918,319.8926,353.5791,-1
194.6129,2.402075,218.3258,3.909556,322.262,352.0013,-1
194.6133,2.402646,218.3255,1.524839,323.4698,353.0486,-1
194.6128,2.402292,218.326,358.8019,322.4713,352.4107,-1
194.6125,2.402471,218.3264,358.2161,321.8212,352.7318,-1
194.6126,2.40241,218.3263,358.95,321.8359,352.6238,-1
194.6125,2.402428,218.3264,359.4999,321.6681,352.6586,-1
194.6123,2.403129,218.3268,359.4762,320.7134,353.922,-1
194.6122,2.403854,218.327,359.7823,320.3971,355.2269,-1
194.6118,2.404297,218.3276,359.8971,319.0104,356.0221,-1
194.6121,2.403769,218.3271,0.3868354,319.9934,355.0742,-1
194.6122,2.403596,218.327,0.3846545,320.3918,354.7626,-1
194.6123,2.403644,218.3269,0.5647399,320.5455,354.8483,-1
194.6124,2.403652,218.3268,0.4496557,320.8555,354.8629,-1
194.6123,2.403855,218.3269,359.8022,320.6688,355.2279,-1
194.6147,2.404118,218.3236,356.6336,328.2256,355.693,-1
194.6165,2.404568,218.3205,355.1716,334.6429,356.4959,-1
194.6146,2.404287,218.3238,356.4893,327.8516,355.9959,-1
194.6128,2.404236,218.3263,357.1584,322.2752,355.9067,-1
194.6129,2.404092,218.3262,357.555,322.4486,355.6505,-1
194.613,2.404058,218.326,357.6029,322.8513,355.5894,-1
194.613,2.404162,218.326,357.6218,322.7543,355.7769,-1
194.613,2.404205,218.326,357.4558,322.7656,355.8521,-1
194.613,2.404371,218.326,357.4691,322.7862,356.15,-1
194.613,2.404802,218.3261,357.3722,322.563,356.9243,-1
194.613,2.404762,218.3261,357.2314,322.6075,356.8528,-1
194.6127,2.404791,218.3266,356.9893,321.6411,356.9031,-1
194.6132,2.404427,218.3259,356.7557,323.252,356.2484,-1
194.6133,2.404243,218.3257,356.3304,323.5537,355.9167,-1
194.6123,2.404328,218.3269,355.955,320.8446,356.0672,-1
194.6129,2.403925,218.3261,356.2466,322.6736,355.3438,-1
194.6128,2.404674,218.3264,354.9056,322.1306,356.6839,-1
194.6132,2.403974,218.3258,350.9151,323.9001,355.3831,-1
194.6152,2.403969,218.3228,351.4617,330.3725,355.3815,-1
194.6157,2.403602,218.3218,352.1561,332.3307,354.7228,-1
194.6143,2.403793,218.3241,355.2477,327.2437,355.0994,-1
194.6113,2.404785,218.3281,359.8011,317.82,356.8975,-1
194.6132,2.406809,218.326,0.6804338,322.9268,0.5233415,-1
194.613,2.410826,218.3257,1.355703,323.3013,7.740476,-1
194.6134,2.409281,218.3254,0.4566206,323.9579,4.956029,-1
194.6136,2.405763,218.3254,355.3414,324.2892,358.6447,-1
194.6133,2.40557,218.3258,356.2041,323.3643,358.3011,-1
194.6134,2.405649,218.3256,355.74,323.8264,358.4415,-1
194.6134,2.405649,218.3256,355.74,323.8264,358.4415,-1
194.6134,2.405649,218.3256,355.74,323.8264,358.4415,-1
194.6125,2.406195,218.3269,359.5707,320.7951,359.4241,-1
194.6125,2.406275,218.3268,358.709,321.0593,359.5661,-1
194.6126,2.406173,218.3267,358.1594,321.2335,359.3839,-1
194.6134,2.407339,218.3256,356.7358,323.5826,1.473242,-1
194.6129,2.405498,218.3263,356.6411,322.2672,358.1714,-1
194.6128,2.405778,218.3265,355.6544,321.8438,358.673,-1
194.6129,2.405467,218.3263,356.3827,322.169,358.1158,-1
194.613,2.405159,218.3261,356.0962,322.7141,357.5615,-1
301.841,2.401558,180.0076,356.1429,322.9818,357.0965,-1
301.8411,2.401354,180.0074,356.1331,323.4762,356.73,-1
301.842,2.401382,180.0061,354.926,326.3431,356.7751,-1
301.8397,2.401221,180.0092,355.8265,319.3807,356.4896,-1
301.8391,2.400353,180.0098,356.0961,317.9307,354.9281,-1
301.8394,2.399947,180.0094,357.299,318.8315,354.2039,-1
301.8394,2.400093,180.0094,356.7546,318.8423,354.4629,-1
301.8398,2.399767,180.0089,354.8617,320.1594,353.861,-1
301.8402,2.399866,180.0084,355.4058,321.2628,354.0439,-1
301.8402,2.399843,180.0084,354.5131,321.4307,353.9948,-1
301.8402,2.400057,180.0085,354.3773,321.3133,354.3803,-1
301.8401,2.4004,180.0086,354.99,320.7931,355.0049,-1
301.8155,1.028176,179.9883,0,215,0,exit0
301.8394,2.400954,180.0095,355.221,318.6831,356.0057,-1
301.7888,2.404311,180.0669,356.3785,318.5327,356.129,-1
301.2909,2.404443,180.6282,356.5831,318.6003,356.2773,-1
300.503,2.404313,181.5234,356.8711,318.457,356.0438,-1
299.7065,2.404008,182.4236,356.7374,318.4497,355.4955,-1
298.7444,2.40392,183.5054,357.1341,318.171,355.3387,-1
297.6319,2.404075,184.7421,357.3902,317.6519,355.619,-1
296.4746,2.404306,186.003,357.348,317.2634,356.0338,-1
295.1476,2.404173,187.444,357.2911,317.6666,355.7939,-1
293.83,2.403819,188.9048,357.4915,318.8898,355.1584,-1
292.3636,2.403255,190.6147,357.584,320.939,354.144,-1
290.9604,2.400079,192.3972,357.2917,324.0437,353.6889,-1
289.6147,2.403127,194.3005,357.3053,326.163,353.9124,-1
288.3054,2.403432,196.2357,357.1876,325.7428,354.4617,-1
286.9204,2.403492,198.2632,357.3017,325.4493,354.5846,-1
285.5165,2.3965,200.2974,357.2113,325.1143,354.6865,-1
284.1305,2.403594,202.2709,357.3695,324.7107,354.7536,-1
282.7033,2.403486,204.2962,358.1077,325.0392,354.5622,-1
281.2762,2.403465,206.339,358.1443,325.0878,354.5248,-1
279.7927,2.403465,208.4648,358.1443,325.0878,354.5248,-1
278.3273,2.403314,210.5647,358.0997,325.3805,354.2529,-1
276.8761,2.403201,212.676,358.074,325.7993,354.049,-1
275.4129,2.403203,214.8377,357.9868,326.0839,354.0515,-1
273.9373,2.403287,217.0343,357.92,326.161,354.2031,-1
272.4449,2.403327,219.2569,357.4275,326.07,354.2739,-1
270.8199,2.403335,221.6641,356.7979,325.997,354.2832,-1
269.2009,2.40323,224.0697,356.5081,326.2949,354.0935,-1
267.6838,2.396864,226.3467,356.4835,326.5039,354.0036,-1
266.2028,2.400218,228.5875,356.4463,326.729,353.9872,-1
264.6653,2.40323,230.931,356.3232,326.6511,354.0926,-1
263.0543,2.403261,233.3673,356.8828,326.4071,354.1519,-1
261.2233,2.403196,236.1133,356.5766,326.1246,354.0323,-1
259.6721,2.402948,238.4302,355.8771,326.3174,353.58,-1
258.0554,2.402838,240.862,356.0361,326.4253,353.3824,-1
256.4357,2.402954,243.308,355.3308,326.5445,353.5851,-1
254.8674,2.403153,245.6933,354.873,326.7183,353.941,-1
253.3226,2.403296,248.0498,354.8885,326.7318,354.199,-1
251.7292,2.403352,250.4726,355.9818,326.5903,354.3088,-1
251.1075,1.031517,251.3545,0,215,0,enter1
250.9699,2.403182,251.618,356.8243,325.9431,354.0077,-1
250.9464,2.40266,251.6526,355.0081,318.7707,353.0513,-1
250.9434,2.402117,251.6554,355.6683,311.4327,352.0737,-1
250.9391,2.401611,251.6584,354.886,302.1091,351.1459,-1
250.9391,2.401696,251.6585,354.2468,302.0368,351.2899,-1
250.9362,2.401929,251.6601,354.0348,296.0076,351.7113,-1
250.922,2.403168,251.6632,353.6099,269.2942,353.9549,-1
250.9091,2.405146,251.6603,354.6165,244.9771,357.534,-1
250.9068,2.404458,251.6591,355.8086,240.3092,356.3007,-1
250.9082,2.402698,251.6597,355.384,243.4135,353.123,-1
250.9084,2.403969,251.6599,355.7438,243.6889,355.4199,-1
250.9095,2.404211,251.6605,356.379,245.7883,355.8596,-1
250.9227,1.031517,251.6314,0,215,0,exit1
250.8853,2.404178,251.7133,356.7634,245.1212,355.8007,-1
250.6808,2.404358,251.6227,356.6776,243.1423,356.1258,-1
249.5995,2.398452,251.0759,356.4879,243.2143,354.6017,-1
247.752,2.402964,250.1399,356.975,243.4034,353.6156,-1
245.4487,2.402919,249.0257,356.6899,244.5607,353.5331,-1
243.0995,2.403062,247.9163,356.0015,244.4198,353.7863,-1
240.8065,2.39761,246.8138,355.7856,244.2231,354.0135,-1
238.5799,2.403509,245.731,355.3637,243.8935,354.5894,-1
236.4182,2.403572,244.6669,355.4016,243.6558,354.7019,-1
233.7786,2.403605,243.3573,356.2385,243.5225,354.7668,-1
231.231,2.400819,242.0888,356.1748,243.4288,354.5401,-1
228.5794,2.39737,240.7589,356.1236,242.8875,354.6947,-1
225.9732,2.403634,239.394,355.7128,240.1808,354.8161,-1
224.0715,2.403543,238.3063,355.5462,231.9793,354.6522,-1
221.4708,2.40458,236.5222,355.9207,230.0279,356.52,-1
219.9374,2.403878,235.2298,356.2592,228.0117,355.2596,-1
217.9994,2.403767,233.5678,356.6477,228.6865,355.0609,-1
215.9693,2.393802,231.776,357.9256,228.7453,354.1405,-1
213.7883,2.403279,229.8611,358.3008,228.7826,354.1897,-1
211.6808,2.403416,228.0202,357.6431,229.0771,354.4338,-1
209.5928,2.403449,226.2093,357.5003,229.1887,354.4926,-1
207.5413,2.403417,224.4465,359.0044,229.923,354.439,-1
206.0351,2.402892,223.2067,357.8225,231.7573,353.4915,-1
205.8998,2.403079,223.0996,356.7396,231.2753,353.8228,-1
205.9193,1.031517,223.0746,0,215,0,enter2
205.8991,2.403044,223.0991,355.9781,230.9624,353.754,-1
205.8992,2.403146,223.0992,356.7026,231.0341,353.9431,-1
205.8993,2.403109,223.0992,356.9395,231.2357,353.8771,-1
205.8959,2.403485,223.096,357.089,222.7389,354.5553,-1
205.8906,2.404166,223.0884,357.0603,205.9391,355.7804,-1
205.8876,2.403525,223.0768,355.9243,184.5348,354.6216,-1
205.8906,2.405192,223.0605,356.0354,154.1098,357.6216,-1
205.896,2.405254,223.0527,356.5422,137.1339,357.7349,-1
205.8984,2.404306,223.0505,356.2263,131.361,356.029,-1
205.8981,2.403773,223.0508,356.7158,132.0742,355.073,-1
205.8969,2.403779,223.0519,356.6319,135.0174,355.0826,-1
205.8969,2.404209,223.0518,356.4604,134.9166,355.856,-1
205.9194,1.031517,223.0746,0,215,0,exit2
205.8967,2.404092,223.0521,357.7435,135.5012,355.6505,-1
205.897,2.404194,223.0517,358.1368,135.0654,355.8345,-1
206.1019,2.399069,222.8469,356.3359,134.9029,355.3601,-1
207.5887,2.398157,221.3628,357.5483,135.3306,354.4128,-1
209.6304,2.403463,219.2952,357.9134,135.5431,354.5197,-1
211.4854,2.40185,217.4006,357.5205,135.6522,354.395,-1
213.4383,2.403125,215.4172,358.2863,134.6477,354.5264,-1
215.3322,2.403692,213.5827,358.4522,131.8638,354.9343,-1
217.4115,2.403974,211.7506,357.9109,131.909,355.4382,-1
219.5872,2.403464,209.7905,358.063,132.4589,354.5228,-1
221.5656,2.398572,207.9887,358.15,131.9239,354.323,-1
223.4968,2.403592,206.2875,357.753,129.7018,354.7507,-1
225.777,2.404204,204.4305,358.7783,128.6584,355.8535,-1
227.3599,2.395739,203.1877,358.6879,126.6239,354.7886,-1
229.715,2.399137,201.4801,358.9925,125.2187,354.5711,-1
232.5938,2.402827,199.4012,359.5434,127.9202,353.6137,-1
235.2518,2.402315,197.1957,359.5641,134.3011,353.2877,-1
237.5005,2.40228,194.824,358.9727,142.1053,352.3906,-1
239.1613,2.401969,192.6245,358.4885,144.1578,351.8261,-1
240.9847,2.403111,190.137,358.6377,142.634,353.8877,-1
243.2578,2.404238,187.2042,358.5403,141.4915,355.9149,-1
245.5327,2.404533,184.3629,358.2679,141.4435,356.444,-1
247.7605,2.403777,181.5438,357.7304,142.1987,355.0843,-1
250.0154,2.401616,178.6207,357.5732,142.7112,354.1632,-1
252.2143,2.403158,175.7282,357.2097,142.9145,353.9673,-1
254.334,2.394967,172.9229,357.0369,142.9001,354.1584,-1
256.5874,2.401372,169.9462,357.1314,142.9192,354.1915,-1
258.6148,2.403018,167.2696,358.4821,142.5061,353.7213,-1
259.8821,2.402621,165.6105,357.4976,142.7066,353.0001,-1
260.1302,2.40258,165.2849,355.9391,141.1635,352.9148,-1
260.1315,2.402277,165.2832,354.5561,140.2847,352.3512,-1
260.1556,1.031517,165.3038,0,215,0,enter0
