*Subject
10
*Layout
2
*Condition
False,True,True,False,False
*Marks
253.0313,0,241.8178
219.2356,0,291.3929
245.2723,0,345.4478
*Path
x,y,z,flag
247.9737,2.407093,325.0826,7.539879,272.0303,1.039278,-1
247.9728,2.407866,325.0826,5.202048,272.2889,2.427161,-1
247.9718,2.408525,325.0825,0.1297789,270.4561,3.59865,-1
247.9717,2.408209,325.0826,354.9514,269.862,3.042824,-1
247.9696,2.408241,325.0825,357.1821,266.1691,3.092001,-1
247.9696,2.407992,325.0825,354.7433,266.1904,2.652459,-1
247.9692,2.408658,325.0824,355.8333,265.4695,3.846153,-1
247.9694,2.40868,325.0825,355.8424,265.7594,3.885936,-1
247.9702,2.408802,325.0825,357.3027,267.2006,4.099566,-1
247.9703,2.408541,325.0825,357.5121,267.5706,3.630081,-1
247.9708,2.408281,325.0826,358.0802,268.4138,3.160961,-1
247.971,2.408051,325.0826,358.717,268.787,2.748175,-1
247.9704,2.40673,325.0826,4.682238,267.7806,0.3835406,-1
247.9691,2.405466,325.0825,11.08752,265.1632,358.0818,-1
247.9717,2.408322,325.0826,11.72672,270.8559,3.303028,-1
247.9706,2.408076,325.0826,9.802705,268.6374,2.833611,-1
247.9703,2.408175,325.0825,9.757459,268.1927,3.013625,-1
247.9701,2.407436,325.0826,8.182432,267.5175,1.662195,-1
247.9692,2.405865,325.0825,7.403569,265.507,358.8227,-1
247.9702,2.402948,325.0824,7.178509,266.6751,353.5448,-1
247.97,2.40807,325.0825,7.849307,267.4568,2.806853,-1
247.9695,2.408139,325.0825,7.592515,266.5838,2.931472,-1
247.9715,2.405268,325.0826,7.975711,269.5023,357.7414,-1
247.9686,2.408958,325.0824,8.109513,265.1264,4.419159,-1
247.9715,2.406031,325.0826,8.008839,269.7058,359.1212,-1
247.9705,2.407012,325.0826,7.83389,268.1698,0.8940963,-1
247.9704,2.406946,325.0826,7.811827,268.0247,0.7757807,-1
247.9704,2.407116,325.0826,7.889537,267.9178,1.082757,-1
247.9707,2.40707,325.0826,8.172889,268.5126,0.999905,-1
247.9707,2.406999,325.0826,8.147795,268.5492,0.8714676,-1
247.9708,2.406885,325.0826,7.92597,268.5763,0.6652243,-1
247.9718,2.407438,325.0826,6.824676,270.6474,1.661627,-1
247.9772,2.407873,325.0821,4.095231,280.2921,2.433928,-1
253.0369,2.408268,241.8493,3.490284,280.2918,3.14315,-1
253.032,2.407871,241.8498,3.788382,271.4594,2.431014,-1
253.0207,2.409178,241.8479,1.617671,250.7181,4.772898,-1
253.0106,2.409167,241.8421,5.079046,230.0127,4.768364,-1
253.0056,2.408148,241.8368,3.531879,216.6812,2.927533,-1
253.0008,2.407898,241.8272,359.9148,197.1667,2.473243,-1
253,2.409863,241.8124,1.60768,170.4061,6.005492,-1
253.0047,2.408653,241.8001,1.89032,146.5642,3.829579,-1
253.0108,2.408451,241.7933,2.338616,130.0824,3.468291,-1
253.0266,2.408869,241.7863,2.780578,98.76044,4.219506,-1
253.043,2.407941,241.7881,3.439217,68.69505,2.555236,-1
253.058,2.407339,241.8001,4.834226,33.67616,1.476241,-1
253.0313,1.031517,241.8178,0,300,0,exit0
253.4937,2.406752,242.4227,7.06135,8.493137,0.4243367,-1
254.2068,2.404487,243.2259,5.096549,354.7234,2.589345,-1
254.5774,2.409488,243.3151,9.136657,335.3899,5.395968,-1
254.914,2.408012,243.5278,5.366683,327.657,2.72152,-1
255.013,2.407066,243.8169,7.052642,326.3877,0.9910303,-1
254.9692,2.403608,243.8983,12.66288,324.6837,1.386086,-1
254.9106,2.407134,243.9831,14.49403,323.9649,1.148908,-1
254.367,2.406928,244.7548,16.2869,325.3138,0.7658806,-1
253.8595,2.406726,245.4803,15.89116,324.8979,0.3893759,-1
252.9863,2.406183,246.7783,15.61001,328.6574,0.986879,-1
252.259,2.40713,247.9652,15.21092,328.6023,1.138117,-1
251.4654,2.407352,249.2561,15.65428,327.7425,1.552461,-1
250.4536,2.407664,250.8501,16.40398,326.7428,2.141059,-1
249.6543,2.399446,252.063,16.48813,326.4448,2.681893,-1
248.6769,2.408107,253.5385,16.40265,326.6242,2.969425,-1
247.7912,2.408051,254.8858,16.29047,326.6489,2.862156,-1
246.8587,2.407934,256.2927,16.74381,326.0295,2.650123,-1
245.8178,2.407836,257.8333,17.47431,325.9296,2.48892,-1
244.9173,2.40783,259.1603,17.64759,325.7721,2.467054,-1
243.8676,2.407715,260.7098,17.73845,326.0684,2.253384,-1
242.7794,2.407297,262.3295,17.65196,326.173,2.157259,-1
241.7263,2.407716,263.8978,17.58717,326.0984,2.253128,-1
240.6669,2.407751,265.473,17.52988,326.0621,2.317771,-1
239.7026,2.407762,266.9058,17.5606,326.1192,2.339417,-1
238.6166,2.407741,268.5262,17.28531,326.2875,2.295392,-1
237.5693,2.407678,270.0976,17.08637,326.3688,2.175785,-1
236.5222,2.407716,271.667,17.18648,326.0956,2.247461,-1
235.4604,2.400984,273.2386,17.62378,325.8035,2.521044,-1
234.3629,2.408005,274.8514,17.74756,325.3774,2.799085,-1
233.3781,2.408173,276.2688,18.44154,324.8032,3.127335,-1
232.254,2.408427,277.8556,19.1748,324.1349,3.623086,-1
231.1317,2.404075,279.3821,18.56674,322.9204,3.526615,-1
229.9622,2.408318,280.9391,17.67351,323.2294,3.385772,-1
228.789,2.408294,282.5051,18.39928,323.0835,3.461936,-1
227.6131,2.40622,284.0654,19.34656,322.7432,4.025839,-1
226.7247,2.40897,285.5978,19.60407,322.1463,4.668187,-1
225.5367,2.406039,287.1402,19.29885,321.1711,5.73076,-1
224.3471,2.409701,288.6066,18.34682,320.8422,6.016506,-1
223.1279,2.408229,290.0981,12.14213,320.4348,5.823915,-1
222.1152,1.031517,291.2998,0,300,0,enter1
222.0233,2.402339,291.469,5.139824,323.6911,4.722111,-1
221.9851,2.407579,291.5121,4.361832,349.3115,1.90677,-1
221.9849,2.407376,291.4994,3.914402,12.23052,1.542381,-1
221.9828,2.409054,291.4931,3.814893,24.29857,4.556918,-1
221.9834,2.409687,291.4948,4.386694,21.1775,5.701099,-1
221.9835,2.407282,291.4947,5.404326,20.917,1.375855,-1
221.9834,2.407238,291.4945,11.14842,21.50959,1.314877,-1
221.9835,2.407188,291.4946,17.23221,21.44285,1.258542,-1
221.9834,2.406898,291.4944,19.79548,21.69446,0.7257587,-1
221.9833,2.406844,291.4941,19.45344,22.22288,0.6211062,-1
221.9832,2.406805,291.4938,16.44974,22.62066,0.5370167,-1
221.9832,2.406868,291.4939,15.42534,22.56928,0.6513296,-1
221.9832,2.406744,291.4937,16.56605,22.76765,0.4239663,-1
221.9536,1.031517,291.5061,0,300,0,exit1
222.5626,2.401537,293.0284,17.03204,22.66405,0.4060908,-1
223.5089,2.406539,295.2768,17.4344,23.54229,0.04196112,-1
224.3944,2.406565,297.3936,17.30481,23.36992,0.0905613,-1
225.3114,2.406046,299.5224,16.87182,23.36533,0.2183553,-1
226.2553,2.406716,301.7098,17.40223,23.40151,0.3731541,-1
227.1349,2.40452,303.7445,17.60677,23.25516,0.2617549,-1
228.0308,2.406752,305.8213,18.06606,23.39692,0.4428291,-1
228.9649,2.406987,307.9878,18.51995,23.29125,0.8878659,-1
229.8328,2.40692,310.0151,18.68432,23.28986,0.7618062,-1
230.6621,2.406871,311.9959,18.8035,23.31591,0.6692456,-1
231.4782,2.406733,313.9052,18.63989,23.13549,0.4308759,-1
232.3345,2.406812,315.9077,18.28338,23.44395,0.5564421,-1
233.3139,2.406874,318.1689,18.32282,23.56944,0.6738312,-1
234.2264,2.40694,320.2681,18.73269,23.45276,0.7988882,-1
235.1507,2.406969,322.404,19.06417,23.48798,0.8564029,-1
236.0642,2.406964,324.5057,18.93031,23.5124,0.8452842,-1
237.0202,2.406965,326.7002,19.06101,23.6351,0.8496472,-1
237.9532,2.40162,328.8344,19.24262,23.62168,0.8169339,-1
238.9436,2.404037,331.0954,19.73714,23.65667,0.7305064,-1
239.8503,2.40681,333.1701,19.67667,23.56146,0.5565805,-1
240.7846,2.406871,335.3012,19.78296,23.83015,0.6739703,-1
241.7268,2.405721,337.4361,20.16101,23.85038,0.7136346,-1
242.6758,2.407099,339.5804,20.16695,23.90909,1.109509,-1
243.5847,2.40737,341.6251,19.16944,24.02432,1.616964,-1
244.4585,1.031517,343.7142,0,300,0,enter2
244.4876,2.40744,343.7008,12.07544,25.13026,1.689706,-1
244.6176,2.407137,343.99,7.803859,32.48,1.119969,-1
244.6093,2.407056,343.9814,15.09809,54.68656,1.000428,-1
244.5944,2.406924,343.9757,10.87347,83.44468,0.7415252,-1
244.5847,2.407777,343.9761,9.423009,101.1995,2.287082,-1
244.5761,2.408041,343.979,8.784443,117.5194,2.76128,-1
244.5678,2.406346,343.9851,6.690449,135.6627,359.692,-1
244.5665,2.406483,343.9865,10.87208,139.0072,359.9374,-1
244.5697,2.40701,343.9833,11.73826,131.2147,0.900889,-1
244.5695,2.407349,343.9835,11.97845,131.7703,1.52303,-1
244.5689,2.407384,343.984,14.97424,133.1957,1.60771,-1
244.5684,2.406699,343.9845,14.90732,134.2847,0.3377916,-1
244.5675,2.406676,343.9854,13.33768,136.5375,0.2927505,-1
244.5907,1.031517,344.0075,0,300,0,exit2
245.0633,2.406745,344.3457,13.31308,140.9812,0.4197124,-1
246.1032,2.404829,344.693,15.62231,143.9022,359.1899,-1
247.1243,2.39883,345.0664,16.25213,146.5582,357.9459,-1
248.02,2.405303,345.1544,17.27949,147.1115,357.7229,-1
248.5982,2.405303,345.1129,17.27949,147.1115,357.7229,-1
249.2798,2.397026,345.1211,17.27949,147.1115,357.7229,-1
249.8138,2.40574,344.7061,18.71247,149.344,358.5308,-1
250.2832,2.406133,343.9485,17.18976,148.8859,359.2794,-1
250.7178,2.406726,343.2544,17.87818,146.6651,0.3933918,-1
251.4196,2.40584,342.2893,18.10372,145.5486,0.3268324,-1
252.5376,2.40485,340.8434,16.88223,144.6503,0.1177662,-1
253.5,2.402962,339.5269,15.87095,144.3585,359.6689,-1
254.6249,2.400026,337.9513,16.5286,144.7208,359.6367,-1
255.7155,2.406052,336.4035,16.68361,145.218,359.1308,-1
256.8197,2.405497,334.7973,17.43944,145.8596,358.2878,-1
257.8752,2.397429,333.2405,17.46036,145.7386,358.0185,-1
258.8793,2.405601,331.7726,17.2889,145.4949,358.2822,-1
259.9365,2.405492,330.2325,17.9445,145.6532,358.0709,-1
261.098,2.404675,328.5271,17.91864,145.8232,357.8416,-1
262.2002,2.405459,326.9055,17.80951,145.697,358.0101,-1
263.2361,2.405407,325.3837,17.54667,145.9066,357.9155,-1
264.3225,2.405345,323.772,17.72558,146.0743,357.7974,-1
265.3795,2.405314,322.196,17.76186,146.2191,357.7386,-1
266.4632,2.40531,320.576,17.78632,146.3575,357.7302,-1
267.5104,2.405338,319.0002,17.60475,146.4948,357.7854,-1
268.5555,2.401462,317.422,17.69651,146.3559,357.9887,-1
269.6273,2.405447,315.8083,17.66509,146.4004,357.9888,-1
270.5236,2.402998,314.4607,17.82855,146.422,357.9769,-1
271.5865,2.405426,312.858,17.80614,146.42,357.9482,-1
272.6644,2.405454,311.234,17.66434,146.3721,358.003,-1
273.7112,2.405582,309.6578,17.62362,146.4871,358.243,-1
274.7618,2.399361,308.0898,17.56627,145.0497,359.4713,-1
275.895,2.407551,306.5047,18.13201,141.0116,1.948321,-1
277.0961,2.407745,305.0423,18.58383,141.9796,2.321214,-1
278.2202,2.405436,303.6475,18.62167,146.1133,358.6749,-1
279.341,2.400264,301.9567,19.66484,147.1484,357.7984,-1
280.4489,2.405515,300.2316,19.78276,147.3624,358.0924,-1
281.472,2.405774,298.6264,18.87668,147.8806,358.593,-1
282.5327,2.40226,296.9159,18.83589,148.8715,358.1547,-1
283.6331,2.405288,295.0788,18.91569,149.4553,357.6726,-1
284.652,2.405208,293.3502,18.58414,149.648,357.5253,-1
285.6081,2.40517,291.7158,18.4193,149.8244,357.4581,-1
286.6573,2.405079,289.9038,18.15473,150.1279,357.2897,-1
287.7202,2.405007,288.0429,18.07865,150.4678,357.1552,-1
288.6591,2.405027,286.3845,18.07911,150.6826,357.1923,-1
289.7328,2.40496,284.4703,18.15084,150.8952,357.0644,-1
290.7227,2.404891,282.688,18.46641,151.1572,356.9301,-1
291.7129,2.404819,280.8807,18.47085,151.7326,356.7916,-1
292.6912,2.404575,279.0581,18.77511,151.7918,356.9163,-1
293.6588,2.405091,277.2626,15.68276,151.3907,357.3476,-1
294.7668,2.405016,275.2243,10.99339,151.6896,357.2607,-1
295.6793,2.40529,273.5429,7.157331,151.4225,357.7844,-1
296.6268,2.405995,271.8347,5.472203,149.5268,359.0609,-1
297.4742,2.406462,270.4066,2.575374,149.3852,359.901,-1
298.2115,2.406515,269.145,2.741323,150.1694,-0.003624041,-1
298.559,2.406282,268.5444,3.479219,148.994,359.648,-1
299.3349,2.406609,267.402,3.896159,148.3047,0.1647781,-1
300.1346,2.406484,266.2313,6.345049,150.2026,359.9401,-1
301.3406,2.406589,264.1734,10.74689,151.5861,0.1307989,-1
302.4811,2.406606,262.0575,10.71129,151.6195,0.1621712,-1
303.5564,2.407267,260.1644,8.338412,151.4796,1.356114,-1
304.6163,2.407218,258.339,6.956939,152.5766,1.263648,-1
305.7488,2.40746,256.1793,4.922142,152.2561,1.694796,-1
306.7263,2.407726,254.3102,1.91576,152.5432,2.165638,-1
307.6084,2.407539,252.6351,4.163172,152.3737,2.517831,-1
308.0939,2.40828,251.7958,6.227265,152.109,3.177021,-1
308.2329,1.029056,251.6624,0,300,0,enter0
