*Subject
7
*Layout
3
*Condition
True,True,True,True,False
*Marks
265.5657,0,264.2422
208.0403,0,247.193
194.0442,0,188.8496
*Path
x,y,z,flag
321.9013,2.4032,180.9203,356.6101,140.87,354.0392,-1
321.9703,2.403536,180.8356,359.9505,141.3367,354.6542,-1
321.9744,2.404259,180.8313,0.3254955,130.812,355.9542,-1
321.9744,2.404499,180.8313,1.558886,130.7509,356.3831,-1
321.9705,2.4042,180.8353,357.6717,141.0155,355.8441,-1
321.9681,2.405278,180.8384,354.0955,148.0711,357.7694,-1
321.9672,2.4081,180.84,353.1453,150.8102,2.856457,-1
321.9684,2.407985,180.838,350.1354,146.451,2.669437,-1
321.9801,2.396527,180.829,347.1272,124.0746,341.3228,-1
321.9797,2.397102,180.829,347.5503,124.2885,342.4639,-1
321.9788,2.397008,180.8297,348.4436,126.0675,342.3437,-1
321.9775,2.397562,180.8303,349.5716,128.2783,343.4677,-1
321.9761,2.39809,180.8312,349.8677,130.9902,344.4843,-1
321.9759,2.398301,180.8313,350.7982,131.1139,344.9235,-1
321.9757,2.398473,180.8314,350.7219,131.5232,345.2444,-1
321.9752,2.399235,180.8315,352.0456,131.8145,346.7166,-1
321.975,2.399562,180.8316,353.2479,131.7453,347.3573,-1
321.975,2.399816,180.8315,353.9859,131.5595,347.8443,-1
321.9745,2.400541,180.8318,355.5422,132.0082,349.2043,-1
321.9741,2.401203,180.832,352.8333,133.3443,350.3658,-1
321.9733,2.401612,180.8326,353.8038,134.856,351.1311,-1
321.9731,2.402084,180.8327,353.9109,135.1059,351.9911,-1
321.9728,2.402133,180.833,354.2936,135.7366,352.0867,-1
321.9729,2.402166,180.8329,354.5681,135.5862,352.15,-1
321.9727,2.402226,180.8331,354.5924,135.9864,352.2586,-1
321.9722,2.402066,180.8337,355.0793,137.386,351.9738,-1
321.9721,2.402276,180.8337,355.3422,137.4333,352.3587,-1
321.972,2.40234,180.8338,355.6427,137.6868,352.4771,-1
321.9717,2.40243,180.8341,355.8261,138.2837,352.6422,-1
321.9711,2.402819,180.8348,356.5418,139.9301,353.3525,-1
321.9711,2.402611,180.8348,356.8646,139.9026,352.9782,-1
321.9711,2.402427,180.8349,356.9795,140.011,352.6467,-1
321.9706,2.402719,180.8353,356.9346,141.145,353.175,-1
321.9701,2.402847,180.836,357.956,142.4857,353.4094,-1
321.97,2.402868,180.8361,359.0331,142.6088,353.452,-1
321.9702,2.402424,180.836,3.680696,141.6963,352.6358,-1
321.9705,2.403083,180.8354,7.894749,140.1454,353.7808,-1
321.9717,2.405625,180.8338,4.758917,137.2745,358.397,-1
321.9711,2.406027,180.8345,1.806408,139.0368,359.1223,-1
321.9705,2.406483,180.8351,1.576399,140.4604,359.939,-1
321.9708,2.406748,180.8348,2.060619,139.8477,0.4131344,-1
321.9713,2.407048,180.8343,2.738863,138.5867,0.95222,-1
321.9714,2.406678,180.834,4.045835,138.0594,0.289178,-1
321.9725,2.406358,180.8329,4.876034,135.2204,359.7145,-1
321.973,2.407241,180.8325,4.108114,134.2146,1.299196,-1
321.9731,2.407651,180.8323,3.397246,133.851,2.03467,-1
321.9731,2.407258,180.8323,5.500831,133.9009,1.333431,-1
321.9723,2.405962,180.8331,11.32788,135.5191,358.9874,-1
321.9717,2.406978,180.8337,14.18741,137.544,0.8522902,-1
321.9737,2.40387,180.8319,12.48805,131.4562,355.1391,-1
321.9745,2.402988,180.8313,16.62144,128.7796,353.392,-1
321.9741,2.403555,180.8316,19.18118,129.8358,354.3751,-1
321.9727,2.40342,180.8329,15.53651,133.4519,354.2347,-1
321.9726,2.403337,180.833,11.52038,134.1544,354.1787,-1
321.9728,2.403839,180.8327,11.96984,133.493,355.0931,-1
321.9733,2.40485,180.8322,23.62056,132.1432,356.7397,-1
321.9738,2.406003,180.8317,27.61407,131.5738,358.9609,-1
321.9745,2.405677,180.8311,18.14431,129.8882,358.4168,-1
321.9739,2.402418,180.8319,22,129.0572,352.0592,-1
321.9715,2.400848,180.8347,43.34888,129.1739,345.9009,-1
321.9728,2.400766,180.8333,63.47166,113.7914,336.2747,-1
321.9741,2.40248,180.8317,74.67159,103.984,331.4967,-1
321.9748,2.403515,180.831,71.88403,113.0878,342.4388,-1
321.9875,2.404094,180.8245,43.70832,99.86393,353.987,-1
321.9942,2.406028,180.8235,21.30787,91.51068,359.0605,-1
322.0043,2.40939,180.8249,28.9335,76.25421,5.887475,-1
322.0123,2.408113,180.8284,28.80977,59.39195,3.261569,-1
322.019,2.411675,180.8347,47.20369,51.19324,13.72504,-1
322.0186,2.408336,180.8336,57.26356,48.24226,6.033859,-1
322.0187,2.408305,180.8338,65.88799,49.72757,7.862451,-1
322.0192,2.407797,180.8344,77.75154,51.89465,10.86444,-1
322.0177,2.40758,180.8327,76.28239,53.16941,8.050161,-1
322.0174,2.407633,180.8324,72.9609,52.66194,6.835224,-1
322.0196,2.407362,180.8347,73.97173,45.61388,5.488035,-1
322.0179,2.407646,180.8329,78.49463,54.92274,10.1839,-1
322.0234,2.408571,180.8405,83.6742,63.35801,35.63495,-1
322.0253,2.408801,180.8448,83.58302,58.85833,39.68946,-1
322.0253,2.408724,180.8448,75.38836,34.77609,15.86917,-1
322.0269,2.409772,180.8525,82.25268,53.95683,48.99493,-1
322.0253,2.4101,180.8657,82.8493,45.04579,64.10188,-1
322.0258,2.410402,180.8642,82.20041,47.1925,63.4723,-1
322.0226,2.410119,180.8716,83.47824,51.67537,82.30386,-1
322.0226,2.410119,180.8716,83.47824,51.67537,82.30386,-1
322.0226,2.410119,180.8716,83.47824,51.67537,82.30386,-1
322.0205,2.411173,180.8745,81.61272,57.06107,94.0308,-1
322.0206,2.410994,180.8744,81.95436,54.92748,91.66041,-1
322.0206,2.410862,180.8745,82.14625,59.56488,96.48427,-1
322.0206,2.410522,180.8745,82.79067,57.34082,94.20858,-1
322.0207,2.410266,180.8745,83.23218,59.44958,96.21717,-1
322.0207,2.410005,180.8745,83.68255,61.07733,97.87251,-1
322.0207,2.409759,180.8745,84.12751,61.29926,98.08472,-1
322.0208,2.409568,180.8745,84.42554,64.33928,101.0573,-1
322.0208,2.409367,180.8745,84.82661,62.35753,99.01269,-1
322.0208,2.409203,180.8745,85.12344,62.48698,99.13651,-1
322.0208,2.409033,180.8745,85.40351,64.53107,101.1669,-1
322.0208,2.4089,180.8745,85.58865,67.93357,104.542,-1
322.0209,2.408751,180.8745,85.84734,68.78574,105.3618,-1
322.0209,2.408648,180.8745,86.00845,70.40338,106.957,-1
322.0209,2.408542,180.8745,86.18993,71.22936,107.7507,-1
322.0209,2.408455,180.8745,86.33441,72.21127,108.7118,-1
322.0209,2.408356,180.8745,86.53078,71.73193,108.2065,-1
322.0209,2.40828,180.8744,86.63071,73.90018,110.3391,-1
322.0209,2.408206,180.8744,86.74876,75.10675,111.5122,-1
322.0209,2.408143,180.8744,86.81046,77.67189,114.0545,-1
322.0209,2.408082,180.8744,86.82485,81.65256,118.0235,-1
322.0209,2.408031,180.8744,86.80775,85.51276,121.8726,-1
322.0209,2.407984,180.8744,86.78532,88.79769,125.151,-1
322.0209,2.407944,180.8744,86.74695,91.86238,128.204,-1
322.0209,2.407907,180.8744,86.7058,94.56081,130.8903,-1
322.021,2.407876,180.8744,86.65041,97.08193,133.3987,-1
322.021,2.407846,180.8744,86.61043,99.07395,135.3732,-1
322.021,2.40782,180.8744,86.56606,100.9072,137.1829,-1
322.021,2.407794,180.8744,86.52132,102.6016,138.8548,-1
322.021,2.407773,180.8744,86.47597,104.0788,140.3101,-1
322.021,2.407752,180.8743,86.43883,105.3734,141.5804,-1
322.021,2.407733,180.8743,86.40311,106.5367,142.7225,-1
322.021,2.407718,180.8743,86.36822,107.5062,143.6713,-1
322.0211,2.407696,180.8743,86.35213,108.4715,144.615,-1
322.0211,2.407684,180.8743,86.32347,109.2233,145.3389,-1
322.0211,2.407672,180.8743,86.29704,109.9274,146.0147,-1
322.0211,2.407658,180.8743,86.2799,110.6202,146.6776,-1
322.0211,2.407645,180.8743,86.26839,111.1703,147.1996,-1
322.0211,2.407632,180.8743,86.25618,111.7481,147.7508,-1
322.0211,2.407619,180.8742,86.24715,112.2899,148.2647,-1
322.0211,2.407613,180.8742,86.23356,112.6347,148.5772,-1
322.0211,2.40761,180.8742,86.21908,112.8968,148.8022,-1
322.0211,2.407602,180.8742,86.2075,113.2886,149.1629,-1
322.0211,2.407599,180.8742,86.19527,113.5199,149.361,-1
322.0211,2.407598,180.8742,86.17572,113.7432,149.5514,-1
322.0212,2.407597,180.8741,86.17593,113.8439,149.6208,-1
322.0212,2.407592,180.8741,86.16304,114.1291,149.8798,-1
322.0212,2.407591,180.8741,86.15937,114.1923,149.9166,-1
322.0212,2.407587,180.8741,86.14532,114.5014,150.1919,-1
322.0212,2.407578,180.8741,86.129,114.9414,150.6066,-1
322.0212,2.407584,180.8741,86.14288,114.6674,150.2968,-1
322.0212,2.407581,180.8741,86.16713,114.5724,150.1661,-1
322.0212,2.407549,180.8741,86.23688,115.013,150.5762,-1
322.0212,2.407536,180.8741,86.05499,116.9049,152.4421,-1
322.0212,2.407531,180.874,86.03478,117.2186,152.725,-1
322.0212,2.40758,180.874,85.97766,116.2486,151.7227,-1
322.0213,2.407561,180.874,86.28728,114.3581,149.7557,-1
322.0213,2.407586,180.874,86.12404,115.0056,150.3882,-1
322.0213,2.407577,180.874,86.18028,114.8359,150.1742,-1
322.0213,2.40757,180.8739,86.20832,114.8625,150.1564,-1
322.0213,2.407576,180.8739,86.15182,115.1999,150.4534,-1
322.0214,2.407574,180.8739,86.17828,115.0922,150.3016,-1
322.0214,2.407577,180.8739,86.16386,115.1627,150.3338,-1
322.0214,2.407575,180.8739,86.18607,115.0773,150.2123,-1
322.0214,2.40758,180.8738,86.26692,114.2182,149.3114,-1
322.0214,2.407591,180.8738,86.25091,114.0748,149.1271,-1
322.0214,2.40759,180.8738,86.40784,112.6373,147.6365,-1
322.0214,2.407611,180.8738,86.29541,113.0829,148.0434,-1
322.0214,2.407598,180.8737,86.34259,113.0965,148.0111,-1
322.0214,2.407581,180.8737,86.40882,113.0545,147.926,-1
322.0215,2.407588,180.8737,86.34034,113.5394,148.3772,-1
322.0215,2.407576,180.8737,86.38416,113.5417,148.3454,-1
322.0215,2.407577,180.8737,86.37259,113.6805,148.4425,-1
322.0215,2.407575,180.8737,86.34843,113.9864,148.7146,-1
322.0215,2.407568,180.8737,86.38351,113.9326,148.6113,-1
322.0215,2.407566,180.8736,86.38194,114.0634,148.7023,-1
322.0215,2.40757,180.8736,86.38458,113.9381,148.5348,-1
322.0215,2.40757,180.8736,86.41319,113.711,148.2664,-1
322.0215,2.407569,180.8736,86.42549,113.6599,148.1727,-1
322.0215,2.407568,180.8736,86.44229,113.5567,148.0295,-1
322.0216,2.407571,180.8735,86.45061,113.4194,147.8448,-1
322.0216,2.407574,180.8735,86.45812,113.3098,147.6844,-1
322.0216,2.407573,180.8735,86.46526,113.3094,147.6373,-1
322.0216,2.407574,180.8735,86.4677,113.2972,147.5759,-1
322.0217,2.407573,180.8734,86.46709,113.3922,147.6253,-1
322.0217,2.407572,180.8734,86.46615,113.4921,147.6798,-1
322.0217,2.407568,180.8734,86.48075,113.5116,147.6633,-1
322.0217,2.407569,180.8734,86.47552,113.5544,147.6591,-1
322.0217,2.407575,180.8734,86.47408,113.4458,147.4977,-1
322.0217,2.407576,180.8734,86.47508,113.4487,147.4486,-1
322.0217,2.407578,180.8733,86.47202,113.4544,147.4054,-1
322.0217,2.407578,180.8733,86.47852,113.4184,147.3233,-1
322.0218,2.407579,180.8733,86.4807,113.4126,147.2686,-1
322.0218,2.407581,180.8733,86.47224,113.4933,147.3014,-1
322.0218,2.407582,180.8732,86.4651,113.5636,147.3234,-1
322.0218,2.407583,180.8732,86.4651,113.5781,147.2933,-1
322.0219,2.407585,180.8732,86.46592,113.5421,147.2104,-1
322.0219,2.407589,180.8732,86.45315,113.5785,147.1992,-1
322.0219,2.407592,180.8731,86.44923,113.5877,147.1578,-1
322.0219,2.407594,180.8731,86.4419,113.6195,147.1434,-1
322.0219,2.407593,180.8731,86.44394,113.6857,147.162,-1
322.0219,2.407593,180.8731,86.4499,113.7029,147.1253,-1
322.0219,2.407593,180.873,86.44345,113.8067,147.1826,-1
322.0219,2.407593,180.873,86.44399,113.8348,147.1698,-1
322.022,2.407595,180.873,86.44746,113.7849,147.0737,-1
322.022,2.407598,180.873,86.44808,113.7371,146.9781,-1
322.022,2.407597,180.873,86.4499,113.7764,146.967,-1
322.022,2.407596,180.8729,86.45934,113.7533,146.8971,-1
322.022,2.407599,180.8729,86.46637,113.6275,146.7216,-1
322.022,2.407596,180.8729,86.46459,113.8118,146.8485,-1
322.022,2.407597,180.8729,86.46892,113.7959,146.7837,-1
322.022,2.407591,180.8728,86.47703,113.9501,146.8884,-1
322.0221,2.407589,180.8728,86.47663,114.0916,146.9824,-1
322.0221,2.407587,180.8728,86.47969,114.1629,147.0036,-1
322.0221,2.407592,180.8728,86.46615,114.1716,146.968,-1
322.0221,2.40759,180.8727,86.47436,114.2097,146.9583,-1
322.0221,2.407588,180.8727,86.47536,114.324,147.0219,-1
322.0222,2.407589,180.8727,86.47508,114.34,146.9996,-1
322.0222,2.407587,180.8727,86.4753,114.4452,147.0578,-1
322.0222,2.407583,180.8727,86.48231,114.5396,147.102,-1
322.0222,2.407583,180.8727,86.48676,114.5507,147.0623,-1
322.0222,2.407589,180.8726,86.47808,114.5046,146.9658,-1
322.0222,2.407591,180.8726,86.47668,114.4817,146.8938,-1
322.0222,2.407591,180.8726,86.47997,114.4776,146.847,-1
322.0222,2.407593,180.8726,86.47175,114.5628,146.885,-1
322.0223,2.407596,180.8725,86.46333,114.5879,146.8613,-1
322.0223,2.407598,180.8725,86.4558,114.6506,146.8776,-1
322.0223,2.407596,180.8725,86.45972,114.7164,146.8932,-1
322.0223,2.407596,180.8725,86.45453,114.8425,146.9711,-1
322.0223,2.407594,180.8724,86.45282,114.9667,147.0519,-1
322.0223,2.407592,180.8724,86.45812,115.0169,147.0455,-1
322.0223,2.407594,180.8724,86.4483,115.1162,147.0935,-1
322.0223,2.407598,180.8724,86.4451,115.043,146.9689,-1
322.0223,2.407598,180.8723,86.44521,115.1361,147.0101,-1
322.0224,2.407596,180.8723,86.44543,115.2278,147.0477,-1
322.0224,2.407591,180.8723,86.45441,115.3634,147.1326,-1
322.0224,2.407593,180.8723,86.4505,115.3685,147.0852,-1
322.0225,2.407595,180.8723,86.45348,115.3367,146.9998,-1
322.0225,2.407594,180.8722,86.45625,115.4099,147.0227,-1
322.0225,2.407596,180.8722,86.45846,115.3503,146.9104,-1
322.0225,2.407598,180.8722,86.45962,115.325,146.8334,-1
322.0225,2.407603,180.8721,86.45393,115.2744,146.7342,-1
322.0225,2.407602,180.8721,86.45846,115.3124,146.7242,-1
322.0225,2.407605,180.8721,86.45613,115.2778,146.638,-1
322.0225,2.407607,180.8721,86.44554,115.3533,146.6639,-1
322.0225,2.407606,180.872,86.45116,115.3912,146.6557,-1
322.0226,2.407602,180.872,86.45072,115.56,146.7797,-1
322.0226,2.407601,180.872,86.44874,115.6654,146.8436,-1
322.0226,2.407598,180.872,86.45155,115.769,146.904,-1
322.0226,2.407601,180.872,86.44796,115.784,146.8681,-1
322.0226,2.407599,180.8719,86.44852,115.8621,146.9032,-1
322.0226,2.407596,180.8719,86.44609,116.0391,147.035,-1
322.0226,2.407592,180.8719,86.45293,116.1603,147.1092,-1
322.0226,2.407593,180.8719,86.45441,116.1729,147.0774,-1
322.0226,2.40759,180.8719,86.45111,116.3548,147.2112,-1
322.0227,2.407585,180.8718,86.45834,116.4757,147.2859,-1
322.0227,2.407585,180.8718,86.45785,116.5434,147.3026,-1
322.0227,2.407587,180.8718,86.46333,116.4837,147.1942,-1
322.0227,2.407585,180.8718,86.46798,116.5539,147.216,-1
322.0227,2.407583,180.8717,86.46515,116.674,147.2891,-1
322.0228,2.407585,180.8717,86.46786,116.62,147.189,-1
322.0228,2.407588,180.8717,86.46227,116.6242,147.1436,-1
322.0228,2.407591,180.8717,86.46564,116.538,147.0104,-1
322.0228,2.407595,180.8716,86.46139,116.5049,146.9293,-1
322.0228,2.407592,180.8716,86.47108,116.5321,146.9113,-1
322.0228,2.407593,180.8716,86.47241,116.5565,146.8874,-1
322.0228,2.407594,180.8716,86.46931,116.5711,146.8556,-1
322.0228,2.407596,180.8716,86.47202,116.5248,146.7672,-1
322.0228,2.407598,180.8716,86.46964,116.5199,146.7095,-1
322.0229,2.407601,180.8715,86.46001,116.5714,146.7169,-1
322.0229,2.407599,180.8715,86.46316,116.6685,146.7707,-1
322.0229,2.407601,180.8715,86.45364,116.7296,146.7899,-1
322.0229,2.407603,180.8715,86.4473,116.7861,146.8011,-1
322.0229,2.407602,180.8714,86.44923,116.832,146.8017,-1
322.0229,2.407602,180.8714,86.45298,116.8484,146.7751,-1
322.0229,2.407598,180.8714,86.4563,116.9925,146.8754,-1
322.0229,2.407598,180.8714,86.45469,117.0484,146.8869,-1
322.0229,2.4076,180.8713,86.45072,117.0546,146.8492,-1
322.0229,2.4076,180.8713,86.45244,117.0965,146.8441,-1
322.023,2.407599,180.8713,86.45133,117.1997,146.8952,-1
322.023,2.407598,180.8713,86.45293,117.2491,146.9008,-1
322.023,2.407601,180.8712,86.44796,117.2672,146.8645,-1
322.023,2.407603,180.8712,86.44587,117.2776,146.8222,-1
322.0231,2.407602,180.8712,86.45282,117.2784,146.7779,-1
322.0231,2.407601,180.8712,86.45204,117.3466,146.7968,-1
322.0231,2.407598,180.8712,86.45398,117.4988,146.8993,-1
322.0231,2.407598,180.8711,86.46404,117.4169,146.7748,-1
322.0231,2.407596,180.8711,86.47463,117.4404,146.7599,-1
322.0231,2.407597,180.8711,86.46615,117.5279,146.8027,-1
322.0231,2.407599,180.8711,86.46947,117.4751,146.6984,-1
322.0231,2.407603,180.8711,86.4723,117.3412,146.5249,-1
322.0231,2.407605,180.871,86.46742,117.3871,146.5276,-1
322.0231,2.407606,180.871,86.46732,117.3679,146.4675,-1
322.0232,2.407607,180.871,86.46587,117.4121,146.4624,-1
322.0232,2.407608,180.871,86.45801,117.4873,146.4935,-1
322.0232,2.407608,180.8709,86.45939,117.5377,146.4962,-1
322.0232,2.407607,180.8709,86.45823,117.6149,146.531,-1
322.0232,2.407604,180.8709,86.45441,117.8242,146.6948,-1
322.0233,2.407606,180.8709,86.45492,117.8003,146.6286,-1
322.0233,2.407603,180.8708,86.44746,118.0067,146.785,-1
322.0233,2.407602,180.8708,86.45448,118.0279,146.7627,-1
322.0233,2.407601,180.8708,86.45315,118.1009,146.7903,-1
322.0233,2.407602,180.8708,86.4419,118.2214,146.8674,-1
322.0233,2.407598,180.8708,86.45277,118.2766,146.8849,-1
322.0233,2.407596,180.8708,86.46088,118.3099,146.8777,-1
322.0233,2.407595,180.8707,86.45585,118.4738,146.9992,-1
322.0233,2.407592,180.8707,86.46365,118.5131,146.9874,-1
322.0233,2.407598,180.8707,86.45746,118.3999,146.84,-1
322.0233,2.407601,180.8707,86.4521,118.398,146.7977,-1
322.0234,2.407603,180.8706,86.45602,118.3337,146.6926,-1
322.0234,2.407605,180.8706,86.44708,118.4107,146.7276,-1
322.0234,2.407604,180.8706,86.45033,118.4741,146.7484,-1
322.0234,2.407603,180.8706,86.45613,118.4841,146.7145,-1
322.0234,2.407605,180.8706,86.45547,118.4392,146.6335,-1
322.0234,2.407606,180.8705,86.45856,118.406,146.5615,-1
322.0234,2.407607,180.8705,86.45078,118.4939,146.6076,-1
322.0234,2.407609,180.8705,86.44752,118.5086,146.5819,-1
322.0234,2.40761,180.8705,86.44114,118.5611,146.5984,-1
322.0234,2.407612,180.8705,86.4397,118.5616,146.5615,-1
322.0234,2.407612,180.8705,86.44218,118.5706,146.5377,-1
322.0234,2.407609,180.8704,86.4489,118.6327,146.5653,-1
322.0235,2.407609,180.8704,86.44581,118.7002,146.5993,-1
322.0235,2.407611,180.8704,86.4424,118.7173,146.5819,-1
322.0235,2.407608,180.8704,86.4537,118.7433,146.5709,-1
322.0235,2.407607,180.8704,86.45481,118.8121,146.5975,-1
322.0235,2.407609,180.8703,86.44592,118.8564,146.6051,-1
322.0235,2.407614,180.8703,86.42747,118.9108,146.6299,-1
322.0236,2.407605,180.8703,86.46864,118.8004,146.4898,-1
322.0236,2.407604,180.8703,86.47558,118.7951,146.4563,-1
322.0236,2.407605,180.8703,86.46997,118.8419,146.4743,-1
322.0236,2.40758,180.8703,86.29864,121.4158,149.0313,-1
322.0236,2.407529,180.8703,86.3079,122.9816,150.5767,-1
322.0236,2.407547,180.8703,86.10635,124.0316,151.6957,-1
322.0235,2.407521,180.8704,85.98932,125.4669,153.3356,-1
322.0235,2.407439,180.8704,86.54259,123.7104,151.4642,-1
322.0206,2.409623,180.8747,84.15142,70.64137,107.7447,-1
322.0233,2.411884,180.8698,80.3028,57.55733,84.69313,-1
322.027,2.406706,180.859,86.08529,358.5006,4.95677,-1
322.0251,2.409925,180.8664,73.27875,0.7391125,21.7238,-1
322.0272,2.406478,180.8571,80.20008,356.697,359.5869,-1
322.0246,2.41254,180.8666,65.57286,4.201718,27.07564,-1
322.0269,2.401775,180.8557,22.86416,355.8552,350.7454,-1
322.0219,2.389521,180.8506,13.80934,1.331097,326.844,-1
322.0056,2.376669,180.8503,6.014058,10.73823,290.2984,-1
321.9997,2.375125,180.8511,6.858098,6.324671,278.8564,-1
322.0031,2.376009,180.8498,11.14079,357.2642,283.6647,-1
322.0139,2.381708,180.8478,13.69709,4.85039,307.0615,-1
322.0206,2.388058,180.8493,5.754085,9.387498,324.5663,-1
322.0189,2.392592,180.8389,8.694234,30.70249,333.8821,-1
322.0215,2.401087,180.838,348.4301,35.53973,350.0255,-1
322.0219,2.402535,180.8383,334.0648,36.21877,352.0465,-1
322.0224,2.402019,180.8392,337.4757,34.23053,351.2475,-1
322.0227,2.402478,180.8396,340.9071,32.52584,352.3246,-1
322.0228,2.405368,180.8391,346.1222,31.14617,357.881,-1
322.0222,2.405909,180.8382,352.6459,32.67566,358.9021,-1
322.0212,2.406345,180.8368,353.2394,35.75811,359.6903,-1
322.0206,2.406247,180.836,356.019,37.45715,359.5144,-1
322.0205,2.407495,180.8358,351.2113,37.57078,1.77091,-1
322.0204,2.406947,180.8358,352.1307,37.79814,0.7778603,-1
322.0203,2.406627,180.8356,356.6105,38.3736,0.1977952,-1
322.0192,2.406042,180.8342,1.285918,41.45221,359.1486,-1
322.0196,2.405814,180.8347,4.059907,40.27037,358.738,-1
322.0209,2.408165,180.8364,3.027452,36.64915,2.956308,-1
322.0203,2.405473,180.8356,358.764,38.27197,358.1295,-1
322.0185,2.405835,180.8334,0.1372341,43.39585,358.7792,-1
322.0187,2.407736,180.8337,359.8867,42.74924,2.183264,-1
322.0192,2.406262,180.8342,356.8394,41.62819,359.5421,-1
322.019,2.403876,180.8342,354.1287,42.24228,355.2402,-1
322.0197,2.405034,180.8349,353.4302,40.28965,357.3257,-1
322.0196,2.404988,180.8347,354.0926,40.61457,357.2473,-1
322.0197,2.405592,180.8348,355.5324,40.33077,358.338,-1
322.0192,2.40565,180.8342,355.8554,41.71635,358.4427,-1
322.0195,2.405478,180.8347,354.9922,40.64796,358.1324,-1
322.0195,2.405344,180.8347,351.4959,40.85366,357.876,-1
322.0176,2.40472,180.8326,349.3323,46.14407,356.7241,-1
322.0187,2.404457,180.8338,351.1426,43.14009,356.2643,-1
322.0197,2.404716,180.8348,351.8783,40.57646,356.7415,-1
322.0195,2.404465,180.8347,352.3235,40.90733,356.2898,-1
322.0195,2.405304,180.8346,353.6463,40.99555,357.8141,-1
322.0194,2.405423,180.8345,354.9322,41.12018,358.0321,-1
322.0191,2.406007,180.8341,356.2507,41.81686,359.0851,-1
322.0196,2.407572,180.8347,359.5101,40.41264,1.888857,-1
322.0185,2.407941,180.8335,2.563179,43.48339,2.552576,-1
322.0203,2.404954,180.8357,2.600441,38.06359,357.1968,-1
322.0192,2.406082,180.8343,0.5510183,41.43493,359.2219,-1
322.0208,2.405519,180.8362,356.337,37.15839,358.2097,-1
322.0204,2.406633,180.8356,1.107089,38.20473,0.207431,-1
322.0201,2.406429,180.8353,1.289257,38.92276,359.8419,-1
322.0211,2.406613,180.8365,0.5465435,36.13992,0.1715058,-1
322.0205,2.405605,180.8358,0.3873164,37.75415,358.3664,-1
322.0194,2.405836,180.8345,358.1602,40.87056,358.7799,-1
322.0192,2.405169,180.8343,358.5444,41.45947,357.5855,-1
322.0193,2.40503,180.8344,358.3382,41.21851,357.3358,-1
322.0198,2.404795,180.835,359.3138,39.84014,356.9148,-1
322.0199,2.404644,180.8351,359.4395,39.53773,356.6437,-1
322.0208,2.404526,180.8362,358.5525,37.08442,356.4313,-1
322.0209,2.404602,180.8364,358.7043,36.6198,356.568,-1
322.0208,2.404226,180.8364,358.6116,36.72918,355.8937,-1
322.0212,2.40414,180.837,358.3621,35.48864,355.7373,-1
322.021,2.404233,180.8366,353.5345,36.63719,355.8813,-1
322.0217,2.406328,180.8374,354.0198,34.27761,359.6594,-1
322.0208,2.40483,180.8363,354.0853,37.10247,356.9626,-1
322.0213,2.405271,180.837,354.5144,35.49002,357.7573,-1
322.0212,2.404775,180.8369,354.7889,35.81406,356.8666,-1
322.0209,2.404582,180.8365,354.7357,36.74802,356.518,-1
322.0203,2.404588,180.8356,354.918,38.60286,356.5299,-1
322.0208,2.404634,180.8363,355.0207,37.06237,356.6138,-1
322.0209,2.404507,180.8365,355.2748,36.68374,356.3865,-1
322.021,2.404522,180.8366,355.2886,36.43881,356.4131,-1
322.0212,2.404571,180.8368,355.2939,35.94024,356.5012,-1
322.0216,2.404967,180.8374,355.3943,34.59838,357.2147,-1
322.0217,2.405092,180.8375,355.8528,34.30124,357.44,-1
322.0217,2.405266,180.8376,356.1286,34.09938,357.7536,-1
322.0216,2.405226,180.8374,356.3777,34.53986,357.684,-1
322.0211,2.404875,180.8366,355.8276,36.32311,357.0508,-1
322.0214,2.404839,180.837,355.9073,35.34247,356.9855,-1
322.021,2.404047,180.8366,355.7839,36.44974,355.5616,-1
322.0208,2.404606,180.8363,356.3843,36.90299,356.5691,-1
322.0215,2.405326,180.8372,355.7949,34.91245,357.8611,-1
322.0216,2.404791,180.8374,355.5024,34.57287,356.8983,-1
265.5923,2.405241,264.2245,355.6735,33.66873,357.7085,-1
265.5926,2.405218,264.2248,356.2786,33.00658,357.6683,-1
265.5926,2.405177,264.2249,356.1561,32.95965,357.5945,-1
265.5927,2.405138,264.2251,356.5196,32.51125,357.5253,-1
265.5928,2.405146,264.2252,356.1366,32.17395,357.5397,-1
265.5922,2.404579,264.2243,356.0234,34.19043,356.5193,-1
265.5925,2.404544,264.2248,356.137,33.16523,356.4572,-1
265.5912,2.40454,264.2229,355.4208,37.36526,356.4469,-1
265.5922,2.404518,264.2243,355.3829,34.41629,356.4067,-1
265.5921,2.404492,264.2242,355.2067,34.46966,356.3591,-1
265.5905,2.404921,264.222,354.8903,39.54625,357.1304,-1
265.5852,2.404648,264.2169,352.95,52.85686,356.6259,-1
265.5657,1.031517,264.2422,0,215,0,exit0
265.6112,2.403798,264.2352,354.6476,70.95409,355.1044,-1
265.6038,2.403596,264.2337,354.089,85.14795,354.7349,-1
265.5963,2.404372,264.2338,355.0522,98.54584,356.1413,-1
265.5872,2.404333,264.2365,354.3973,115.5604,356.0673,-1
265.5796,2.403959,264.2417,354.2905,132.2904,355.3912,-1
265.5738,2.404007,264.2484,354.8357,148.2404,355.483,-1
265.5703,2.40364,264.2563,352.9789,163.935,354.8022,-1
265.5692,2.403974,264.2691,354.2005,187.0185,355.4182,-1
265.5716,2.404252,264.2783,355.5076,204.1188,355.929,-1
265.5758,2.403991,264.2852,353.6968,218.7731,355.4454,-1
265.583,2.403562,264.2918,354.3169,236.5366,354.6754,-1
265.5893,2.403173,264.2951,354.8599,249.2659,353.9781,-1
265.5886,2.403111,264.2948,354.5612,247.9404,353.862,-1
265.59,2.403097,264.2953,355.2593,250.6522,353.8438,-1
265.5913,2.402298,264.2957,353.8569,253.3975,352.3794,-1
264.3471,2.402787,263.9223,355.0289,253.3002,353.2805,-1
261.4417,2.402921,263.0459,355.6714,253.7799,353.529,-1
258.9534,2.402092,262.4095,355.9439,259.2763,352.0315,-1
256.8198,2.40221,262.0482,355.2307,263.0478,352.2381,-1
255.3686,2.402463,261.8754,356.3026,262.5605,352.707,-1
253.1215,2.403398,261.5697,357.5557,261.3278,354.401,-1
250.4652,2.403741,261.1451,357.9833,259.055,355.0211,-1
247.4517,2.403621,260.5356,358.1953,257.8934,354.8058,-1
244.5825,2.402631,259.9323,359.1684,259.2053,353.0235,-1
241.5622,2.402131,259.4056,359.2778,262.3215,352.1208,-1
238.8436,2.401895,259.1052,358.4429,266.7452,351.6927,-1
236.4428,2.401518,258.9505,359.0432,265.557,351.1582,-1
233.7164,2.402262,258.7033,359.1347,262.8199,352.3575,-1
230.7902,2.39833,258.2628,359.7886,257.3244,352.7595,-1
227.9286,2.402762,257.5061,0.0894753,249.9434,353.261,-1
224.8654,2.393664,256.2915,359.2183,245.6829,353.1962,-1
221.5931,2.402913,254.8001,358.896,245.1003,353.5311,-1
218.6656,2.402044,253.4272,358.127,244.8195,351.9604,-1
215.819,2.401489,252.0872,358.9232,244.6635,351.2305,-1
212.9827,2.401659,250.742,358.8518,244.4459,351.2656,-1
210.1687,2.396003,249.3853,359.793,243.744,352.3644,-1
208.3158,1.029002,248.4257,0,215,0,enter1
208.2318,2.397721,248.4185,359.9407,242.2299,354.0887,-1
208.1551,2.403836,248.379,359.6524,240.9073,355.1937,-1
208.1544,2.403927,248.3783,358.8304,239.7499,355.3574,-1
208.1526,2.403967,248.3772,359.1721,235.8392,355.4297,-1
208.1486,2.40364,248.374,0.6135874,226.5534,354.8419,-1
208.1422,2.40472,248.3655,-0.001398108,207.4804,356.7802,-1
208.1418,2.403612,248.3647,0.03947273,205.8289,354.7916,-1
208.141,2.402874,248.3625,358.3115,201.8726,353.4612,-1
208.1394,2.402644,248.3571,357.7341,191.7643,353.0426,-1
208.1395,2.403933,248.3582,358.0578,193.6497,355.366,-1
208.1398,2.404227,248.3594,359.0457,195.6536,355.896,-1
208.1397,2.40386,248.3589,359.3777,194.8177,355.2369,-1
208.1395,2.404147,248.3585,359.6556,193.9205,355.7519,-1
208.1705,1.031517,248.3508,0,215,0,exit1
208.0936,2.404272,248.1644,356.6436,193.1885,355.9709,-1
207.64,2.40482,246.2312,356.8181,192.8445,356.9554,-1
206.7967,2.405303,242.419,358.6657,191.7401,357.8243,-1
206.036,2.404938,238.7103,357.7455,191.0191,357.4576,-1
205.3327,2.405111,234.995,357.1412,190.1642,357.4778,-1
204.6716,2.397839,231.1967,357.8296,189.3628,357.6944,-1
204.0569,2.405029,227.4232,358.0573,189.1696,357.3329,-1
203.4005,2.404712,223.3316,358.5284,189.2025,356.7659,-1
202.7911,2.404109,219.64,359.5949,190.4409,355.6852,-1
202.0092,2.400069,215.8026,359.9583,193.1376,354.6667,-1
201.0555,2.399103,211.9324,359.679,195.1077,354.9452,-1
200.0898,2.403812,208.3475,359.815,195.2635,355.1506,-1
199.064,2.40396,204.5219,0.1686873,194.2949,355.4172,-1
198.1716,2.404098,200.9929,0.3266014,193.4991,355.6646,-1
197.3073,2.398659,197.3451,0.1728128,192.9177,355.453,-1
196.4668,2.400732,193.6533,0.06444295,192.4642,355.1212,-1
195.7532,2.403653,190.268,2.276112,190.5348,354.8613,-1
195.4233,2.403032,188.4373,0.4759144,189.1063,353.7472,-1
195.2659,2.40298,187.348,0.1154298,187.0372,353.654,-1
195.2798,1.031517,187.203,0,215,0,enter2
195.2312,2.402846,187.0711,1.919148,186.3397,353.4084,-1
195.231,2.40286,187.0698,1.507515,184.784,353.4353,-1
195.2309,2.403114,187.0681,1.765428,181.7302,353.8925,-1
195.231,2.403809,187.0639,2.203696,174.183,355.1414,-1
195.2328,2.404593,187.0556,3.028934,158.9551,356.5475,-1
195.2381,2.403742,187.0467,3.341451,140.1737,355.016,-1
195.2519,2.404159,187.037,1.402168,109.7117,355.7733,-1
195.2633,2.404868,187.0351,0.5030996,88.87959,357.0466,-1
195.2674,2.403432,187.0355,358.2461,81.67691,354.4645,-1
195.2704,2.403875,187.0361,357.3369,76.16058,355.2594,-1
195.2701,2.403532,187.036,355.1667,76.96104,354.6282,-1
195.2698,2.403668,187.0359,355.1394,77.50555,354.8739,-1
195.2627,1.031517,187.067,0,215,0,exit2
196.1184,2.404112,187.2339,356.7849,76.47951,355.6837,-1
198.9341,2.40398,187.9267,357.8904,75.55731,355.4489,-1
201.9261,2.403984,188.7065,357.7636,75.08783,355.4568,-1
205.0188,2.404224,189.5413,357.642,74.47495,355.8881,-1
208.2359,2.403006,190.4372,358.171,74.43869,356.3328,-1
211.347,2.404238,191.3102,359.0709,74.20261,355.9146,-1
215.1082,2.404072,192.3471,358.6496,75.06494,355.616,-1
218.8561,2.394379,193.3519,359.3587,74.99272,355.5689,-1
222.6474,2.398188,194.3813,359.0953,74.43095,356.0657,-1
226.596,2.403362,195.4759,359.0616,74.98483,355.4875,-1
230.4791,2.403872,196.4999,358.9688,75.28686,355.2665,-1
234.4037,2.4035,197.5423,359.4272,74.6399,355.3274,-1
238.4113,2.404044,198.659,359.2014,73.74235,355.5676,-1
242.3231,2.404243,199.815,358.7965,72.99136,355.9244,-1
246.2833,2.404246,201.0485,358.5412,72.11866,355.9283,-1
250.1242,2.401822,202.3009,358.7915,71.54851,355.8166,-1
254.1413,2.404064,203.645,358.559,71.17397,355.6013,-1
258.1025,2.403976,205.0035,358.3802,70.84197,355.4436,-1
261.9785,2.400152,206.3605,358.5135,70.42731,355.368,-1
265.9207,2.403909,207.7755,358.6758,69.99849,355.3233,-1
269.8256,2.403845,209.2081,358.4359,69.54997,355.2088,-1
273.5765,2.403988,210.6183,359.3491,69.11827,355.4675,-1
277.066,2.395258,211.9776,1.494828,68.35934,355.5413,-1
277.446,2.395773,212.1288,359.1493,68.0434,355.4898,-1
277.4345,1.023211,212.1587,0,215,0,enter0
