*Subject
13
*Layout
2
*Condition
True,True,True,False,True
*Marks
197.3152,0,262.2281
233.8304,0,309.8356
293.3172,0,302.0147
*Path
x,y,z,flag
252.377,2.409613,277.0998,6.480635,189.7717,5.587469,-1
252.3771,2.409917,277.0993,6.506864,189.5512,6.139607,-1
252.3772,2.408883,277.1003,6.202228,191.095,4.26486,-1
252.3776,2.409329,277.1021,4.35779,194.3895,5.056022,-1
252.3779,2.409363,277.1032,5.045262,196.402,5.121753,-1
252.3781,2.409137,277.1039,5.007489,197.6577,4.714047,-1
252.3781,2.409296,277.1039,4.979448,197.698,5.000972,-1
252.3781,2.409317,277.1039,5.418906,197.6866,5.04178,-1
252.3781,2.408947,277.1041,5.647759,198.0792,4.374982,-1
252.378,2.408935,277.1037,5.336178,197.261,4.352854,-1
252.3782,2.40929,277.1042,5.154253,198.3037,4.992344,-1
252.3785,2.40929,277.1053,5.198135,200.3444,4.992398,-1
252.3788,2.409786,277.1058,5.241992,201.4262,5.888423,-1
252.3787,2.409795,277.1055,5.155547,200.9605,5.90265,-1
252.3787,2.4099,277.1054,5.519347,200.8505,6.096248,-1
252.3786,2.409912,277.1052,5.398462,200.4395,6.117204,-1
252.3786,2.409826,277.1054,5.332437,200.8031,5.960482,-1
252.3787,2.409669,277.1056,5.540035,201.17,5.679904,-1
252.3787,2.409806,277.1056,5.541073,201.0517,5.926219,-1
252.3787,2.409936,277.1055,5.461085,201.0481,6.161622,-1
252.3787,2.409967,277.1056,5.469145,201.1086,6.218396,-1
252.3787,2.40994,277.1057,5.655389,201.2754,6.171032,-1
252.3787,2.40997,277.1056,5.771478,201.1896,6.226676,-1
252.3787,2.410063,277.1055,5.822863,200.9933,6.395871,-1
252.3787,2.410075,277.1055,5.992128,201.006,6.418551,-1
252.3787,2.409896,277.1056,6.109826,201.2133,6.09545,-1
252.3787,2.409979,277.1055,6.161113,201.0726,6.246974,-1
252.3787,2.410166,277.1054,6.098607,200.9957,6.584316,-1
252.3787,2.410276,277.1055,6.30878,201.109,6.787333,-1
252.3787,2.410143,277.1055,6.415479,201.2047,6.54845,-1
252.3788,2.41013,277.1058,6.071532,201.6509,6.520045,-1
252.3788,2.410005,277.1059,6.351845,201.8564,6.295906,-1
252.3789,2.409877,277.106,5.698001,202.0474,6.057737,-1
252.3788,2.409109,277.106,5.708547,201.7232,4.668755,-1
252.379,2.409282,277.1064,5.765039,202.4792,4.982079,-1
252.3789,2.409405,277.1062,6.174392,202.3312,5.209098,-1
252.3789,2.409378,277.1062,6.154743,202.2054,5.15834,-1
252.3789,2.409379,277.1061,6.264026,202.13,5.161305,-1
252.3789,2.409496,277.1061,6.261187,202.1438,5.373919,-1
252.379,2.409567,277.1063,6.149998,202.4733,5.501729,-1
252.379,2.409418,277.1064,5.869045,202.6447,5.227988,-1
252.3791,2.409441,277.1067,5.98308,203.1751,5.270193,-1
252.3791,2.40954,277.1066,6.379901,203.0899,5.454017,-1
252.3791,2.409239,277.1067,6.205408,203.1422,4.908294,-1
252.3791,2.409253,277.1067,6.408119,203.2386,4.93472,-1
252.3791,2.409225,277.1067,6.539514,203.2579,4.886936,-1
252.3791,2.409281,277.1068,6.522158,203.3845,4.987624,-1
252.3791,2.409289,277.1068,6.602708,203.4027,5.00269,-1
252.3791,2.409289,277.1068,6.602708,203.4027,5.00269,-1
252.3791,2.409289,277.1068,6.602708,203.4027,5.00269,-1
252.3792,2.409273,277.1069,6.940032,203.6212,4.977321,-1
252.3792,2.409237,277.107,6.989098,203.7622,4.912663,-1
252.3792,2.40924,277.107,7.145552,203.7825,4.918797,-1
252.3792,2.409217,277.1071,7.106814,203.9811,4.878464,-1
252.3793,2.409191,277.1071,7.194872,204.1103,4.830691,-1
252.3793,2.409157,277.1073,7.332585,204.3613,4.770491,-1
252.3793,2.40927,277.1072,7.386052,204.336,4.975803,-1
252.3794,2.409319,277.1074,7.70373,204.7829,5.068486,-1
252.3794,2.409322,277.1075,7.48695,204.8738,5.071461,-1
252.3795,2.40923,277.1076,7.590307,205.1211,4.906275,-1
252.3795,2.409243,277.1077,7.833591,205.2437,4.933033,-1
252.3795,2.409243,277.1077,7.833591,205.2437,4.933033,-1
252.3795,2.409243,277.1077,7.833591,205.2437,4.933033,-1
252.3795,2.409293,277.1076,7.964202,205.2216,5.02452,-1
252.3796,2.40929,277.1078,7.893145,205.4929,5.018011,-1
252.3796,2.409259,277.1078,7.879564,205.5921,4.963064,-1
252.3798,2.409059,277.1084,7.630774,206.5232,4.596536,-1
252.3796,2.409256,277.1079,7.953011,205.7564,4.958523,-1
252.3798,2.409029,277.1083,7.863902,206.4803,4.546024,-1
252.3799,2.408965,277.1086,7.771264,207.0258,4.428286,-1
252.3799,2.409075,277.1086,7.929478,207.0013,4.628632,-1
252.3799,2.409029,277.1086,7.982407,206.9472,4.54739,-1
252.3799,2.409048,277.1086,8.314648,206.9767,4.583903,-1
252.3799,2.409084,277.1086,8.499909,207.0867,4.65294,-1
252.3799,2.409167,277.1085,8.44519,206.9896,4.802726,-1
252.3799,2.409144,277.1086,8.52866,207.0231,4.762312,-1
252.38,2.409089,277.1086,8.52286,207.2126,4.661505,-1
252.3799,2.409159,277.1086,8.661869,207.1142,4.789719,-1
252.3799,2.409222,277.1086,8.65589,207.1363,4.905315,-1
252.3799,2.409296,277.1086,8.618395,207.0974,5.038229,-1
252.3799,2.409296,277.1086,8.618395,207.0974,5.038229,-1
252.3799,2.409305,277.1086,9.006804,207.1113,5.05991,-1
252.3801,2.408743,277.1089,8.444417,207.6589,4.032176,-1
252.3798,2.404388,277.1085,8.956191,205.5124,356.139,-1
252.3811,2.399458,277.1093,5.727808,207.2078,347.1919,-1
252.3811,2.399458,277.1093,5.727808,207.2078,347.1919,-1
252.3811,2.399458,277.1093,5.727808,207.2078,347.1919,-1
252.3879,2.411335,277.1184,14.98981,231.7326,8.966996,-1
252.4029,2.413081,277.1252,345.5229,256.5082,12.23029,-1
252.3994,2.391705,277.1213,322.3508,275.0754,324.2241,-1
252.4025,2.377004,277.1052,339.5388,303.5907,280.1345,-1
252.41,2.374816,277.0985,357.5032,308.0417,277.4296,-1
252.4154,2.375292,277.0934,10.12697,315.8592,277.5919,-1
252.4232,2.380488,277.0829,33.67759,329.4031,282.1953,-1
252.4319,2.387964,277.0829,41.74245,346.6753,309.0105,-1
252.4372,2.39463,277.0866,55.46441,339.6424,319.0632,-1
252.4383,2.39643,277.0884,55.943,341.92,325.7477,-1
252.4385,2.396359,277.0901,71.44419,282.4492,274.0464,-1
252.4379,2.39693,277.1028,72.49224,248.7051,264.7867,-1
252.4336,2.396629,277.1117,71.93719,240.4635,274.7581,-1
252.4214,2.398415,277.1226,71.0737,244.9104,308.6809,-1
252.4222,2.399102,277.1224,73.03329,244.7593,307.4303,-1
252.4221,2.399796,277.1226,74.50818,245.0114,308.153,-1
252.4225,2.406036,277.1232,84.46462,287.0036,351.0291,-1
252.4227,2.406028,277.1231,84.43035,287.3752,350.9439,-1
252.4228,2.406056,277.123,84.35854,288.2099,351.5809,-1
252.4229,2.406049,277.123,84.50395,287.9185,351.217,-1
252.4229,2.406032,277.123,84.68662,287.2982,350.5798,-1
252.4229,2.406038,277.123,84.72824,287.416,350.6295,-1
252.4229,2.406036,277.123,84.79504,287.2877,350.4707,-1
252.4229,2.406032,277.123,84.85083,287.114,350.2722,-1
252.423,2.406027,277.123,84.93539,286.9009,350.015,-1
252.423,2.406027,277.1229,84.98937,286.9022,349.894,-1
252.4231,2.406023,277.1229,85.03501,286.8548,349.7282,-1
252.4231,2.406024,277.1229,85.0564,286.9402,349.7031,-1
252.4232,2.406027,277.1229,85.01587,287.1729,349.8579,-1
252.4232,2.406024,277.1228,84.9791,287.2581,349.8658,-1
252.4232,2.406024,277.1228,84.95026,287.3887,349.9157,-1
252.4233,2.406025,277.1228,84.89854,287.6039,350.0506,-1
252.4233,2.406024,277.1228,84.85722,287.7324,350.0994,-1
252.4234,2.406018,277.1227,84.83457,287.7478,350.0318,-1
252.4234,2.406019,277.1227,84.80447,287.8918,350.105,-1
252.4234,2.40602,277.1227,84.78268,288.027,350.1602,-1
252.4235,2.40602,277.1227,84.76554,288.1518,350.2072,-1
252.4235,2.406024,277.1227,84.74207,288.3522,350.3281,-1
252.4236,2.406027,277.1227,84.72984,288.5033,350.3949,-1
252.4236,2.406025,277.1226,84.71858,288.5746,350.3879,-1
252.4236,2.406027,277.1226,84.7028,288.7256,350.4541,-1
252.4237,2.40603,277.1226,84.6847,288.8936,350.5437,-1
252.4237,2.406029,277.1226,84.67351,288.9633,350.5378,-1
252.4238,2.406029,277.1225,84.6623,289.0612,350.5581,-1
252.4238,2.406028,277.1225,84.65148,289.1371,350.5555,-1
252.4238,2.406026,277.1225,84.64548,289.2073,350.5438,-1
252.4239,2.40603,277.1225,84.63035,289.381,350.6389,-1
252.4239,2.406025,277.1225,84.62079,289.3929,350.5673,-1
252.424,2.406024,277.1224,84.62098,289.4412,350.5313,-1
252.424,2.406025,277.1224,84.6125,289.5626,350.5767,-1
252.424,2.406027,277.1224,84.60897,289.6926,350.6219,-1
252.4241,2.406029,277.1224,84.598,289.8129,350.669,-1
252.4241,2.406027,277.1223,84.59383,289.8857,350.6551,-1
252.4241,2.40603,277.1223,84.59145,290.0089,350.7107,-1
252.4242,2.406028,277.1223,84.58,290.0582,350.6805,-1
252.4242,2.406032,277.1223,84.56354,290.2359,350.7846,-1
252.4243,2.406032,277.1223,84.55688,290.3256,350.8028,-1
252.4243,2.406022,277.1223,84.549,290.222,350.6297,-1
252.4243,2.406021,277.1222,84.56577,290.2224,350.5686,-1
252.4243,2.406021,277.1222,84.57534,290.2978,350.5699,-1
252.4244,2.40602,277.1222,84.56657,290.3573,350.5639,-1
252.4244,2.406019,277.1222,84.56556,290.4109,350.548,-1
252.4245,2.406013,277.1222,84.56689,290.3615,350.4248,-1
252.4245,2.406013,277.1221,84.56674,290.4344,350.4255,-1
252.4245,2.406011,277.1221,84.5718,290.4543,350.3795,-1
252.4246,2.406011,277.1221,84.56422,290.5351,350.3898,-1
252.4246,2.406015,277.1221,84.56368,290.6833,350.4688,-1
252.4246,2.406017,277.1221,84.56383,290.7858,350.5041,-1
252.4247,2.40602,277.122,84.55778,290.9221,350.5706,-1
252.4247,2.406018,277.122,84.55547,290.9595,350.5408,-1
252.4247,2.406017,277.122,84.54662,291.0316,350.5435,-1
252.4248,2.406016,277.122,84.54184,291.0884,350.5266,-1
252.4248,2.406016,277.1219,84.53328,291.1665,350.5339,-1
252.4248,2.406014,277.1219,84.52876,291.2122,350.5141,-1
252.4249,2.406015,277.1219,84.53725,291.2921,350.5259,-1
252.4249,2.406022,277.1219,84.50856,291.5216,350.6856,-1
252.4249,2.405982,277.1219,84.6815,290.5259,349.6218,-1
252.4249,2.405977,277.1219,84.7603,290.3079,349.3432,-1
252.425,2.405987,277.1219,84.68073,290.7304,349.7029,-1
252.425,2.405968,277.1218,84.68227,290.4364,349.3393,-1
252.425,2.405985,277.1218,84.21118,291.6754,350.519,-1
252.4228,2.405935,277.123,82.92598,288.1709,351.5041,-1
252.4195,2.406274,277.1245,82.25022,286.9104,356.7737,-1
252.4215,2.406257,277.1237,84.04405,289.4235,355.5133,-1
252.4219,2.406192,277.1235,83.93661,289.2729,354.4884,-1
252.4224,2.405898,277.1232,82.41916,287.372,351.5659,-1
252.422,2.405993,277.1234,82.7069,287.6196,352.5854,-1
252.422,2.406106,277.1234,83.62164,288.332,353.3524,-1
252.422,2.4061,277.1234,83.60383,288.3226,353.2813,-1
252.4221,2.406105,277.1234,83.5716,288.5027,353.3921,-1
252.4221,2.406188,277.1234,83.28706,290.1289,354.9591,-1
252.4221,2.40619,277.1234,83.31907,290.2086,354.9625,-1
252.4222,2.406185,277.1234,83.34204,290.1876,354.8639,-1
252.4222,2.406182,277.1233,83.36275,290.2044,354.8065,-1
252.4223,2.406173,277.1233,83.39289,290.1094,354.6379,-1
252.4223,2.406166,277.1233,83.40936,290.061,354.5113,-1
252.4223,2.406159,277.1233,83.43517,289.9973,354.379,-1
252.4224,2.406155,277.1233,83.45762,289.9824,354.295,-1
252.4224,2.406147,277.1232,83.4777,289.9138,354.1567,-1
252.4224,2.406139,277.1232,83.49127,289.8522,354.0238,-1
252.4225,2.406132,277.1232,83.50167,289.789,353.8936,-1
252.4225,2.406128,277.1232,83.51131,289.7886,353.8228,-1
252.4225,2.406126,277.1232,83.51451,289.8136,353.7799,-1
252.4226,2.406121,277.1232,83.51499,289.81,353.7123,-1
252.4226,2.406118,277.1231,83.5059,289.8366,353.6746,-1
252.4226,2.406121,277.1231,83.48546,289.9772,353.7475,-1
252.4227,2.406126,277.1231,83.4734,290.1302,353.8281,-1
252.4227,2.406128,277.1231,83.4581,290.2372,353.8716,-1
252.4227,2.406128,277.1231,83.44408,290.3106,353.8836,-1
252.4228,2.406129,277.1231,83.42639,290.4097,353.9236,-1
252.4228,2.406132,277.123,83.42019,290.5153,353.9662,-1
252.4228,2.406132,277.123,83.40522,290.5933,353.9854,-1
252.4229,2.406132,277.123,83.39622,290.6614,353.9912,-1
252.4229,2.406132,277.123,83.38909,290.7458,354.0049,-1
252.4229,2.406135,277.123,83.3839,290.8376,354.0552,-1
252.4229,2.406135,277.123,83.38387,290.8377,354.0552,-1
252.4229,2.406135,277.123,83.38387,290.8377,354.0552,-1
252.4229,2.40613,277.123,83.37504,290.8453,353.9826,-1
252.423,2.406127,277.123,83.40781,290.8397,353.9146,-1
252.423,2.406202,277.123,83.26079,292.1519,355.1822,-1
252.423,2.406211,277.1229,83.20245,292.3912,355.3611,-1
252.4231,2.406217,277.1229,83.16758,292.572,355.4835,-1
252.4231,2.406219,277.1229,83.16787,292.6552,355.5131,-1
252.4231,2.406218,277.1229,83.16029,292.6903,355.4938,-1
252.4231,2.406219,277.1229,83.15318,292.7725,355.5156,-1
252.4232,2.406219,277.1229,83.14706,292.8416,355.5313,-1
252.4232,2.406223,277.1228,83.13753,292.9526,355.589,-1
252.4232,2.406219,277.1228,83.14448,292.9331,355.5204,-1
252.4232,2.406218,277.1228,83.15347,292.9704,355.5068,-1
252.4233,2.406219,277.1228,83.15856,293.0308,355.5146,-1
252.4233,2.406218,277.1228,83.16465,293.0592,355.4953,-1
252.4233,2.406215,277.1228,83.1745,293.0695,355.4499,-1
252.4234,2.406216,277.1228,83.17481,293.1347,355.4593,-1
252.4234,2.406215,277.1227,83.17924,293.1635,355.4378,-1
252.4234,2.406215,277.1227,83.17625,293.2206,355.446,-1
252.4234,2.406216,277.1227,83.17329,293.2907,355.4619,-1
252.4235,2.406221,277.1227,83.16637,293.433,355.5476,-1
252.4235,2.406225,277.1227,83.1668,293.5364,355.6035,-1
252.4235,2.406228,277.1227,83.16953,293.6137,355.6371,-1
252.4235,2.406229,277.1227,83.1627,293.6906,355.6639,-1
252.4236,2.406226,277.1227,83.16156,293.6975,355.6236,-1
252.4236,2.406228,277.1227,83.157,293.7591,355.6434,-1
252.4236,2.40622,277.1226,83.16229,293.6968,355.5372,-1
252.4236,2.406217,277.1226,83.16787,293.6932,355.4813,-1
252.4236,2.406218,277.1226,83.16919,293.757,355.4972,-1
252.4237,2.406221,277.1226,83.16602,293.8392,355.5363,-1
252.4237,2.40622,277.1226,83.16511,293.8781,355.5326,-1
252.4237,2.40622,277.1226,83.15966,293.9206,355.5326,-1
252.4237,2.406218,277.1226,83.16396,293.927,355.495,-1
252.4238,2.406218,277.1226,83.16505,293.974,355.4941,-1
252.4238,2.406219,277.1225,83.16568,294.0422,355.519,-1
252.4238,2.406218,277.1225,83.15799,294.0625,355.5006,-1
252.4238,2.40622,277.1225,83.15955,294.1324,355.5291,-1
252.4238,2.406219,277.1225,83.15984,294.1656,355.5228,-1
252.4238,2.406217,277.1225,83.15318,294.1619,355.4816,-1
252.4239,2.406215,277.1225,83.1474,294.1875,355.4686,-1
252.4239,2.406219,277.1225,83.14522,294.2933,355.5337,-1
252.4239,2.406221,277.1225,83.145,294.3484,355.5486,-1
252.4239,2.406224,277.1225,83.14642,294.431,355.5952,-1
252.424,2.406222,277.1224,83.15089,294.4449,355.5706,-1
252.424,2.406224,277.1224,83.15527,294.5059,355.5971,-1
252.424,2.406225,277.1224,83.15997,294.5616,355.6068,-1
252.424,2.406224,277.1224,83.15797,294.5771,355.586,-1
252.424,2.406222,277.1224,83.15932,294.5854,355.5597,-1
252.424,2.406223,277.1224,83.16058,294.6358,355.5796,-1
252.4241,2.406221,277.1224,83.16448,294.6335,355.5441,-1
252.4241,2.406221,277.1224,83.16428,294.6685,355.5482,-1
252.4241,2.406222,277.1224,83.16769,294.7034,355.5508,-1
252.4241,2.406223,277.1223,83.16336,294.7628,355.5772,-1
252.4241,2.406223,277.1223,83.16169,294.784,355.5722,-1
252.4241,2.406225,277.1223,83.15576,294.8464,355.6037,-1
252.4241,2.406224,277.1223,83.15313,294.8681,355.6015,-1
252.4241,2.406225,277.1223,83.15341,294.9069,355.6101,-1
252.4242,2.406229,277.1223,83.15215,294.9973,355.6699,-1
252.4242,2.406231,277.1223,83.14674,295.0672,355.7106,-1
252.4242,2.406228,277.1223,83.15009,295.0363,355.6577,-1
252.4242,2.40623,277.1223,83.14694,295.0935,355.6868,-1
252.4242,2.40623,277.1223,83.14568,295.1217,355.6972,-1
252.4242,2.406231,277.1223,83.14145,295.1547,355.7074,-1
252.4242,2.406233,277.1223,83.14048,295.2153,355.7433,-1
252.4242,2.406233,277.1223,83.14282,295.222,355.7331,-1
252.4243,2.406232,277.1223,83.14757,295.2335,355.7177,-1
252.4243,2.406232,277.1223,83.14924,295.261,355.7182,-1
252.4243,2.406231,277.1223,83.15189,295.2628,355.6976,-1
252.4243,2.406227,277.1223,83.15329,295.2182,355.631,-1
252.4243,2.406229,277.1223,83.15146,295.2758,355.6645,-1
252.4243,2.406222,277.1222,83.1474,295.205,355.5747,-1
252.4243,2.406218,277.1222,83.15341,295.1525,355.5011,-1
252.4243,2.406219,277.1222,83.15726,295.1794,355.5094,-1
252.4243,2.406216,277.1222,83.15381,295.1591,355.4675,-1
252.4243,2.406214,277.1222,83.16055,295.1462,355.441,-1
252.4244,2.406215,277.1222,83.16184,295.1729,355.4513,-1
252.4244,2.406219,277.1222,83.15413,295.2637,355.5276,-1
252.4244,2.406223,277.1222,83.15129,295.3344,355.5847,-1
252.4244,2.406222,277.1222,83.15078,295.3252,355.5685,-1
252.4244,2.406227,277.1222,83.15067,295.4148,355.6453,-1
252.4244,2.406226,277.1222,83.15289,295.4117,355.6241,-1
252.4244,2.406229,277.1222,83.15204,295.4766,355.6771,-1
252.4244,2.40623,277.1222,83.14843,295.4983,355.688,-1
252.4244,2.40623,277.1222,83.14766,295.5147,355.6883,-1
252.4244,2.406231,277.1222,83.14342,295.5436,355.7086,-1
252.4244,2.406232,277.1222,83.14082,295.5655,355.7186,-1
252.4244,2.406232,277.1222,83.13805,295.5882,355.7285,-1
252.4244,2.406231,277.1222,83.13921,295.5862,355.7148,-1
252.4244,2.40623,277.1222,83.14408,295.5665,355.6867,-1
252.4244,2.40623,277.1222,83.15112,295.583,355.692,-1
252.4244,2.406231,277.1222,83.15381,295.5958,355.6986,-1
252.4245,2.406233,277.1222,83.15797,295.6373,355.7297,-1
252.4245,2.40623,277.1222,83.16618,295.594,355.6782,-1
252.4245,2.406229,277.1222,83.16597,295.5742,355.6571,-1
252.4245,2.406227,277.1222,83.16516,295.5595,355.6357,-1
252.4245,2.406228,277.1222,83.16663,295.581,355.647,-1
252.4245,2.40623,277.1222,83.16367,295.617,355.6736,-1
252.4245,2.406231,277.1222,83.16376,295.6445,355.6989,-1
252.4245,2.406229,277.1222,83.1619,295.6094,355.6631,-1
252.4245,2.406228,277.1222,83.15341,295.601,355.6512,-1
252.4245,2.406227,277.1222,83.15118,295.5867,355.635,-1
252.4245,2.406225,277.1221,83.15263,295.5724,355.6096,-1
252.4245,2.406227,277.1221,83.14889,295.5985,355.6378,-1
252.4245,2.406226,277.1221,83.15184,295.5804,355.6171,-1
252.4245,2.406225,277.1221,83.14637,295.5741,355.6066,-1
252.4245,2.406223,277.1221,83.14456,295.5571,355.5875,-1
252.4245,2.406227,277.1221,83.1433,295.6116,355.6484,-1
252.4245,2.40623,277.1221,83.13818,295.6598,355.6953,-1
252.4245,2.40623,277.1221,83.13979,295.6589,355.6937,-1
252.4245,2.406227,277.1221,83.14174,295.617,355.6497,-1
252.4245,2.406229,277.1221,83.13795,295.6428,355.6769,-1
252.4245,2.40623,277.1221,83.13789,295.6573,355.6974,-1
252.4245,2.406231,277.1222,83.13613,295.6697,355.7164,-1
252.4245,2.406231,277.1222,83.13834,295.6552,355.7091,-1
252.4245,2.406233,277.1222,83.13828,295.6839,355.7409,-1
252.4245,2.406235,277.1222,83.13065,295.7121,355.7723,-1
252.4245,2.406236,277.1222,83.13399,295.7204,355.785,-1
252.4245,2.406238,277.1222,83.13805,295.7347,355.8051,-1
252.4245,2.406234,277.1222,83.13625,295.6792,355.7559,-1
252.4245,2.406236,277.1222,83.1385,295.694,355.7814,-1
252.4245,2.406233,277.1222,83.1331,295.6504,355.7418,-1
252.4244,2.40623,277.1222,83.12956,295.6024,355.7036,-1
252.4244,2.406228,277.1222,83.12802,295.5582,355.6652,-1
252.4244,2.406226,277.1222,83.12565,295.5252,355.6445,-1
252.4244,2.406227,277.1222,83.12907,295.5248,355.6477,-1
252.4244,2.40623,277.1222,83.13464,295.5696,355.7022,-1
252.4244,2.406231,277.1222,83.14194,295.5603,355.7035,-1
252.4244,2.40623,277.1222,83.14551,295.5465,355.6922,-1
252.4244,2.40623,277.1222,83.14354,295.5391,355.6953,-1
252.4244,2.406232,277.1222,83.14179,295.5677,355.7278,-1
252.4244,2.406234,277.1222,83.13509,295.5793,355.7497,-1
252.4244,2.406232,277.1222,83.13416,295.5455,355.7286,-1
252.4244,2.406229,277.1222,83.12596,295.4879,355.6846,-1
252.4244,2.40623,277.1222,83.12431,295.4946,355.7022,-1
252.4244,2.406231,277.1222,83.12517,295.5097,355.7191,-1
252.4244,2.406231,277.1222,83.12517,295.5097,355.7191,-1
252.4244,2.406228,277.1222,83.12296,295.446,355.6683,-1
252.4244,2.406228,277.1222,83.12556,295.4352,355.6715,-1
252.4244,2.406226,277.1222,83.12391,295.3904,355.6405,-1
252.4244,2.406225,277.1222,83.12437,295.3576,355.6241,-1
252.4244,2.406223,277.1222,83.13116,295.3065,355.589,-1
252.4243,2.406224,277.1222,83.13087,295.3084,355.6075,-1
252.4243,2.406225,277.1222,83.13058,295.301,355.6176,-1
252.4243,2.406227,277.1222,83.1303,295.3216,355.6552,-1
252.4243,2.406226,277.1222,83.13459,295.2834,355.6335,-1
252.4243,2.406229,277.1222,83.13979,295.3159,355.6869,-1
252.4243,2.406227,277.1223,83.15015,295.254,355.6371,-1
252.4243,2.406223,277.1223,83.15089,295.1755,355.5828,-1
252.4243,2.406222,277.1223,83.15083,295.1413,355.5677,-1
252.4243,2.406221,277.1223,83.15418,295.0985,355.5485,-1
252.4243,2.406224,277.1223,83.15524,295.1235,355.5893,-1
252.4243,2.406231,277.1223,83.1431,295.2301,355.7141,-1
252.4242,2.406241,277.1223,83.12859,295.3593,355.869,-1
252.4242,2.406241,277.1223,83.12317,295.345,355.8744,-1
252.4242,2.40624,277.1223,83.12234,295.3137,355.8614,-1
252.4242,2.406238,277.1223,83.12283,295.2585,355.8279,-1
252.4242,2.40624,277.1223,83.12003,295.2675,355.8577,-1
252.4242,2.406236,277.1223,83.12231,295.1841,355.7913,-1
252.4242,2.406236,277.1223,83.12274,295.1541,355.7907,-1
252.4242,2.406235,277.1223,83.1297,295.1068,355.7699,-1
252.4242,2.406236,277.1223,83.13585,295.1061,355.7929,-1
252.4241,2.406239,277.1223,83.14253,295.1154,355.8299,-1
252.4241,2.406235,277.1223,83.14356,295.0316,355.7685,-1
252.4241,2.406236,277.1223,83.14297,295.0253,355.7821,-1
252.4241,2.406236,277.1223,83.14102,294.9931,355.7773,-1
252.4241,2.406236,277.1223,83.13853,294.9808,355.7909,-1
252.4241,2.406235,277.1224,83.13333,294.9405,355.7732,-1
252.4241,2.406236,277.1224,83.13352,294.9339,355.795,-1
252.4241,2.406235,277.1224,83.12882,294.8937,355.7787,-1
252.4241,2.406239,277.1224,83.12305,294.9275,355.8362,-1
252.424,2.406237,277.1224,83.12126,294.8753,355.813,-1
252.424,2.406241,277.1224,83.11285,294.9085,355.8739,-1
252.424,2.406242,277.1224,83.11365,294.8957,355.8877,-1
252.424,2.406246,277.1224,83.11086,294.9305,355.9517,-1
252.424,2.406246,277.1224,83.10969,294.907,355.9543,-1
252.424,2.406244,277.1224,83.10705,294.8493,355.9245,-1
252.424,2.406243,277.1224,83.10998,294.7998,355.9071,-1
252.4239,2.406244,277.1224,83.11237,294.7827,355.9217,-1
252.4239,2.406245,277.1225,83.11456,294.7629,355.9296,-1
252.4239,2.406243,277.1225,83.11223,294.7114,355.9065,-1
252.4239,2.406242,277.1225,83.1108,294.6637,355.8857,-1
252.4239,2.40624,277.1225,83.11129,294.6209,355.8698,-1
252.4239,2.406239,277.1225,83.10872,294.5654,355.8493,-1
252.4239,2.406236,277.1225,83.10841,294.4955,355.8083,-1
252.4238,2.406235,277.1225,83.10915,294.4512,355.7937,-1
252.4238,2.406242,277.1225,83.08738,294.5314,355.9034,-1
252.4238,2.406238,277.1225,83.09167,294.4464,355.8456,-1
252.4238,2.406225,277.1225,83.12089,294.2057,355.6342,-1
252.4238,2.406244,277.1225,83.02142,294.5149,355.9731,-1
252.4238,2.406234,277.1225,83.04861,294.3211,355.8121,-1
252.4238,2.406218,277.1226,83.13235,293.9962,355.5147,-1
252.4237,2.406217,277.1226,83.13579,293.9452,355.4938,-1
252.4237,2.406236,277.1226,83.06647,294.2382,355.8199,-1
252.4237,2.406244,277.1226,83.02186,294.3679,355.9784,-1
252.4237,2.406224,277.1226,83.12762,293.9726,355.6192,-1
252.4237,2.406221,277.1226,83.14379,293.877,355.5574,-1
252.4237,2.406231,277.1226,83.11522,294.0023,355.718,-1
252.4236,2.40624,277.1226,83.08675,294.1217,355.874,-1
252.4236,2.406243,277.1226,83.08472,294.1414,355.9272,-1
252.4236,2.406243,277.1226,83.08449,294.0977,355.9187,-1
252.4236,2.40624,277.1227,83.0873,294.0263,355.8845,-1
252.4236,2.40624,277.1227,83.08585,293.9809,355.8696,-1
252.4236,2.406239,277.1227,83.08965,293.9324,355.8492,-1
252.4235,2.406238,277.1227,83.08576,293.899,355.8522,-1
252.4235,2.406238,277.1227,83.07944,293.8617,355.8507,-1
252.4235,2.406234,277.1227,83.08097,293.7684,355.7896,-1
252.4235,2.406231,277.1227,83.0884,293.6841,355.7397,-1
252.4235,2.406229,277.1227,83.08426,293.61,355.7068,-1
252.4234,2.406229,277.1227,83.07842,293.595,355.7226,-1
252.4234,2.40623,277.1227,83.0815,293.5658,355.7276,-1
252.4234,2.40623,277.1227,83.08749,293.5303,355.7298,-1
252.4234,2.406229,277.1227,83.09351,293.4748,355.7134,-1
252.4234,2.406233,277.1227,83.09917,293.4893,355.7585,-1
252.4234,2.406233,277.1227,83.10118,293.4598,355.7628,-1
252.4234,2.406237,277.1228,83.09985,293.4752,355.8153,-1
252.4233,2.406237,277.1228,83.09897,293.4508,355.8248,-1
252.4233,2.406241,277.1228,83.10036,293.465,355.8787,-1
252.4233,2.406243,277.1228,83.0959,293.4591,355.9197,-1
252.4233,2.406247,277.1228,83.09874,293.4689,355.9676,-1
252.4232,2.406245,277.1228,83.09851,293.403,355.9382,-1
252.4232,2.406247,277.1228,83.09805,293.4005,355.9708,-1
252.4232,2.406246,277.1228,83.09933,293.3426,355.952,-1
252.4232,2.406246,277.1228,83.09859,293.3062,355.9528,-1
252.4232,2.406243,277.1229,83.09709,293.2377,355.9193,-1
252.4232,2.406244,277.1229,83.09402,293.2105,355.9307,-1
252.4231,2.40624,277.1229,83.09673,293.1142,355.8712,-1
252.4231,2.406239,277.1229,83.09567,293.0594,355.8564,-1
252.4231,2.406239,277.1229,83.09399,293.0273,355.8604,-1
252.4231,2.406239,277.1229,83.09254,292.9835,355.8578,-1
252.4231,2.406236,277.1229,83.08698,292.9059,355.8148,-1
252.423,2.406238,277.1229,83.0863,292.8937,355.8409,-1
252.423,2.406234,277.1229,83.08681,292.7929,355.7801,-1
252.423,2.406231,277.1229,83.08449,292.7176,355.7439,-1
252.423,2.406234,277.123,83.08852,292.7164,355.782,-1
252.423,2.406237,277.123,83.08727,292.7164,355.826,-1
252.4229,2.406243,277.123,83.07899,292.7746,355.9302,-1
252.4229,2.406242,277.123,83.08219,292.7106,355.9079,-1
252.4229,2.406238,277.123,83.08755,292.6052,355.8427,-1
252.4229,2.40624,277.123,83.08086,292.6099,355.8846,-1
252.4229,2.40624,277.123,83.08321,292.5636,355.8725,-1
252.4229,2.406237,277.123,83.08432,292.4846,355.8289,-1
252.4228,2.406242,277.123,83.08466,292.5226,355.9036,-1
252.4228,2.40624,277.123,83.08364,292.4652,355.8814,-1
252.4228,2.40624,277.123,83.08551,292.4149,355.8706,-1
252.4228,2.40624,277.123,83.08687,292.3837,355.8844,-1
252.4227,2.406239,277.1231,83.07967,292.326,355.8659,-1
252.4227,2.406241,277.1231,83.07745,292.312,355.8939,-1
252.4227,2.406241,277.1231,83.08003,292.2719,355.8962,-1
252.4227,2.40624,277.1231,83.07321,292.2108,355.8768,-1
252.4227,2.406246,277.1231,83.06783,292.2564,355.9686,-1
252.4227,2.406247,277.1231,83.06517,292.2342,355.9849,-1
252.4226,2.406245,277.1231,83.06155,292.1772,355.9709,-1
252.4226,2.406243,277.1231,83.06814,292.1031,355.9358,-1
252.4226,2.406243,277.1231,83.06585,292.0538,355.933,-1
252.4226,2.406241,277.1232,83.06158,291.9804,355.9,-1
252.4225,2.406237,277.1232,83.06003,291.879,355.8409,-1
252.4225,2.406239,277.1232,83.05946,291.8712,355.8711,-1
252.4225,2.406238,277.1232,83.06025,291.8108,355.856,-1
252.4225,2.406238,277.1232,83.06364,291.7778,355.8627,-1
252.4225,2.406237,277.1232,83.06449,291.7055,355.8353,-1
252.4224,2.406235,277.1232,83.06676,291.6355,355.816,-1
252.4224,2.406236,277.1232,83.06712,291.6033,355.823,-1
252.4224,2.406237,277.1232,83.06896,291.5835,355.8409,-1
252.4224,2.406242,277.1233,83.06812,291.6155,355.9154,-1
252.4223,2.406243,277.1233,83.06551,291.5961,355.9352,-1
252.4223,2.406246,277.1233,83.07095,291.5952,355.9777,-1
252.4223,2.406247,277.1233,83.07281,291.5606,355.9832,-1
252.4223,2.406243,277.1233,83.0761,291.4687,355.9318,-1
252.4223,2.406242,277.1233,83.07394,291.4062,355.9095,-1
252.4223,2.406241,277.1233,83.07615,291.3634,355.9031,-1
252.4222,2.406241,277.1233,83.07267,291.3259,355.9023,-1
252.4222,2.406243,277.1233,83.07367,291.3144,355.9269,-1
252.4222,2.406244,277.1234,83.07009,291.285,355.9387,-1
252.4222,2.406243,277.1234,83.06588,291.2393,355.9333,-1
252.4221,2.406241,277.1234,83.06766,291.1629,355.8994,-1
252.4221,2.406242,277.1234,83.06562,291.1393,355.9224,-1
252.4221,2.406243,277.1234,83.0611,291.1099,355.9374,-1
252.4221,2.40624,277.1234,83.06489,291.0192,355.8904,-1
252.4221,2.406241,277.1234,83.0603,290.9969,355.9112,-1
252.422,2.40624,277.1234,83.06681,290.9306,355.8887,-1
252.422,2.406241,277.1234,83.07185,290.8948,355.8949,-1
252.422,2.406237,277.1234,83.07372,290.8035,355.8435,-1
252.422,2.406235,277.1234,83.07882,290.7307,355.8143,-1
252.422,2.406232,277.1234,83.07901,290.6403,355.7659,-1
252.4219,2.406232,277.1235,83.0799,290.5887,355.7544,-1
252.4219,2.406233,277.1235,83.07765,290.5653,355.7723,-1
252.4219,2.40623,277.1235,83.07639,290.485,355.731,-1
252.4219,2.406235,277.1235,83.07032,290.5209,355.8047,-1
252.4218,2.406234,277.1235,83.07088,290.4751,355.8014,-1
252.4218,2.406232,277.1235,83.06519,290.4068,355.7733,-1
252.4218,2.40623,277.1235,83.06206,290.3357,355.743,-1
252.4218,2.406231,277.1235,83.06333,290.2958,355.7502,-1
252.4218,2.406235,277.1235,83.06681,290.3221,355.82,-1
252.4217,2.406236,277.1235,83.07253,290.2912,355.8261,-1
252.4217,2.40624,277.1236,83.07314,290.3004,355.8751,-1
252.4217,2.406243,277.1236,83.07644,290.3162,355.9287,-1
252.4217,2.406242,277.1236,83.07632,290.2886,355.9182,-1
252.4217,2.406242,277.1236,83.07632,290.2886,355.9182,-1
252.4217,2.40624,277.1236,83.08568,290.2286,355.8846,-1
252.4217,2.406241,277.1236,83.09155,290.2158,355.8885,-1
252.4217,2.406241,277.1236,83.09152,290.2158,355.8885,-1
252.4217,2.406242,277.1236,83.09976,290.1842,355.8928,-1
252.4216,2.406239,277.1236,83.11268,290.0925,355.8435,-1
252.4216,2.406237,277.1236,83.12249,290.0178,355.8111,-1
252.4216,2.406238,277.1236,83.1307,289.9912,355.8212,-1
252.4216,2.406243,277.1236,83.1391,290.0109,355.8886,-1
252.4215,2.406246,277.1236,83.14683,290.0052,355.9329,-1
252.4215,2.406248,277.1237,83.14771,289.9951,355.9619,-1
252.4215,2.406249,277.1237,83.13944,289.9728,355.9713,-1
252.4215,2.406251,277.1237,83.13299,289.9833,356.0191,-1
252.4215,2.406252,277.1237,83.12904,289.957,356.031,-1
252.4214,2.406252,277.1237,83.12556,289.931,356.041,-1
252.4214,2.406253,277.1237,83.11918,289.909,356.0526,-1
252.4214,2.406252,277.1237,83.11581,289.8549,356.0403,-1
252.4214,2.406251,277.1237,83.11442,289.8091,356.03,-1
252.4214,2.406249,277.1237,83.11587,289.7455,355.9961,-1
252.4214,2.40625,277.1237,83.1071,289.7224,356.0137,-1
252.4213,2.406249,277.1237,83.10175,289.664,355.9939,-1
252.4213,2.406249,277.1237,83.1017,289.6331,355.9963,-1
252.4213,2.406251,277.1237,83.09942,289.633,356.0314,-1
252.4213,2.406251,277.1237,83.09602,289.5976,356.0327,-1
252.4213,2.406249,277.1237,83.09048,289.5403,356.0038,-1
252.4212,2.40625,277.1238,83.08752,289.5091,356.0142,-1
252.4212,2.406247,277.1238,83.08488,289.4355,355.9856,-1
252.4212,2.406248,277.1238,83.08568,289.4074,355.9906,-1
252.4212,2.406251,277.1238,83.07944,289.4306,356.0498,-1
252.4212,2.406255,277.1238,83.0742,289.4454,356.0995,-1
252.4212,2.406256,277.1238,83.077,289.431,356.1212,-1
252.4211,2.406258,277.1238,83.08347,289.4203,356.1449,-1
252.4211,2.406256,277.1238,83.08704,289.3508,356.1121,-1
252.4211,2.406256,277.1238,83.08971,289.3144,356.1129,-1
252.4211,2.406257,277.1238,83.08738,289.3035,356.128,-1
252.4211,2.406254,277.1238,83.08591,289.231,356.0852,-1
252.4211,2.406253,277.1238,83.0843,289.1723,356.0652,-1
252.421,2.406252,277.1239,83.08495,289.1212,356.052,-1
252.421,2.406252,277.1239,83.08256,289.1017,356.0646,-1
252.421,2.406253,277.1239,83.07712,289.0787,356.0803,-1
252.421,2.406252,277.1239,83.07502,289.0212,356.063,-1
252.421,2.40625,277.1239,83.07314,288.9659,356.0392,-1
252.4209,2.406249,277.1239,83.06987,288.9194,356.0226,-1
252.4209,2.406246,277.1239,83.06721,288.8426,355.9793,-1
252.4209,2.406243,277.1239,83.06625,288.7639,355.9384,-1
252.4209,2.406243,277.1239,83.07159,288.7236,355.9306,-1
252.4209,2.406245,277.1239,83.07055,288.7122,355.9525,-1
252.4209,2.406247,277.1239,83.07536,288.7089,355.9872,-1
252.4208,2.40625,277.1239,83.07477,288.7172,356.0297,-1
252.4208,2.406252,277.124,83.07471,288.7154,356.0588,-1
252.4208,2.40625,277.124,83.07003,288.6566,356.0353,-1
252.4208,2.40625,277.124,83.07338,288.6283,356.0379,-1
252.4208,2.406248,277.124,83.07816,288.5567,355.9955,-1
252.4208,2.406247,277.124,83.08454,288.5072,355.9735,-1
252.4207,2.406246,277.124,83.08219,288.47,355.9688,-1
252.4207,2.406242,277.124,83.0808,288.3831,355.9082,-1
252.4207,2.406239,277.124,83.08029,288.3097,355.8688,-1
252.4207,2.40624,277.124,83.08097,288.2897,355.8749,-1
252.4207,2.406239,277.124,83.08182,288.2558,355.8613,-1
252.4207,2.406239,277.124,83.08026,288.2429,355.8662,-1
252.4207,2.406239,277.124,83.08074,288.2109,355.861,-1
252.4207,2.406241,277.124,83.0797,288.2227,355.8979,-1
252.4206,2.406239,277.124,83.08256,288.1523,355.858,-1
252.4206,2.406239,277.124,83.08332,288.1255,355.8662,-1
252.4206,2.406241,277.1241,83.07845,288.1286,355.898,-1
252.4206,2.406241,277.1241,83.08312,288.0944,355.8911,-1
252.4206,2.406239,277.1241,83.09198,288.0256,355.8553,-1
252.4205,2.406237,277.1241,83.08143,287.9806,355.8381,-1
252.4205,2.406242,277.1241,83.07882,288.0261,355.9115,-1
252.4205,2.406246,277.1241,83.07706,288.0662,355.9762,-1
252.4205,2.406245,277.1241,83.07641,288.0203,355.9557,-1
252.4205,2.406243,277.1241,83.07686,287.9669,355.929,-1
252.4205,2.406244,277.1241,83.07649,287.9587,355.9475,-1
252.4205,2.406241,277.1241,83.07961,287.8915,355.904,-1
252.4205,2.406242,277.1241,83.07502,287.8733,355.9075,-1
252.4204,2.406239,277.1241,83.07457,287.8084,355.8714,-1
252.4204,2.406235,277.1241,83.07375,287.7156,355.8007,-1
252.4204,2.406238,277.1241,83.07491,287.7497,355.8596,-1
252.4204,2.406239,277.1241,83.07009,287.7423,355.8705,-1
252.4204,2.406241,277.1241,83.07021,287.7489,355.9034,-1
252.4204,2.406244,277.1241,83.07009,287.7646,355.947,-1
252.4204,2.406246,277.1241,83.07086,287.772,355.9772,-1
252.4204,2.406245,277.1241,83.07262,287.7215,355.9556,-1
252.4203,2.406242,277.1241,83.07388,287.6622,355.9211,-1
252.4203,2.406247,277.1241,83.08006,287.6916,355.9754,-1
252.4203,2.406247,277.1241,83.0759,287.6746,355.9833,-1
252.4203,2.406243,277.1241,83.07491,287.5916,355.9238,-1
252.4203,2.406243,277.1242,83.07834,287.574,355.9309,-1
252.4203,2.406244,277.1242,83.07729,287.5614,355.9389,-1
252.4203,2.406245,277.1242,83.081,287.5543,355.9499,-1
252.4203,2.406248,277.1242,83.08477,287.576,355.995,-1
252.4203,2.406245,277.1242,83.08358,287.5117,355.9531,-1
252.4202,2.40624,277.1242,83.07836,287.4265,355.8852,-1
252.4202,2.406242,277.1242,83.08585,287.4355,355.9114,-1
252.4202,2.406239,277.1242,83.085,287.3659,355.8661,-1
252.4202,2.40624,277.1242,83.08556,287.3549,355.8795,-1
252.4202,2.406236,277.1242,83.08662,287.2675,355.8161,-1
252.4202,2.406233,277.1242,83.08619,287.1984,355.769,-1
252.4202,2.406232,277.1242,83.09442,287.1539,355.7459,-1
252.4202,2.406232,277.1242,83.09573,287.1378,355.7461,-1
252.4202,2.406234,277.1242,83.09362,287.1613,355.7838,-1
252.4202,2.406236,277.1242,83.09096,287.1778,355.8169,-1
252.4201,2.40624,277.1242,83.09391,287.2109,355.8684,-1
252.4201,2.406244,277.1242,83.09365,287.2593,355.9369,-1
252.4201,2.406248,277.1242,83.09232,287.3007,355.9961,-1
252.4201,2.406254,277.1242,83.0867,287.3713,356.0842,-1
252.4201,2.406257,277.1242,83.08421,287.4096,356.1352,-1
252.4201,2.406256,277.1242,83.11684,287.354,356.0969,-1
252.4201,2.406241,277.1242,83.09328,287.1349,355.8897,-1
252.4201,2.406243,277.1242,83.09794,287.1398,355.9134,-1
252.4201,2.406245,277.1243,83.09652,287.1397,355.937,-1
252.4201,2.406246,277.1243,83.10072,287.1382,355.9548,-1
252.42,2.406249,277.1243,83.10187,287.1654,355.9987,-1
252.42,2.406252,277.1243,83.10625,287.1991,356.0482,-1
252.42,2.40626,277.1243,83.09618,287.3018,356.1638,-1
252.42,2.406259,277.1243,83.10164,287.2813,356.1572,-1
252.42,2.406258,277.1243,83.11764,287.2364,356.1265,-1
252.42,2.406254,277.1243,83.11462,287.1687,356.0755,-1
252.42,2.406251,277.1243,83.11946,287.1018,356.0181,-1
252.42,2.406252,277.1243,83.1234,287.1101,356.0389,-1
252.42,2.406251,277.1243,83.11929,287.0874,356.0288,-1
252.42,2.406253,277.1243,83.09048,287.1138,356.0733,-1
252.42,2.406258,277.1243,83.10125,287.163,356.1396,-1
252.42,2.406242,277.1243,83.15462,286.8803,355.8716,-1
252.42,2.406181,277.1243,83.48178,285.6928,354.7,-1
252.4199,2.406076,277.1243,82.66187,284.7321,353.8135,-1
252.4202,2.406036,277.1242,82.76552,284.6344,353.1488,-1
252.4176,2.409574,277.125,79.09889,316.3954,30.34276,-1
252.4261,2.41119,277.1208,45.98626,312.4998,12.13298,-1
252.4317,2.403795,277.1163,29.85469,313.804,354.3717,-1
252.437,2.394603,277.103,10.5848,338.9565,337.7433,-1
252.4346,2.387962,277.0945,11.78215,351.1983,323.6774,-1
252.44,2.40319,277.0988,18.68044,350.0467,353.6987,-1
252.4372,2.416874,277.1039,20.08887,348.8234,20.15981,-1
252.4325,2.413436,277.1144,31.94415,328.2248,14.76264,-1
252.4297,2.410388,277.118,35.39012,316.9409,8.532727,-1
252.4305,2.409745,277.1174,32.41867,317.39,6.862025,-1
252.4321,2.407284,277.116,81.92722,327.3186,9.830336,-1
252.4281,2.393753,277.1163,35.74265,293.5051,330.565,-1
252.4339,2.395715,277.1106,349.2986,331.3486,339.9077,-1
252.4389,2.401243,277.1028,330.7421,349.8876,349.1109,-1
252.4397,2.400326,277.0979,333.2296,359.3861,347.4844,-1
252.4398,2.399909,277.0936,341.6337,5.534413,347.4326,-1
252.4392,2.398924,277.0894,345.6264,12.76875,345.8213,-1
252.4395,2.401648,277.088,344.2701,14.14545,350.9043,-1
252.4398,2.405331,277.0877,350.0939,12.40754,357.843,-1
252.4397,2.407084,277.0875,353.2767,12.34769,1.022972,-1
252.44,2.406302,277.0889,355.3536,10.00785,359.6145,-1
252.4395,2.406415,277.0865,352.9053,14.28185,359.8158,-1
252.44,2.40767,277.0887,354.9742,10.19751,2.071983,-1
252.44,2.40712,277.0887,355.1954,10.13648,1.082583,-1
252.4399,2.406883,277.0885,357.3678,10.69826,0.6566799,-1
252.44,2.406912,277.089,357.2139,9.808836,0.7079002,-1
252.44,2.407002,277.0889,357.1247,9.879091,0.8693558,-1
252.4401,2.406971,277.0892,357.0391,9.360835,0.8151323,-1
252.4401,2.407154,277.0895,356.3819,8.808222,1.142047,-1
252.4401,2.407292,277.0896,355.289,8.496693,1.392635,-1
252.4402,2.407355,277.0899,355.6652,7.937583,1.505257,-1
252.4402,2.407536,277.0903,356.6806,7.344909,1.827896,-1
252.4403,2.407758,277.0907,356.5549,6.473886,2.227552,-1
252.4403,2.407629,277.0909,356.4901,6.176463,1.994578,-1
252.4403,2.40752,277.091,356.6443,6.017781,1.798567,-1
252.4403,2.407522,277.0911,356.5536,5.919698,1.803894,-1
252.4403,2.407334,277.0911,356.8921,5.849525,1.464397,-1
252.4403,2.407225,277.0912,357.0169,5.790514,1.269189,-1
252.4403,2.407248,277.0913,357.4068,5.586496,1.310192,-1
252.4404,2.407333,277.0916,356.97,4.91223,1.464062,-1
252.4404,2.407143,277.0922,355.0316,3.886971,1.124635,-1
252.4405,2.40676,277.093,355.6598,2.504541,0.4368967,-1
252.4405,2.407051,277.0927,356.3332,3.013901,0.9572265,-1
252.4404,2.406779,277.0924,356.2145,3.645243,0.4698393,-1
252.4404,2.407212,277.0918,355.1854,4.639306,1.249533,-1
252.4404,2.407151,277.0919,356.1168,4.458519,1.138608,-1
252.4404,2.406649,277.0917,0.4185736,4.848421,0.2359599,-1
252.4405,2.407037,277.0928,356.6293,2.80125,0.9325459,-1
252.4405,2.406783,277.0929,357.2303,2.719243,0.4760435,-1
252.4405,2.406853,277.0929,356.9225,2.683426,0.6024029,-1
252.4405,2.407208,277.0931,357.25,2.351277,1.238875,-1
252.4405,2.406746,277.093,356.9279,2.541728,0.410306,-1
252.4405,2.406944,277.0932,357.1358,2.213543,0.7650562,-1
252.4405,2.407106,277.0931,357.2833,2.227422,1.056522,-1
252.4405,2.407229,277.0931,356.0042,2.247162,1.277804,-1
252.4405,2.407148,277.0938,357.4383,1.162739,1.131188,-1
252.4405,2.407501,277.0937,354.1548,1.109709,1.770912,-1
252.4405,2.407389,277.0939,357.2704,0.8755531,1.563872,-1
252.4405,2.407011,277.0939,357.9357,0.8792608,0.8850752,-1
252.4405,2.406861,277.0937,359.1743,1.30506,0.6165927,-1
252.4405,2.406907,277.0936,359.8521,1.4187,0.6977478,-1
252.4405,2.406848,277.0934,0.4461874,1.828393,0.5933421,-1
252.4405,2.40701,277.0938,0.9089462,1.170332,0.8833158,-1
252.4405,2.40699,277.0935,0.5648202,1.629178,0.8465094,-1
252.4405,2.407065,277.0937,0.4550186,1.350301,0.981505,-1
252.4405,2.407261,277.094,0.2338377,0.7637882,1.332148,-1
252.4405,2.407058,277.0941,0.7888027,0.5804127,0.9678533,-1
252.4405,2.406662,277.0948,357.0077,359.3457,0.2609053,-1
252.4405,2.406558,277.0945,358.2395,359.7593,0.07350378,-1
252.4405,2.407115,277.0945,359.8885,359.8333,1.069367,-1
252.4405,2.406571,277.0948,358.4341,359.3123,0.09598476,-1
252.4405,2.406031,277.0957,1.227185,357.6881,359.1291,-1
252.4405,2.405457,277.0958,1.877335,357.4545,358.1,-1
252.4405,2.406427,277.0956,2.248849,357.8554,359.838,-1
252.4405,2.406549,277.0953,2.489426,358.4261,0.05695696,-1
252.4405,2.406586,277.0957,3.350586,357.7371,0.1237708,-1
252.4405,2.406313,277.0955,3.711845,357.9839,359.6349,-1
252.4405,2.406534,277.0954,4.353035,358.186,0.03061736,-1
252.4405,2.406567,277.0954,4.350767,358.2009,0.0894253,-1
252.4405,2.406635,277.0955,4.808037,358.0639,0.211731,-1
252.4404,2.405981,277.0963,4.519523,356.4394,359.0366,-1
252.4404,2.405764,277.0965,2.052521,356.185,358.6505,-1
252.4404,2.405001,277.0962,1.142122,356.6886,357.2849,-1
252.4404,2.405857,277.0963,5.427604,356.5604,358.8128,-1
252.4405,2.406102,277.096,5.820158,357.1224,359.2531,-1
252.4404,2.405525,277.0968,5.219116,355.6036,358.2165,-1
252.4404,2.406417,277.0971,6.234177,355.2112,359.8195,-1
252.4404,2.407211,277.0972,6.12305,355.1669,1.249693,-1
252.4403,2.40731,277.0984,5.35913,353.0705,1.426464,-1
252.4403,2.407003,277.0979,4.978227,353.8674,0.8742272,-1
252.4403,2.406535,277.0981,4.194649,353.3196,0.03253661,-1
252.4403,2.40635,277.0978,5.513366,353.8117,359.6988,-1
252.4404,2.40679,277.0972,3.326384,355.1051,0.4889218,-1
252.4403,2.407279,277.0981,4.101818,353.5719,1.36884,-1
252.4403,2.407735,277.098,4.20263,353.6733,2.18641,-1
252.4403,2.407751,277.0977,5.238754,354.3219,2.218867,-1
252.4404,2.405707,277.097,4.930974,355.1811,358.5444,-1
252.4404,2.404869,277.0957,5.305864,357.3452,357.0357,-1
252.4405,2.405125,277.0946,7.338294,359.2907,357.4854,-1
252.4405,2.405858,277.0943,8.495816,0.006215718,358.8064,-1
252.4405,2.406403,277.0942,8.466684,0.3023222,359.7934,-1
252.4405,2.406512,277.0937,8.618613,1.236562,359.9908,-1
252.4405,2.406289,277.0936,9.438766,1.338255,359.5866,-1
252.4405,2.406515,277.094,8.915691,0.8123672,-0.004423622,-1
252.4405,2.406415,277.0938,9.024165,1.04943,359.8144,-1
252.4405,2.405683,277.0956,9.134989,357.7428,358.4868,-1
252.4404,2.406344,277.0974,8.811415,354.6167,359.6861,-1
252.44,2.407305,277.1,7.780018,350.1537,1.424196,-1
252.4395,2.408834,277.1021,7.54226,346.7045,4.188753,-1
252.4388,2.409796,277.1042,7.522927,342.8193,5.933677,-1
252.4386,2.409298,277.1049,5.495903,341.277,5.009516,-1
252.4382,2.40911,277.1062,6.479464,338.8801,4.676786,-1
252.4386,2.407753,277.1052,5.50547,340.481,2.223189,-1
252.4384,2.407343,277.1059,6.027834,339.1205,1.487859,-1
252.4385,2.407312,277.1057,5.939467,339.5854,1.431252,-1
252.4395,2.406739,277.1024,5.837756,345.5132,0.3990355,-1
252.4399,2.406541,277.1004,5.867132,349.2236,0.04237985,-1
252.44,2.407151,277.1002,5.593845,349.69,1.141174,-1
252.4399,2.407347,277.1005,5.677337,349.1978,1.494254,-1
252.4399,2.407258,277.1003,5.386675,349.4431,1.332367,-1
252.44,2.406982,277.1001,5.620011,349.8929,0.8373786,-1
252.44,2.406968,277.1,4.662627,349.9984,0.8105612,-1
252.4401,2.406616,277.0997,3.416922,350.5258,0.176753,-1
252.4401,2.406772,277.0996,3.980238,350.6634,0.4585266,-1
252.4401,2.406709,277.0995,3.969877,350.9787,0.3446381,-1
252.4401,2.407062,277.0994,5.037332,351.0808,0.9798582,-1
252.4401,2.406835,277.0993,4.832654,351.3294,0.5714316,-1
252.4401,2.406526,277.0993,4.646391,351.2388,0.01587848,-1
252.4401,2.406484,277.0993,4.603514,351.2294,359.9403,-1
252.4402,2.406348,277.0991,5.475082,351.5681,359.6961,-1
252.4401,2.405888,277.0996,6.232907,350.5984,358.8668,-1
252.4402,2.405092,277.0982,6.399442,352.8996,357.4322,-1
252.4405,2.406156,277.0956,5.352279,357.8987,359.3498,-1
252.4405,2.406507,277.0943,4.575964,0.1767487,359.9817,-1
252.4405,2.406941,277.094,15.56443,0.9374371,0.787463,-1
252.4405,2.407182,277.0959,12.06614,357.6304,1.218037,-1
252.4405,2.406785,277.096,6.761934,357.1707,0.4822244,-1
252.4405,2.406586,277.0951,5.094813,358.8296,0.1241129,-1
252.4405,2.405947,277.095,5.938726,358.909,358.9744,-1
252.4405,2.405879,277.096,359.9627,357.1498,358.8582,-1
252.4405,2.406845,277.0951,2.181598,358.7325,0.5867625,-1
252.4405,2.406655,277.0955,2.020755,358.1508,0.2466596,-1
252.4405,2.406783,277.0956,2.193296,357.8467,0.476474,-1
252.4405,2.406953,277.096,2.015516,357.1576,0.7804356,-1
252.4405,2.407098,277.096,2.411654,357.1256,1.041394,-1
252.4405,2.407454,277.096,3.090102,357.1559,1.681072,-1
252.4404,2.406737,277.0966,3.027065,356.0009,0.3947774,-1
252.4404,2.406567,277.0976,1.824764,354.3793,0.09032136,-1
252.4404,2.407032,277.0975,2.867405,354.4896,0.9234576,-1
252.4403,2.407148,277.0978,2.857934,353.8983,1.131726,-1
252.4403,2.406631,277.0977,2.588659,354.0831,0.2032854,-1
252.4403,2.406706,277.098,2.439301,353.5949,0.3379842,-1
252.4403,2.406724,277.0981,2.238887,353.3616,0.3706769,-1
252.4403,2.406976,277.0983,2.238822,353.006,0.8215772,-1
252.4402,2.406861,277.0986,4.783272,352.5621,0.6185791,-1
252.4401,2.407572,277.0992,357.7371,351.2793,1.891474,-1
252.4402,2.40702,277.0985,3.479847,352.6269,0.9027347,-1
252.4402,2.407807,277.0988,2.529233,352.2527,2.312363,-1
252.4401,2.408076,277.0992,2.488348,351.5331,2.795756,-1
252.4401,2.407968,277.0992,2.093115,351.4062,2.599412,-1
252.4401,2.407965,277.0992,2.326233,351.4999,2.596156,-1
252.4401,2.407901,277.0992,1.940416,351.5277,2.479476,-1
252.4401,2.407868,277.0993,1.908223,351.2039,2.42186,-1
252.4401,2.407792,277.0995,2.128729,350.9252,2.284514,-1
252.4401,2.407821,277.0995,2.215098,350.9121,2.337096,-1
252.4401,2.407824,277.0995,2.35283,350.8549,2.343447,-1
252.4401,2.407701,277.0995,2.502368,350.86,2.123366,-1
252.4401,2.407653,277.0996,2.487043,350.7401,2.035725,-1
252.44,2.407699,277.0998,2.461523,350.4608,2.118834,-1
252.44,2.407713,277.0998,2.553571,350.3511,2.14339,-1
252.44,2.407779,277.1,2.747293,350.1117,2.263541,-1
252.44,2.407811,277.1001,2.934697,349.8536,2.320112,-1
252.44,2.407718,277.1001,2.837237,349.8841,2.15335,-1
252.44,2.407766,277.1002,2.814147,349.7226,2.239161,-1
252.44,2.407737,277.1002,2.905277,349.6725,2.188225,-1
252.4399,2.407727,277.1003,3.042395,349.5864,2.170622,-1
252.4399,2.407712,277.1003,2.983652,349.4838,2.14398,-1
252.4399,2.407752,277.1004,3.065286,349.322,2.214866,-1
252.4399,2.407753,277.1004,3.161747,349.2486,2.216483,-1
252.4399,2.407666,277.1005,3.199469,349.206,2.060283,-1
252.4399,2.407695,277.1006,3.256035,349.0198,2.112788,-1
252.4399,2.407659,277.1006,3.271935,348.992,2.047809,-1
252.4399,2.407692,277.1006,3.194919,348.8745,2.10692,-1
252.4399,2.407724,277.1007,3.2383,348.7578,2.165334,-1
252.4399,2.407706,277.1007,3.043937,348.7856,2.132612,-1
252.4398,2.407721,277.1007,3.047913,348.683,2.159694,-1
252.4398,2.40777,277.1008,3.088269,348.5516,2.24637,-1
252.4398,2.407722,277.1009,3.187838,348.4918,2.161727,-1
252.4398,2.407693,277.1009,2.932504,348.3756,2.109499,-1
252.4398,2.407728,277.101,3.058947,348.2515,2.172004,-1
252.4398,2.407759,277.101,3.173806,348.1705,2.227557,-1
252.4398,2.407679,277.101,3.068102,348.2418,2.083599,-1
252.4398,2.407735,277.1011,3.483868,348.031,2.186081,-1
252.4398,2.407697,277.1011,3.159992,348.0202,2.116987,-1
252.4397,2.407809,277.1012,3.404948,347.8142,2.317757,-1
252.4397,2.407759,277.1012,3.47891,347.8341,2.229028,-1
252.4397,2.40781,277.1013,3.532295,347.7054,2.32004,-1
252.4397,2.407832,277.1013,3.458458,347.5909,2.359448,-1
252.4397,2.407876,277.1014,3.443242,347.5062,2.438258,-1
252.4397,2.407963,277.1016,3.413705,347.2138,2.594036,-1
252.4394,2.408118,277.1026,2.464508,345.2237,2.870405,-1
252.4395,2.407775,277.1022,2.569117,345.939,2.2549,-1
252.4395,2.407746,277.1021,2.726217,346.1761,2.203065,-1
252.4395,2.407565,277.1022,1.97403,345.9194,1.878316,-1
252.4396,2.407243,277.102,1.627996,346.3685,1.299858,-1
252.4395,2.407635,277.1022,2.315216,345.925,2.004828,-1
252.4395,2.407612,277.1025,2.37111,345.5005,1.961946,-1
252.4395,2.407542,277.1025,3.1008,345.4387,1.838714,-1
252.4394,2.407601,277.1026,3.178847,345.2507,1.944317,-1
252.4394,2.407589,277.1026,3.299498,345.2083,1.922819,-1
252.4394,2.407613,277.1027,3.304098,345.0607,1.966042,-1
252.4394,2.4076,277.1028,3.294465,344.9523,1.942274,-1
252.4393,2.407644,277.1028,3.308308,344.8076,2.021149,-1
252.4394,2.407617,277.1028,3.2746,344.8787,1.972377,-1
252.4393,2.407664,277.1029,3.152579,344.7463,2.056296,-1
252.4393,2.407679,277.103,2.981742,344.6125,2.083701,-1
252.4393,2.407648,277.1029,2.946543,344.6826,2.028489,-1
252.4393,2.407656,277.103,2.907372,344.4914,2.042733,-1
252.4393,2.407547,277.103,2.905986,344.5056,1.846522,-1
252.439,2.407456,277.104,3.035314,342.722,1.684091,-1
252.4391,2.40737,277.1037,3.170895,343.1602,1.529221,-1
252.4391,2.407456,277.1038,3.100527,343.0447,1.683561,-1
252.4391,2.407473,277.1037,3.222431,343.1672,1.71385,-1
252.4391,2.407448,277.1037,3.244494,343.2641,1.669301,-1
252.4391,2.407446,277.1037,2.902888,343.1317,1.665254,-1
252.4391,2.407428,277.1037,2.759085,343.2373,1.633676,-1
252.4391,2.407492,277.1038,3.055961,343.1093,1.749033,-1
252.4391,2.407593,277.1039,3.115144,342.8959,1.929797,-1
252.439,2.407588,277.104,3.279814,342.6908,1.922055,-1
252.4391,2.407518,277.1039,3.131569,342.8554,1.795478,-1
252.439,2.407518,277.1039,3.367846,342.7812,1.795015,-1
252.439,2.407534,277.104,3.411528,342.7255,1.825171,-1
197.3457,2.405019,262.2376,3.454271,342.7937,1.724953,-1
197.3457,2.405069,262.2377,3.413955,342.6411,1.814654,-1
197.3448,2.40515,262.2401,3.43036,338.1086,1.95932,-1
197.3407,2.405503,262.2473,3.317676,323.2596,2.59291,-1
197.3326,2.405363,262.2549,3.754578,303.2101,2.341908,-1
197.3251,2.404572,262.2585,4.398573,288.2694,0.9241678,-1
197.3193,2.406283,262.2597,4.23678,277.7637,3.999363,-1
197.3121,2.407227,262.2598,5.292341,264.9706,5.707947,-1
197.3015,2.40521,262.257,5.158396,244.8999,2.072752,-1
197.2942,2.403797,262.2523,4.973094,229.0909,359.5323,-1
197.2877,2.405627,262.2444,5.764961,210.9241,2.824461,-1
197.2845,2.40665,262.237,6.257865,196.6696,4.674519,-1
197.3152,1.029058,262.2281,0,345,0,exit0
197.2832,2.404198,262.2281,5.447696,180.1156,0.2516834,-1
197.2838,2.404689,262.2218,5.079919,168.7901,1.13515,-1
197.2867,2.406219,262.2137,6.59693,153.6956,3.899616,-1
197.2906,2.405936,262.2077,5.682457,140.6709,3.380713,-1
197.2947,2.403184,262.2035,6.289103,129.5936,358.4261,-1
197.3018,2.404085,262.1991,6.397505,113.2049,359.922,-1
197.3106,2.407013,262.1969,7.364667,97.53301,5.212096,-1
197.2115,2.408106,262.1975,6.516817,83.29116,2.863993,-1
197.2017,2.405257,262.1993,5.371109,66.59095,357.7337,-1
197.2087,2.407127,262.2034,5.050163,52.30439,1.096389,-1
197.2112,2.408667,262.2057,3.624772,46.45966,3.860266,-1
197.2125,2.407829,262.2069,4.728096,43.23598,2.357931,-1
197.2136,2.408067,262.2082,3.923927,40.18332,2.782561,-1
197.2137,2.407939,262.2083,4.942283,39.88354,2.557373,-1
197.4675,2.407605,262.5095,6.511293,40.29673,1.961421,-1
197.5521,2.407593,262.6101,6.552232,40.29295,1.938633,-1
197.5792,2.407593,262.6421,6.552232,40.29295,1.938633,-1
197.8033,2.407279,262.9063,7.277908,40.57164,1.376028,-1
198.1245,2.407287,263.2866,7.660652,39.8979,1.390852,-1
198.548,2.407295,263.7946,8.238758,39.68962,1.407662,-1
198.9064,2.40727,264.2276,8.271203,39.4584,1.362622,-1
199.2999,2.397472,264.7081,8.073194,39.74833,1.179821,-1
200.1369,2.407486,265.7165,6.958616,38.82302,1.748965,-1
200.4033,2.40773,266.0542,7.226924,39.0329,2.189819,-1
200.9651,2.40838,266.716,7.451091,40.13406,3.365154,-1
201.3209,2.40837,267.1513,7.66241,37.83479,3.349531,-1
201.5362,2.408094,267.4282,9.041721,36.96641,2.860515,-1
202.0062,2.407,268.0335,8.31771,39.38238,0.8736122,-1
202.2502,2.402491,268.3529,7.992623,37.75238,3.325159,-1
202.989,2.407971,269.3178,7.448566,37.29588,2.626725,-1
203.4456,2.401745,269.9102,7.416123,38.5323,1.081202,-1
203.8168,2.406524,270.3699,7.46689,39.13504,0.01167425,-1
204.7203,2.406184,271.4856,7.607081,38.92619,0.2227935,-1
205.6902,2.406641,272.6866,7.607081,38.92619,0.2227935,-1
206.5621,2.406981,273.7666,8.023363,38.71252,0.8395836,-1
207.4585,2.403065,274.8865,8.039168,38.50571,1.143146,-1
208.3542,2.407116,276.0208,7.98735,38.105,1.083564,-1
209.2878,2.407343,277.2143,7.945783,37.71237,1.494141,-1
210.1999,2.397599,278.3996,8.173673,37.38157,1.640598,-1
211.2196,2.407469,279.7363,8.175606,37.25008,1.72222,-1
212.1996,2.407523,281.0264,8.163732,37.19302,1.820484,-1
213.1882,2.40761,282.331,8.337244,37.0656,1.97772,-1
214.1404,2.407657,283.592,8.388661,37.01872,2.064,-1
215.1264,2.407651,284.9007,8.465262,36.94035,2.053794,-1
216.0895,2.403003,286.182,8.684044,36.84545,2.116918,-1
217.0742,2.407651,287.4951,8.451663,36.79847,2.052835,-1
218.0382,2.407678,288.7852,8.367128,36.7887,2.102155,-1
218.9826,2.40688,290.0488,8.113227,36.94912,2.163141,-1
219.9961,2.407937,291.4003,7.288336,36.80262,2.5648,-1
220.8162,2.399883,292.4838,7.372399,37.80408,2.030113,-1
221.689,2.407883,293.6089,6.670298,37.95499,2.462844,-1
222.3808,2.407776,294.4918,6.002959,38.18308,2.267766,-1
223.0844,2.404169,295.3911,6.759337,37.91415,2.442305,-1
223.7908,2.407531,296.3018,8.228094,37.60394,1.835482,-1
224.8987,2.407358,297.74,8.179336,37.61869,1.521598,-1
225.8106,2.407373,298.9233,7.862481,37.57556,1.548385,-1
226.6906,2.40742,300.0677,8.054981,37.52415,1.632282,-1
227.523,2.407462,301.1523,8.118954,37.49394,1.710099,-1
228.3332,2.407497,302.2078,8.137781,37.52356,1.773454,-1
229.2585,2.407491,303.4146,8.049123,37.52226,1.761519,-1
230.0929,2.407518,304.5016,7.954883,37.43202,1.810393,-1
230.9512,2.407527,305.6197,7.58769,37.97112,1.824287,-1
231.8759,2.406979,306.791,6.584701,41.16191,0.8329438,-1
233.2426,2.407169,308.1903,5.478188,49.41276,1.172785,-1
233.6029,1.031517,308.5489,0,345,0,enter1
233.6653,2.407322,308.56,5.259268,53.62494,1.446925,-1
233.6565,2.407082,308.5558,5.387381,73.09079,1.016378,-1
233.6513,2.407571,308.5547,4.613258,82.67323,1.894503,-1
233.6496,2.40751,308.5545,3.947767,85.63027,1.783233,-1
233.6471,2.407756,308.5544,3.947993,90.17608,2.224334,-1
233.6446,2.408681,308.5545,4.5236,94.88525,3.890638,-1
233.644,2.408283,308.5546,3.924992,95.81329,3.170972,-1
233.645,2.408231,308.5545,5.108141,94.03511,3.081694,-1
233.6452,2.407483,308.5544,5.596123,93.50746,1.737949,-1
233.6451,2.407421,308.5544,5.391717,93.67382,1.62578,-1
233.6453,2.407473,308.5544,5.661203,93.48427,1.720456,-1
233.6455,2.406938,308.5544,5.016789,92.89758,0.755935,-1
233.6471,1.031517,308.5864,0,345,0,exit1
233.8325,2.406462,308.5429,5.720312,93.5289,359.9012,-1
235.5059,2.406417,308.4492,6.802233,92.25236,359.8193,-1
237.6227,2.40669,308.3574,6.532938,92.98663,0.3106233,-1
239.5847,2.406816,308.2531,6.386085,93.20383,0.5396508,-1
241.4662,2.406816,308.1481,6.386085,93.20385,0.5396506,-1
243.3454,2.406816,308.0426,6.386085,93.20383,0.5396508,-1
245.3177,2.407003,307.9333,6.546206,93.12529,0.8755646,-1
247.1533,2.399419,307.8266,6.668911,93.73283,0.3258841,-1
249.1148,2.39791,307.7005,6.69047,93.76055,0.3550414,-1
251.0817,2.406708,307.5705,6.813219,93.84084,0.3444329,-1
252.9659,2.405313,307.4443,7.028508,93.84821,0.4779972,-1
254.9837,2.406792,307.3069,7.115444,93.97445,0.496082,-1
257.1219,2.406792,307.1578,7.035034,94.09985,0.4955343,-1
259.1144,2.403796,307.0144,7.019376,94.10566,0.6091385,-1
261.1094,2.406895,306.8704,6.941504,94.17027,0.6820878,-1
263.1591,2.406953,306.7207,7.134889,94.22265,0.7864679,-1
265.1479,2.406932,306.5728,7.116413,94.28263,0.7482064,-1
267.2011,2.407011,306.4189,7.321999,94.38053,0.8909689,-1
269.1816,2.406453,306.247,7.561706,96.20449,359.8846,-1
271.3006,2.406297,306.004,7.606686,97.36375,359.6023,-1
273.3434,2.396389,305.7316,7.822392,97.97697,359.6871,-1
275.3223,2.406549,305.4518,7.884481,98.25196,0.05672997,-1
277.302,2.406815,305.1648,7.819255,98.04964,0.5386021,-1
279.2523,2.406745,304.8875,7.907369,98.12657,0.4123749,-1
281.3116,2.402285,304.5943,7.885044,98.16003,0.2835613,-1
283.3566,2.406714,304.3023,7.849559,98.11665,0.3561067,-1
285.3912,2.402346,304.0069,7.389748,99.25459,359.3924,-1
287.439,2.406194,303.6793,6.141966,99.22153,359.4186,-1
289.4978,2.406162,303.3438,5.253808,99.43073,359.3615,-1
289.7841,1.031517,303.3289,0,345,0,enter2
290.0504,2.405859,303.2524,4.716032,100.098,359.3366,-1
290.0477,2.406385,303.2531,6.02253,106.571,0.3312797,-1
290.0368,2.406545,303.2589,4.769012,128.7369,0.6172758,-1
290.0304,2.406854,303.2658,3.529079,145.7306,1.169851,-1
290.0258,2.40706,303.276,3.34952,165.8459,1.539768,-1
290.0251,2.40586,303.288,1.675954,187.4924,359.3885,-1
290.027,2.404626,303.2955,3.846885,201.1344,357.1714,-1
290.0295,2.405759,303.3005,5.532299,211.3346,359.2043,-1
290.0336,2.406702,303.3058,4.123653,223.5555,0.8976278,-1
290.0447,2.406111,303.3134,3.117997,247.6419,359.8382,-1
290.0455,2.405479,303.3138,5.476518,249.2407,358.7004,-1
290.0419,2.405143,303.3121,4.256802,241.9813,358.0991,-1
290.0568,1.031202,303.2838,0,345,0,exit2
289.9288,2.406168,303.2488,5.024508,241.3658,359.3713,-1
289.3228,2.406395,302.9229,6.7593,241.7487,359.7811,-1
288.589,2.406226,302.5319,7.298997,242.2629,359.4746,-1
288.0784,2.405746,302.2689,6.769748,243.9716,358.6843,-1
287.5116,2.405843,301.9954,6.707043,244.2551,358.7854,-1
286.0723,2.405925,301.3029,6.624516,244.34,358.9322,-1
285.0056,2.398638,300.7922,6.658623,244.4347,358.6486,-1
283.8509,2.405804,300.2419,6.636496,244.7902,358.7155,-1
282.6494,2.405844,299.6764,6.868538,244.8678,358.7861,-1
281.4933,2.405699,299.1333,6.850584,244.8382,358.8616,-1
280.2298,2.405774,298.539,6.881897,244.8013,358.6601,-1
278.9749,2.401515,297.9459,6.845608,244.6332,358.7343,-1
277.445,2.405728,297.2228,6.874993,244.796,358.5767,-1
276.1393,2.405678,296.6101,6.977389,244.9804,358.4868,-1
274.6526,2.405658,295.9181,6.994718,245.0971,358.4497,-1
273.1663,2.405645,295.2286,7.0851,245.1896,358.427,-1
271.6601,2.405685,294.5339,7.178399,245.3606,358.498,-1
270.1497,2.405577,293.8451,7.286686,245.8111,358.3026,-1
268.63,2.397659,293.1614,7.141792,245.8289,358.1917,-1
267.1134,2.405624,292.4855,7.434044,246.1499,358.3867,-1
265.6051,2.405717,291.8219,7.448052,246.4572,358.5552,-1
264.041,2.396377,291.1415,7.323969,246.6401,358.6644,-1
262.4657,2.405791,290.4618,7.474051,246.8095,358.6889,-1
260.9012,2.405817,289.7913,7.41887,246.911,358.7363,-1
259.3765,2.403292,289.143,7.51489,246.9762,358.8847,-1
257.8533,2.403089,288.494,7.407358,246.8564,358.9516,-1
256.2274,2.405822,287.8014,7.466214,246.9137,358.7445,-1
254.6046,2.405711,287.1145,7.427259,247.3181,358.5446,-1
253.0958,2.4058,286.4838,7.262058,246.9224,358.7061,-1
251.3592,2.40553,285.7466,5.027328,246.876,358.2251,-1
250.5012,2.405367,285.3752,4.878311,246.2132,357.933,-1
249.7857,2.402341,285.0638,4.443573,246.807,358.251,-1
249.1028,2.39726,284.7694,4.592636,246.6464,358.7209,-1
248.953,1.031517,284.6698,0,345,0,enter0
