*Subject
0
*Layout
3
*Condition
True,True,True,False,True
*Marks
174.1313,0,311.0379
194.6803,0,254.6678
253.7729,0,244.2803
*Path
x,y,z,flag
105.343,2.406281,204.6614,359.9699,281.6638,359.5776,-1
105.3253,2.406289,204.665,0.6980515,281.3028,359.5917,-1
105.3257,2.405942,204.6649,1.242349,282.0853,358.9711,-1
105.3262,2.406118,204.6649,1.306697,282.8816,359.2863,-1
105.3262,2.406108,204.6648,1.868189,282.9865,359.2682,-1
105.3255,2.40611,204.665,2.355895,281.579,359.2713,-1
105.3246,2.406688,204.6652,2.187179,279.9661,0.3061782,-1
105.3244,2.406536,204.6652,1.027797,279.5917,0.0335151,-1
105.3252,2.406481,204.665,1.388736,281.1714,359.9346,-1
105.3266,2.406026,204.6647,1.549045,283.6978,359.1204,-1
105.3259,2.406775,204.6649,2.435805,282.4779,0.4627677,-1
105.3261,2.406231,204.6649,4.617999,282.7556,359.486,-1
105.3263,2.40587,204.6648,7.500501,282.9822,358.8316,-1
105.3263,2.405827,204.6648,9.604309,282.86,358.7466,-1
105.3258,2.405519,204.6649,10.81563,281.9513,358.1792,-1
105.3258,2.405368,204.6649,10.87226,281.766,357.9051,-1
105.3254,2.404936,204.665,12.47004,280.8728,357.0995,-1
105.3253,2.40472,204.665,12.76318,280.6007,356.6988,-1
105.3254,2.404751,204.665,12.68996,280.8183,356.7574,-1
105.3255,2.405213,204.665,14.31881,281.0293,357.5897,-1
105.3252,2.405327,204.665,15.08816,280.5541,357.7925,-1
105.325,2.405364,204.6651,15.05204,280.1553,357.8618,-1
105.3247,2.405321,204.6651,15.03317,279.585,357.7817,-1
105.3245,2.405193,204.6652,14.57284,279.2651,357.5502,-1
105.3241,2.405122,204.6652,13.94432,278.5866,357.426,-1
105.324,2.405254,204.6653,13.66662,278.4174,357.6727,-1
105.3241,2.405487,204.6652,13.14234,278.7075,358.1048,-1
105.3232,2.406162,204.6654,13.7032,277.3926,359.3458,-1
105.3251,2.407003,204.6651,16.09307,281.1315,0.9062388,-1
105.3243,2.408241,204.6652,21.40934,280.7404,3.316522,-1
105.3228,2.410953,204.6651,27.24465,280.9331,8.969666,-1
105.3232,2.409378,204.6653,38.02022,281.5045,6.515831,-1
105.3239,2.408234,204.6653,39.36461,281.2771,3.979112,-1
105.3237,2.405876,204.6653,40.40152,277.3967,358.4916,-1
105.3249,2.405945,204.6651,29.6104,279.9929,358.8217,-1
105.3244,2.406235,204.6652,32.88455,279.2676,359.3986,-1
105.3279,2.403133,204.6642,54.06521,277.7692,349.6205,-1
105.3305,2.399349,204.6627,50.95177,275.0886,339.1726,-1
105.3263,2.406592,204.6648,34.79538,283.2285,0.1638359,-1
105.3264,2.402462,204.6646,28.80254,279.3534,351.6861,-1
105.3146,2.405766,204.6653,35.23206,261.1525,358.3534,-1
105.3135,2.404941,204.6651,48.18883,256.8343,355.7617,-1
105.3007,2.409587,204.6597,42.10138,239.8232,7.429428,-1
105.2884,2.401403,204.6415,45.70741,184.7886,346.7708,-1
105.2873,2.40807,204.6302,50.87901,177.2381,4.412401,-1
105.2874,2.40655,204.6287,49.07759,171.2039,0.08933663,-1
105.2886,2.403879,204.6243,59.5625,154.7708,350.6333,-1
105.2881,2.407394,204.6255,65.80713,168.7465,3.834702,-1
105.2979,2.41088,204.6101,56.41616,143.8902,14.26919,-1
105.3048,2.405311,204.605,62.94741,112.1895,355.2445,-1
105.3138,2.407172,204.6021,65.3335,101.9169,2.811039,-1
105.3148,2.403744,204.6021,66.35173,86.25314,347.522,-1
105.3061,2.401477,204.6048,68.83865,89.82591,334.1334,-1
105.3055,2.409033,204.6047,65.6151,125.0252,10.97954,-1
105.3139,2.408483,204.6021,68.68653,108.3082,9.73097,-1
105.3142,2.407894,204.6021,84.12764,123.4708,24.87148,-1
105.3199,2.40792,204.6017,79.68668,102.3274,14.1738,-1
105.3138,2.407948,204.6021,82.99146,120.7427,21.508,-1
105.309,2.408416,204.6033,81.25906,131.0589,22.98413,-1
105.3048,2.407879,204.605,86.64567,162.9638,46.66837,-1
105.2971,2.408698,204.6105,86.09144,224.7652,91.31796,-1
105.297,2.40855,204.6105,86.35385,220.9425,87.44193,-1
105.2971,2.408988,204.6105,85.55063,229.1758,95.68418,-1
105.2971,2.408957,204.6105,85.61546,227.8075,94.33578,-1
105.2971,2.40889,204.6105,85.73965,226.7438,93.2964,-1
105.2971,2.4089,204.6105,85.72324,226.5377,93.10979,-1
105.2971,2.408989,204.6105,85.55882,227.3248,93.91279,-1
105.2971,2.408988,204.6105,85.56381,226.7885,93.39652,-1
105.2971,2.408978,204.6105,85.58159,226.6234,93.22952,-1
105.2971,2.408978,204.6105,85.58155,226.6236,93.22969,-1
105.2971,2.408967,204.6105,85.60573,225.8828,92.49328,-1
105.2971,2.408998,204.6105,85.54764,226.2744,92.88919,-1
105.2972,2.409227,204.6104,85.0771,232.6281,99.33527,-1
105.2972,2.409084,204.6104,85.36012,230.6008,97.3298,-1
105.297,2.408608,204.6105,86.22291,216.2247,82.71423,-1
105.2968,2.409016,204.6107,85.49245,230.6361,96.51684,-1
105.2967,2.408704,204.6108,86.07924,226.1384,91.72803,-1
105.2966,2.408584,204.6109,86.27238,231.2264,96.65205,-1
105.2967,2.408686,204.6108,86.11349,224.5116,90.16758,-1
105.2967,2.408612,204.6108,86.24433,222.2006,87.81777,-1
105.2967,2.408575,204.6108,86.30609,221.0728,86.66692,-1
105.2966,2.408541,204.6109,86.37119,222.7236,88.21749,-1
105.2966,2.408617,204.6109,86.23111,221.2798,86.79086,-1
105.2967,2.408611,204.6109,86.24245,221.5393,87.09011,-1
105.296,2.408955,204.6116,85.62051,230.2074,93.99529,-1
105.2955,2.408787,204.6121,85.93119,227.9401,90.34345,-1
105.2954,2.408854,204.6122,85.80997,229.0859,91.4315,-1
105.2954,2.408823,204.6122,85.86777,228.5293,90.84078,-1
105.2954,2.408858,204.6122,85.80408,228.9865,91.25017,-1
105.2954,2.408872,204.6122,85.77914,228.9515,91.16905,-1
105.2954,2.4089,204.6122,85.72858,229.3534,91.5245,-1
105.2953,2.408999,204.6123,85.54852,229.7553,91.82322,-1
105.2953,2.409048,204.6123,85.46016,230.3827,92.41171,-1
105.2953,2.409056,204.6123,85.44525,230.5389,92.52741,-1
105.2953,2.409062,204.6123,85.43396,230.4621,92.40473,-1
105.2953,2.409167,204.6124,85.24392,230.9957,92.8868,-1
105.2953,2.409234,204.6124,85.12231,231.1455,92.98732,-1
105.2953,2.409235,204.6124,85.1201,231.1641,92.96294,-1
105.2952,2.409225,204.6124,85.14062,231.1151,92.87752,-1
105.2952,2.40923,204.6124,85.13031,231.2607,92.97879,-1
105.2952,2.409237,204.6125,85.11829,231.2369,92.91193,-1
105.2952,2.409245,204.6125,85.10247,231.4287,93.05401,-1
105.2952,2.409242,204.6125,85.10839,231.5443,93.1195,-1
105.2952,2.409245,204.6125,85.10159,231.7653,93.31379,-1
105.2952,2.409265,204.6125,85.06259,232.4961,94.04659,-1
105.2952,2.409288,204.6125,85.01559,233.1338,94.6777,-1
105.2952,2.409295,204.6125,84.99844,233.739,95.28447,-1
105.2952,2.409312,204.6125,84.96188,234.3539,95.90331,-1
105.2952,2.409324,204.6125,84.93667,234.8028,96.35253,-1
105.2952,2.409338,204.6125,84.90738,235.2154,96.76999,-1
105.2952,2.40935,204.6125,84.88106,235.5893,97.14056,-1
105.2952,2.409351,204.6125,84.87371,236.0627,97.61619,-1
105.2952,2.409356,204.6125,84.86207,236.3662,97.91419,-1
105.2952,2.40939,204.6125,84.79681,236.6186,98.16014,-1
105.2952,2.409394,204.6125,84.78828,236.7394,98.28276,-1
105.2952,2.409412,204.6125,84.75006,237.0177,98.56351,-1
105.2952,2.409433,204.6125,84.70753,237.3272,98.87129,-1
105.2952,2.409415,204.6125,84.73806,237.5455,99.09039,-1
105.2952,2.40943,204.6125,84.70717,237.8219,99.36685,-1
105.2952,2.409446,204.6125,84.67326,238.0896,99.63072,-1
105.2952,2.409456,204.6125,84.65401,238.1721,99.71394,-1
105.2952,2.409452,204.6125,84.65958,238.2816,99.81544,-1
105.2952,2.409465,204.6125,84.63137,238.5119,100.0443,-1
105.2952,2.409466,204.6125,84.62725,238.6418,100.1702,-1
105.2952,2.409467,204.6125,84.62397,238.7935,100.3144,-1
105.2952,2.409469,204.6125,84.61912,238.8543,100.3727,-1
105.2952,2.409478,204.6125,84.6013,238.9707,100.4895,-1
105.2952,2.409482,204.6125,84.59406,238.9733,100.4876,-1
105.2952,2.409489,204.6125,84.5778,239.1152,100.6296,-1
105.2952,2.409489,204.6125,84.57743,239.1818,100.6958,-1
105.2952,2.409489,204.6125,84.57581,239.2385,100.7513,-1
105.2952,2.409494,204.6125,84.56415,239.3096,100.8231,-1
105.2952,2.409497,204.6125,84.56026,239.2692,100.7792,-1
105.2952,2.409494,204.6125,84.56509,239.3035,100.8112,-1
105.2952,2.409491,204.6125,84.57123,239.3261,100.8248,-1
105.2952,2.409495,204.6125,84.56221,239.3404,100.835,-1
105.2952,2.4095,204.6125,84.55583,239.2979,100.7901,-1
105.2952,2.409513,204.6125,84.52826,239.4689,100.9598,-1
105.2952,2.409503,204.6125,84.55079,239.2669,100.7533,-1
105.2952,2.409508,204.6125,84.54189,239.2577,100.748,-1
105.2952,2.409503,204.6125,84.55032,239.2122,100.7022,-1
105.2952,2.409507,204.6125,84.54263,239.2996,100.7835,-1
105.2952,2.409503,204.6125,84.54871,239.3586,100.8357,-1
105.2952,2.409507,204.6125,84.53999,239.3953,100.8693,-1
105.2952,2.409509,204.6125,84.536,239.4187,100.8869,-1
105.2952,2.40951,204.6125,84.53629,239.3545,100.8175,-1
105.2952,2.409507,204.6125,84.54156,239.3238,100.7845,-1
105.2952,2.409513,204.6125,84.52747,239.4812,100.9387,-1
105.2952,2.409507,204.6125,84.53897,239.5089,100.9576,-1
105.2952,2.409506,204.6125,84.5393,239.5433,100.9893,-1
105.2952,2.409506,204.6125,84.53994,239.5233,100.9631,-1
105.2952,2.409524,204.6125,84.50777,239.471,100.9031,-1
105.2952,2.409532,204.6125,84.49612,239.3975,100.8288,-1
105.2952,2.409526,204.6125,84.5056,239.3931,100.8263,-1
105.2952,2.409512,204.6125,84.5346,239.3097,100.7378,-1
105.2952,2.409526,204.6125,84.50542,239.4786,100.9065,-1
105.2952,2.409521,204.6125,84.5153,239.4404,100.8649,-1
105.2952,2.409527,204.6125,84.50375,239.4968,100.9177,-1
105.2952,2.409514,204.6125,84.5275,239.4522,100.8744,-1
105.2952,2.409513,204.6125,84.53209,239.3811,100.7982,-1
105.2952,2.409522,204.6126,84.51252,239.5085,100.913,-1
105.2952,2.40952,204.6126,84.51521,239.5241,100.9247,-1
105.2952,2.409516,204.6126,84.52332,239.5464,100.9452,-1
105.2952,2.409518,204.6126,84.51978,239.5406,100.9332,-1
105.2951,2.409521,204.6126,84.51424,239.5821,100.9649,-1
105.2951,2.409516,204.6126,84.52289,239.5755,100.952,-1
105.2951,2.409517,204.6126,84.51996,239.6239,100.9981,-1
105.2951,2.409515,204.6126,84.52468,239.5768,100.946,-1
105.2951,2.40951,204.6126,84.53145,239.6866,101.0502,-1
105.2951,2.409502,204.6126,84.54727,239.6107,100.9768,-1
105.2951,2.40951,204.6126,84.53244,239.6447,101.0036,-1
105.2951,2.409511,204.6126,84.52976,239.6901,101.0432,-1
105.2951,2.409508,204.6126,84.53593,239.7097,101.0532,-1
105.2951,2.409512,204.6126,84.52919,239.7072,101.0394,-1
105.2951,2.409518,204.6126,84.51656,239.7492,101.0768,-1
105.2951,2.409513,204.6126,84.52425,239.8006,101.1202,-1
105.2951,2.409509,204.6126,84.53194,239.8035,101.1164,-1
105.2951,2.409512,204.6126,84.52711,239.8053,101.1134,-1
105.2951,2.409514,204.6126,84.52242,239.8097,101.1117,-1
105.2951,2.409515,204.6126,84.5235,239.7095,101.0117,-1
105.2951,2.409513,204.6126,84.52696,239.6969,101,-1
105.2951,2.409509,204.6126,84.53456,239.6912,100.9906,-1
105.2951,2.409507,204.6126,84.53761,239.6948,100.987,-1
105.2951,2.409506,204.6126,84.54023,239.6527,100.9393,-1
105.2951,2.409513,204.6126,84.52725,239.775,101.0545,-1
105.2951,2.409506,204.6126,84.53944,239.7353,101.0093,-1
105.2951,2.409513,204.6126,84.52589,239.8168,101.0877,-1
105.2951,2.409511,204.6126,84.52951,239.8089,101.078,-1
105.2951,2.409508,204.6126,84.53432,239.8466,101.112,-1
105.2951,2.40951,204.6126,84.53081,239.8522,101.1138,-1
105.2951,2.409513,204.6126,84.52428,239.9205,101.1822,-1
105.2951,2.409512,204.6126,84.52396,240.0003,101.2589,-1
105.2951,2.409512,204.6126,84.52496,239.9668,101.2243,-1
105.2951,2.409513,204.6126,84.52232,239.9597,101.2128,-1
105.2951,2.409502,204.6126,84.54407,239.9341,101.1975,-1
105.2951,2.4095,204.6126,84.54695,239.9588,101.2172,-1
105.2951,2.409506,204.6126,84.53686,239.9316,101.1846,-1
105.2951,2.409514,204.6126,84.5201,240.0051,101.2593,-1
105.2951,2.409509,204.6126,84.53177,239.8503,101.101,-1
105.2951,2.40952,204.6126,84.51213,239.8626,101.1096,-1
105.2951,2.409517,204.6126,84.51963,239.7972,101.0443,-1
105.2951,2.409519,204.6126,84.51588,239.8112,101.0546,-1
105.2951,2.409522,204.6126,84.51077,239.816,101.0574,-1
105.2951,2.40952,204.6126,84.51363,239.7898,101.0256,-1
105.2951,2.409524,204.6126,84.50645,239.7777,101.008,-1
105.2951,2.409527,204.6126,84.50135,239.7747,101.0008,-1
105.2951,2.409531,204.6126,84.4927,239.8161,101.044,-1
105.2951,2.409525,204.6126,84.50581,239.7301,100.9502,-1
105.2951,2.409527,204.6126,84.50378,239.678,100.8927,-1
105.2951,2.409531,204.6126,84.49566,239.685,100.8956,-1
105.2951,2.40953,204.6126,84.49965,239.6321,100.8356,-1
105.2951,2.409532,204.6127,84.49537,239.6504,100.8477,-1
105.2951,2.409524,204.6127,84.51041,239.6152,100.8092,-1
105.2951,2.409525,204.6127,84.50831,239.6407,100.8333,-1
105.2951,2.40953,204.6127,84.49804,239.741,100.9302,-1
105.2951,2.409527,204.6127,84.50117,239.7757,100.964,-1
105.2951,2.409522,204.6127,84.51092,239.8439,101.024,-1
105.2951,2.409523,204.6127,84.50753,239.8767,101.0606,-1
105.2951,2.409513,204.6127,84.52725,239.796,100.9758,-1
105.2951,2.40951,204.6127,84.5332,239.7695,100.9443,-1
105.2951,2.409513,204.6127,84.5294,239.7381,100.9105,-1
105.2951,2.409516,204.6127,84.5241,239.7324,100.9083,-1
105.2951,2.409514,204.6127,84.5265,239.7209,100.897,-1
105.2951,2.409523,204.6127,84.50959,239.8117,100.9847,-1
105.2951,2.409521,204.6127,84.51234,239.8114,100.9815,-1
105.2951,2.409518,204.6127,84.51846,239.769,100.9438,-1
105.2951,2.409521,204.6127,84.51495,239.6924,100.8674,-1
105.2951,2.409528,204.6127,84.50142,239.7573,100.9366,-1
105.2951,2.409525,204.6127,84.50571,239.8047,100.9839,-1
105.2951,2.409522,204.6127,84.51028,239.8389,101.0224,-1
105.2951,2.409528,204.6127,84.49733,239.9164,101.1095,-1
105.2951,2.409528,204.6127,84.49868,239.8685,101.057,-1
105.2951,2.409525,204.6127,84.50588,239.7784,100.9674,-1
105.2951,2.40953,204.6127,84.4963,239.8182,101.0045,-1
105.2951,2.409529,204.6127,84.499,239.7846,100.9748,-1
105.2951,2.409526,204.6127,84.50427,239.7204,100.904,-1
105.2951,2.409529,204.6127,84.49958,239.6997,100.8804,-1
105.2951,2.409527,204.6127,84.50481,239.6594,100.8362,-1
105.2951,2.409527,204.6127,84.5046,239.6754,100.8427,-1
105.2951,2.409526,204.6127,84.50706,239.6602,100.8228,-1
105.2951,2.409526,204.6127,84.50716,239.6221,100.7751,-1
105.2951,2.409523,204.6127,84.51474,239.5728,100.7225,-1
105.2951,2.40953,204.6127,84.50078,239.6295,100.7743,-1
105.2951,2.409534,204.6127,84.49078,239.6873,100.8289,-1
105.2951,2.409534,204.6127,84.49249,239.7195,100.8602,-1
105.2951,2.409537,204.6127,84.48555,239.7468,100.8804,-1
105.2951,2.409538,204.6127,84.48385,239.7516,100.8781,-1
105.295,2.409533,204.6127,84.4938,239.7095,100.8265,-1
105.295,2.409538,204.6127,84.4853,239.7139,100.8229,-1
105.295,2.409533,204.6127,84.4949,239.6448,100.7492,-1
105.295,2.409529,204.6127,84.50288,239.6479,100.7477,-1
105.295,2.409531,204.6127,84.49704,239.7223,100.8245,-1
105.295,2.409526,204.6127,84.5052,239.7912,100.8876,-1
105.295,2.409526,204.6127,84.5066,239.7769,100.8575,-1
105.295,2.40953,204.6127,84.49733,239.8743,100.9552,-1
105.295,2.40953,204.6127,84.49583,239.9372,101.0169,-1
105.295,2.40953,204.6127,84.49419,240.0039,101.0741,-1
105.295,2.409529,204.6127,84.49625,239.9834,101.0516,-1
105.295,2.409523,204.6127,84.5091,239.9683,101.0267,-1
105.295,2.409521,204.6127,84.51209,239.9299,100.9882,-1
105.295,2.409529,204.6127,84.49701,239.9858,101.038,-1
105.295,2.409523,204.6127,84.50835,239.9422,100.9893,-1
105.295,2.409526,204.6127,84.50356,239.9445,100.9958,-1
105.295,2.409524,204.6127,84.50831,239.8898,100.942,-1
105.295,2.409519,204.6127,84.51695,239.8893,100.936,-1
105.295,2.409515,204.6127,84.52503,239.8664,100.9076,-1
105.295,2.409515,204.6127,84.52306,239.955,100.9956,-1
105.295,2.40951,204.6127,84.53194,239.9628,101.001,-1
105.295,2.409509,204.6127,84.53471,239.9316,100.9694,-1
105.295,2.409508,204.6127,84.53711,239.8728,100.9125,-1
105.295,2.409508,204.6127,84.53851,239.8502,100.8918,-1
105.295,2.409511,204.6127,84.53374,239.842,100.8741,-1
105.295,2.409511,204.6127,84.53145,239.9371,100.9617,-1
105.295,2.409506,204.6127,84.53976,239.9699,100.9957,-1
105.295,2.409507,204.6127,84.53725,240.0398,101.0603,-1
105.295,2.409508,204.6127,84.53582,240.0266,101.0447,-1
105.295,2.409507,204.6127,84.53664,240.0288,101.0467,-1
105.295,2.409507,204.6127,84.53765,239.9924,101.0125,-1
105.295,2.409512,204.6127,84.52834,239.999,101.0215,-1
105.295,2.409513,204.6127,84.52776,239.9828,101.003,-1
105.295,2.409507,204.6127,84.53772,239.9961,101.0139,-1
105.295,2.409513,204.6127,84.52747,239.9968,101.0104,-1
105.295,2.40951,204.6127,84.53416,239.9387,100.9441,-1
105.295,2.40951,204.6127,84.53478,239.9168,100.9141,-1
105.295,2.409514,204.6127,84.52532,239.9461,100.9466,-1
105.295,2.409523,204.6127,84.51052,239.902,100.8994,-1
105.295,2.409523,204.6127,84.51073,239.8786,100.8721,-1
105.295,2.409527,204.6127,84.50638,239.7789,100.7737,-1
105.295,2.409528,204.6127,84.50257,239.8289,100.8244,-1
105.295,2.409529,204.6127,84.49943,239.8861,100.8888,-1
105.295,2.409525,204.6127,84.50881,239.8087,100.8113,-1
105.295,2.409535,204.6127,84.4879,239.9157,100.9193,-1
105.295,2.40953,204.6127,84.49747,239.9236,100.9262,-1
105.295,2.409529,204.6127,84.49943,239.86,100.8651,-1
105.295,2.409527,204.6127,84.5052,239.8323,100.834,-1
105.295,2.409536,204.6127,84.48694,239.8949,100.8968,-1
105.295,2.409535,204.6127,84.48811,239.9002,100.9028,-1
105.295,2.409552,204.6127,84.45734,239.9364,100.9405,-1
105.295,2.409539,204.6127,84.48253,239.7915,100.8034,-1
105.295,2.409544,204.6127,84.47302,239.8876,100.8991,-1
105.295,2.409528,204.6127,84.49982,240.0065,101.0174,-1
105.295,2.409518,204.6127,84.51595,240.0756,101.0855,-1
105.295,2.409506,204.6127,84.5346,240.2414,101.2551,-1
105.295,2.409513,204.6127,84.52303,240.1944,101.212,-1
105.295,2.40952,204.6127,84.50941,240.2475,101.2702,-1
105.295,2.409517,204.6127,84.51735,240.1067,101.1379,-1
105.295,2.40952,204.6127,84.51216,240.0764,101.111,-1
105.295,2.409518,204.6127,84.51641,240.0782,101.113,-1
105.295,2.409515,204.6127,84.522,240.0715,101.1048,-1
105.295,2.409519,204.6127,84.51517,240.0438,101.0757,-1
105.295,2.409515,204.6127,84.52353,239.9295,100.9602,-1
105.295,2.409522,204.6127,84.51105,239.918,100.9488,-1
105.295,2.409525,204.6127,84.50645,239.8633,100.8908,-1
105.295,2.409526,204.6127,84.50503,239.8555,100.878,-1
105.295,2.409523,204.6127,84.51244,239.7984,100.8228,-1
105.295,2.409532,204.6127,84.49541,239.845,100.8743,-1
105.295,2.409531,204.6127,84.49541,239.8728,100.9052,-1
105.295,2.40953,204.6127,84.49815,239.8099,100.8493,-1
105.295,2.409523,204.6127,84.51366,239.7231,100.7732,-1
105.295,2.409524,204.6127,84.51002,239.8002,100.8527,-1
105.295,2.409518,204.6127,84.51913,239.8868,100.9424,-1
105.295,2.409523,204.6127,84.51021,239.9282,100.9926,-1
105.295,2.409532,204.6127,84.49234,239.9333,100.999,-1
105.295,2.40953,204.6127,84.49733,239.8742,100.9336,-1
105.295,2.409526,204.6127,84.50492,239.8636,100.9232,-1
105.295,2.409527,204.6127,84.50146,239.9006,100.9625,-1
105.295,2.409524,204.6127,84.508,239.8451,100.907,-1
105.295,2.409523,204.6127,84.50888,239.8695,100.9319,-1
105.295,2.409525,204.6127,84.50335,240.0115,101.0715,-1
105.295,2.409522,204.6127,84.5061,240.1623,101.2196,-1
105.295,2.409516,204.6127,84.51985,240.0704,101.1286,-1
105.295,2.409524,204.6127,84.50616,239.9724,101.0309,-1
105.295,2.409534,204.6127,84.4894,239.9402,100.9994,-1
105.295,2.409537,204.6127,84.48381,239.9129,100.9733,-1
105.295,2.409533,204.6127,84.49348,239.7974,100.862,-1
105.295,2.409537,204.6127,84.48509,239.827,100.8934,-1
105.295,2.409539,204.6127,84.48019,239.8951,100.9624,-1
105.295,2.409538,204.6127,84.48268,239.8403,100.9102,-1
105.295,2.409536,204.6127,84.4869,239.8337,100.9015,-1
105.295,2.409536,204.6127,84.48459,239.9232,100.9947,-1
105.295,2.409531,204.6127,84.49548,239.8897,100.9583,-1
105.295,2.409536,204.6127,84.48456,239.909,100.9805,-1
105.295,2.409534,204.6127,84.48872,239.9213,100.997,-1
105.295,2.409537,204.6127,84.48207,240.0213,101.0997,-1
105.295,2.40953,204.6127,84.49801,239.8535,100.9323,-1
105.295,2.409539,204.6127,84.47913,239.9733,101.0555,-1
105.295,2.409535,204.6127,84.48488,240.0454,101.1266,-1
105.295,2.409531,204.6127,84.49224,240.0539,101.1402,-1
105.295,2.409526,204.6127,84.50217,239.9882,101.0776,-1
105.295,2.409532,204.6127,84.49117,240.0022,101.0945,-1
105.295,2.409531,204.6127,84.49171,240.0102,101.1118,-1
105.295,2.409527,204.6127,84.50076,239.9655,101.0765,-1
105.295,2.40953,204.6127,84.49522,239.9075,101.0269,-1
105.2951,2.409537,204.6127,84.4819,239.9496,101.0728,-1
105.2951,2.409535,204.6127,84.48524,239.9536,101.0818,-1
105.2951,2.409534,204.6127,84.48669,239.9691,101.0957,-1
105.2951,2.409538,204.6127,84.47778,240.0257,101.1538,-1
105.2951,2.409537,204.6127,84.47962,240.0475,101.1775,-1
105.2951,2.409529,204.6127,84.49442,240.0306,101.161,-1
105.2951,2.409529,204.6127,84.49442,240.0306,101.161,-1
105.2951,2.409532,204.6127,84.48779,240.1031,101.2411,-1
105.2951,2.409528,204.6127,84.4953,240.0867,101.2322,-1
105.2951,2.409534,204.6127,84.4836,240.1666,101.3243,-1
105.2951,2.409519,204.6127,84.51138,240.0678,101.2316,-1
105.2951,2.409527,204.6127,84.49686,240.1149,101.2789,-1
105.2951,2.409528,204.6127,84.49402,240.1525,101.3149,-1
105.2951,2.409528,204.6127,84.49402,240.1525,101.3149,-1
105.2951,2.409528,204.6127,84.49402,240.1525,101.3149,-1
105.2951,2.409523,204.6127,84.50375,240.0594,101.2283,-1
105.2951,2.409529,204.6127,84.4927,240.1202,101.2924,-1
105.2951,2.409529,204.6127,84.49309,240.0715,101.2477,-1
105.2951,2.409534,204.6127,84.48563,240.0189,101.1953,-1
105.2951,2.409536,204.6127,84.4826,239.9008,101.0882,-1
105.2951,2.409536,204.6127,84.48217,239.916,101.1076,-1
105.2951,2.409545,204.6127,84.46792,239.8649,101.0529,-1
105.2951,2.40954,204.6127,84.47739,239.7942,100.9863,-1
105.2951,2.409544,204.6127,84.46998,239.8477,101.0452,-1
105.2951,2.409541,204.6126,84.47395,239.914,101.1143,-1
105.2951,2.409539,204.6126,84.47863,239.8782,101.0875,-1
105.2951,2.40954,204.6126,84.47404,239.928,101.1405,-1
105.2951,2.409546,204.6126,84.46179,240,101.2203,-1
105.2951,2.409545,204.6126,84.46505,239.9183,101.1492,-1
105.2951,2.409539,204.6126,84.47565,239.9067,101.1489,-1
105.2951,2.409544,204.6126,84.46749,239.9522,101.1989,-1
105.2951,2.409526,204.6126,84.50638,239.6002,100.8573,-1
105.2951,2.409544,204.6126,84.46887,239.7652,101.0276,-1
105.2951,2.409549,204.6126,84.45772,239.9169,101.1828,-1
105.2951,2.409543,204.6126,84.46352,240.2257,101.4971,-1
105.2951,2.409535,204.6126,84.48811,239.6637,100.9437,-1
105.2951,2.409539,204.6126,84.48002,239.6824,100.9691,-1
105.2951,2.409537,204.6126,84.48257,239.6873,100.9797,-1
105.2951,2.409537,204.6126,84.48377,239.7042,100.9982,-1
105.2951,2.409535,204.6126,84.48459,239.8026,101.1062,-1
105.2951,2.409538,204.6126,84.47799,239.8646,101.1701,-1
105.2951,2.409533,204.6126,84.48772,239.8808,101.1973,-1
105.2951,2.409533,204.6126,84.48517,239.9668,101.2964,-1
105.2951,2.409535,204.6126,84.48278,239.8959,101.2281,-1
105.2951,2.409533,204.6126,84.48825,239.8007,101.1324,-1
105.2951,2.409537,204.6126,84.48004,239.8486,101.1943,-1
105.2951,2.409539,204.6126,84.47646,239.8552,101.2071,-1
105.2951,2.409541,204.6126,84.47344,239.8102,101.1677,-1
105.2951,2.409541,204.6126,84.47384,239.7757,101.141,-1
105.2951,2.409543,204.6126,84.46816,239.8344,101.2028,-1
105.2951,2.40954,204.6126,84.47816,239.6424,101.0187,-1
105.2952,2.409544,204.6126,84.46682,239.7687,101.1526,-1
105.2952,2.409544,204.6126,84.46738,239.7381,101.1313,-1
105.2952,2.409546,204.6126,84.46162,239.8091,101.2158,-1
105.2952,2.409534,204.6126,84.48431,239.756,101.1665,-1
105.2952,2.409541,204.6125,84.47646,239.517,100.9375,-1
105.2952,2.409539,204.6125,84.47285,239.8889,101.3158,-1
105.2952,2.409549,204.6125,84.45525,239.8693,101.3027,-1
105.2952,2.409537,204.6125,84.48061,239.6946,101.131,-1
105.2952,2.40953,204.6125,84.49444,239.6411,101.08,-1
105.2952,2.409533,204.6125,84.48849,239.6357,101.089,-1
105.2952,2.409534,204.6125,84.48797,239.6102,101.0645,-1
105.2952,2.409532,204.6125,84.49184,239.5731,101.0338,-1
105.2952,2.409533,204.6125,84.49067,239.5576,101.0218,-1
105.2952,2.409535,204.6125,84.48473,239.6208,101.0883,-1
105.2952,2.409535,204.6125,84.48417,239.6893,101.1624,-1
105.2952,2.409541,204.6125,84.47189,239.7224,101.1953,-1
105.2952,2.409534,204.6125,84.48434,239.7108,101.1891,-1
105.2952,2.409535,204.6125,84.48537,239.614,101.0984,-1
105.2952,2.409537,204.6125,84.4804,239.6545,101.146,-1
105.2952,2.409542,204.6125,84.46965,239.7305,101.2315,-1
105.2952,2.409547,204.6125,84.45995,239.7302,101.2344,-1
105.2952,2.409542,204.6125,84.47224,239.6248,101.1361,-1
105.2952,2.409544,204.6125,84.46711,239.6446,101.166,-1
105.2952,2.409553,204.6125,84.44892,239.7793,101.3059,-1
105.2952,2.409554,204.6125,84.44437,239.8641,101.3951,-1
105.2952,2.409551,204.6125,84.45045,239.884,101.4157,-1
105.2952,2.409549,204.6125,84.45242,239.8952,101.424,-1
105.2952,2.409554,204.6125,84.44183,239.9465,101.4777,-1
105.2952,2.409557,204.6125,84.43902,239.8689,101.3999,-1
105.2952,2.409548,204.6125,84.45607,239.7861,101.32,-1
105.2952,2.40956,204.6125,84.43362,239.8613,101.4014,-1
105.2952,2.409562,204.6125,84.43166,239.7652,101.3126,-1
105.2952,2.40956,204.6125,84.43602,239.679,101.2334,-1
105.2952,2.40956,204.6125,84.43623,239.6647,101.2299,-1
105.2952,2.409558,204.6125,84.44096,239.6406,101.2163,-1
105.2952,2.409552,204.6125,84.45391,239.5285,101.1153,-1
105.2952,2.40955,204.6125,84.45727,239.4938,101.0901,-1
105.2952,2.409554,204.6125,84.452,239.4287,101.0332,-1
105.2952,2.409555,204.6125,84.44932,239.4455,101.061,-1
105.2952,2.409554,204.6125,84.45059,239.4114,101.0265,-1
105.2952,2.409559,204.6125,84.44215,239.4366,101.0579,-1
105.2952,2.409552,204.6125,84.45772,239.3003,100.9305,-1
105.2952,2.409561,204.6125,84.44036,239.2803,100.9169,-1
105.2952,2.409564,204.6125,84.43507,239.2644,100.9008,-1
105.2952,2.40956,204.6125,84.44402,239.1783,100.8133,-1
105.2952,2.40956,204.6125,84.44547,239.1705,100.8093,-1
105.2952,2.409564,204.6125,84.43736,239.2005,100.8443,-1
105.2952,2.409557,204.6125,84.44885,239.2164,100.8653,-1
105.2952,2.409559,204.6125,84.44437,239.3057,100.9577,-1
105.2952,2.40956,204.6125,84.44283,239.2866,100.9495,-1
105.2953,2.409551,204.6125,84.4597,239.2204,100.8928,-1
105.2953,2.409563,204.6125,84.43556,239.3303,101.0055,-1
105.2953,2.409561,204.6125,84.44,239.3039,100.9859,-1
105.2953,2.409558,204.6125,84.44522,239.298,100.9845,-1
105.2953,2.40956,204.6125,84.44057,239.3309,101.0234,-1
105.2953,2.409565,204.6125,84.42919,239.4186,101.1185,-1
105.2953,2.409562,204.6125,84.43708,239.299,101.0027,-1
105.2953,2.409563,204.6125,84.43359,239.3941,101.103,-1
105.2953,2.409559,204.6124,84.44099,239.3888,101.1036,-1
105.2953,2.40956,204.6124,84.44106,239.3048,101.0256,-1
105.2953,2.409556,204.6124,84.4483,239.2411,100.9734,-1
105.2953,2.409557,204.6124,84.44611,239.2327,100.9761,-1
105.2953,2.40956,204.6124,84.44188,239.184,100.9334,-1
105.2953,2.409555,204.6124,84.45222,239.1443,100.9009,-1
105.2953,2.409559,204.6124,84.44215,239.2446,101.0087,-1
105.2953,2.409561,204.6124,84.43894,239.2317,101.0079,-1
105.2953,2.409556,204.6124,84.44885,239.1757,100.9539,-1
105.2953,2.409559,204.6124,84.44424,239.1656,100.9559,-1
105.2953,2.409561,204.6124,84.44092,239.1598,100.9593,-1
105.2953,2.409552,204.6124,84.45539,239.1805,100.9803,-1
105.2953,2.409548,204.6124,84.46317,239.1674,100.9752,-1
105.2953,2.409549,204.6124,84.4613,239.2093,101.0263,-1
105.2953,2.409544,204.6124,84.47128,239.1459,100.9733,-1
105.2953,2.409543,204.6124,84.47289,239.129,100.9612,-1
105.2953,2.409553,204.6124,84.45451,239.183,101.0227,-1
105.2953,2.409547,204.6124,84.46682,239.0783,100.9276,-1
105.2953,2.409547,204.6124,84.466,239.0409,100.8945,-1
105.2953,2.409549,204.6124,84.46268,239.0962,100.9517,-1
105.2953,2.409547,204.6124,84.46565,239.1043,100.9665,-1
105.2953,2.409543,204.6124,84.47433,239.0471,100.9211,-1
105.2953,2.409553,204.6124,84.45525,239.0773,100.9492,-1
105.2953,2.409548,204.6124,84.46246,239.1137,100.9911,-1
105.2953,2.409544,204.6124,84.47153,239.095,100.9699,-1
105.2953,2.409551,204.6124,84.4579,239.101,100.9761,-1
105.2953,2.409547,204.6124,84.46561,239.0837,100.9603,-1
105.2953,2.409554,204.6124,84.45335,239.1151,100.9884,-1
105.2953,2.409557,204.6124,84.44685,239.0912,100.967,-1
105.2953,2.409556,204.6124,84.44949,239.0693,100.9577,-1
105.2953,2.409559,204.6124,84.44366,239.0802,100.9768,-1
105.2953,2.409556,204.6124,84.44822,239.0956,101.0071,-1
105.2953,2.409556,204.6124,84.44858,239.0271,100.9493,-1
105.2953,2.409557,204.6124,84.44807,238.9929,100.9174,-1
105.2953,2.40956,204.6124,84.44254,238.9854,100.9162,-1
105.2954,2.409571,204.6123,84.41911,239.1238,101.0632,-1
105.2954,2.40956,204.6123,84.44123,239.0633,101.0166,-1
105.2954,2.409558,204.6123,84.44462,239.0252,100.9823,-1
105.2954,2.409557,204.6123,84.44723,239.0214,100.9793,-1
105.2954,2.409562,204.6123,84.43751,239.0552,101.0221,-1
105.2954,2.409557,204.6123,84.44709,238.9811,100.9494,-1
105.2954,2.409562,204.6123,84.4386,238.9986,100.9714,-1
105.2954,2.409559,204.6123,84.44311,239.0467,101.0307,-1
105.2954,2.409556,204.6123,84.45042,238.8346,100.8365,-1
105.2954,2.409545,204.6123,84.47071,238.9091,100.9142,-1
105.2954,2.409547,204.6123,84.46611,238.9016,100.9089,-1
105.2954,2.409542,204.6123,84.47657,238.8521,100.8632,-1
105.2954,2.409551,204.6123,84.46126,238.7642,100.7825,-1
105.2954,2.409549,204.6123,84.46718,238.6804,100.7122,-1
105.2954,2.409548,204.6123,84.47142,238.5367,100.5775,-1
105.2954,2.409546,204.6123,84.47249,238.5992,100.6445,-1
105.2954,2.409547,204.6123,84.46721,238.7827,100.8298,-1
105.2954,2.409537,204.6123,84.48452,238.8779,100.9271,-1
105.2954,2.409534,204.6123,84.49053,238.8334,100.8916,-1
105.2954,2.409538,204.6123,84.48171,238.9507,101.0133,-1
105.2954,2.409542,204.6123,84.47498,238.8388,100.9063,-1
105.2954,2.409548,204.6123,84.46495,238.7982,100.8681,-1
105.2954,2.409552,204.6123,84.45694,238.8759,100.9559,-1
105.2954,2.409551,204.6123,84.45727,238.9112,100.9926,-1
105.2954,2.409547,204.6123,84.46622,238.8479,100.9323,-1
105.2954,2.409556,204.6123,84.44812,238.8947,100.9843,-1
105.2954,2.409554,204.6123,84.45292,238.9157,101.0092,-1
105.2954,2.40955,204.6123,84.45864,238.9083,101.0071,-1
105.2954,2.40955,204.6123,84.45924,238.8993,101.0041,-1
105.2954,2.409553,204.6123,84.45415,238.9128,101.0313,-1
105.2954,2.409546,204.6123,84.46706,238.8401,100.9657,-1
105.2954,2.409543,204.6123,84.4722,238.9115,101.0415,-1
105.2954,2.409544,204.6123,84.47029,238.8789,101.0149,-1
105.2954,2.409543,204.6123,84.47349,238.8459,100.9882,-1
105.2954,2.409544,204.6123,84.47182,238.8375,100.9806,-1
105.2954,2.409544,204.6123,84.47302,238.735,100.8787,-1
105.2954,2.409547,204.6123,84.46816,238.703,100.8523,-1
105.2954,2.409547,204.6123,84.4676,238.6445,100.8002,-1
105.2954,2.409549,204.6122,84.46473,238.6776,100.8393,-1
105.2954,2.409541,204.6122,84.47771,238.7304,100.9027,-1
105.2954,2.409535,204.6122,84.48872,238.6824,100.8581,-1
105.2954,2.409545,204.6122,84.47224,238.5806,100.7629,-1
105.2954,2.409544,204.6122,84.4722,238.7048,100.8931,-1
105.2954,2.409539,204.6122,84.48097,238.6933,100.8858,-1
105.2955,2.409535,204.6122,84.4873,238.7621,100.965,-1
105.2955,2.409537,204.6122,84.48303,238.8071,101.0141,-1
105.2955,2.409538,204.6122,84.48075,238.8322,101.0396,-1
105.2955,2.40954,204.6122,84.47703,238.8177,101.0305,-1
105.2955,2.409541,204.6122,84.47586,238.8011,101.0184,-1
105.2955,2.40954,204.6122,84.47671,238.8419,101.0702,-1
105.2955,2.409545,204.6122,84.4654,238.9397,101.1737,-1
105.2955,2.409552,204.6122,84.45327,238.9462,101.1833,-1
105.2955,2.409556,204.6122,84.44382,239.0017,101.2444,-1
105.2955,2.409561,204.6122,84.43587,238.9643,101.2117,-1
105.2955,2.409565,204.6122,84.42673,238.9795,101.2377,-1
105.2955,2.409563,204.6122,84.43226,238.9143,101.1796,-1
105.2955,2.409564,204.6122,84.43201,238.8571,101.1323,-1
105.2955,2.409565,204.6122,84.42898,238.8812,101.1669,-1
105.2955,2.409568,204.6122,84.4229,238.9115,101.2019,-1
105.2955,2.409568,204.6122,84.42342,238.8853,101.1847,-1
105.2955,2.409564,204.6122,84.43141,238.8557,101.1612,-1
105.2955,2.409555,204.6122,84.44695,238.8451,101.1538,-1
105.2955,2.40955,204.6122,84.45712,238.833,101.1474,-1
105.2955,2.409555,204.6122,84.44631,238.8672,101.1901,-1
105.2955,2.409547,204.6122,84.46201,238.7993,101.1268,-1
105.2955,2.409547,204.6122,84.46359,238.7486,101.0802,-1
105.2955,2.409549,204.6122,84.45942,238.6868,101.0296,-1
105.2955,2.409549,204.6122,84.46041,238.6489,100.9909,-1
105.2955,2.40955,204.6122,84.45861,238.6921,101.0362,-1
105.2955,2.409559,204.6122,84.44078,238.7558,101.1064,-1
105.2955,2.409554,204.6122,84.44975,238.7591,101.1261,-1
105.2955,2.409548,204.6122,84.46027,238.7827,101.1567,-1
105.2955,2.409551,204.6122,84.45582,238.7525,101.1328,-1
105.2955,2.409553,204.6122,84.45052,238.7719,101.1686,-1
105.2955,2.409551,204.6122,84.45306,238.8032,101.2068,-1
105.2955,2.409553,204.6122,84.45126,238.7521,101.1599,-1
105.2955,2.409552,204.6122,84.4526,238.7942,101.2102,-1
105.2955,2.409543,204.6122,84.46926,238.7637,101.1929,-1
105.2955,2.40954,204.6122,84.47593,238.652,101.0904,-1
105.2955,2.409547,204.6122,84.46208,238.7086,101.1586,-1
105.2955,2.409546,204.6121,84.46257,238.7789,101.235,-1
105.2955,2.409545,204.6121,84.46395,238.7834,101.2437,-1
105.2955,2.409544,204.6121,84.46544,238.7303,101.1976,-1
105.2956,2.409547,204.6121,84.45999,238.7236,101.1981,-1
105.2956,2.409542,204.6121,84.46998,238.7153,101.1977,-1
105.2956,2.409546,204.6121,84.46352,238.6913,101.1803,-1
105.2956,2.409548,204.6121,84.4603,238.6295,101.1284,-1
105.2956,2.409549,204.6121,84.45832,238.627,101.1259,-1
105.2956,2.40955,204.6121,84.45747,238.593,101.0944,-1
105.2956,2.409555,204.6121,84.44839,238.5712,101.0788,-1
105.2956,2.409558,204.6121,84.4417,238.6084,101.1208,-1
105.2956,2.409554,204.6121,84.44904,238.6747,101.1917,-1
105.2956,2.409555,204.6121,84.44553,238.732,101.2514,-1
105.2956,2.409555,204.6121,84.44357,238.7626,101.2865,-1
105.2956,2.409545,204.6121,84.46417,238.7247,101.2583,-1
105.2956,2.409546,204.6121,84.46296,238.6803,101.2224,-1
105.2956,2.409544,204.6121,84.46668,238.6546,101.2027,-1
105.2956,2.409552,204.6121,84.45052,238.686,101.238,-1
105.2956,2.409523,204.6121,84.50578,238.5618,101.1133,-1
105.2956,2.409539,204.6121,84.47167,238.8408,101.3979,-1
105.2956,2.409536,204.6121,84.47622,238.9134,101.4695,-1
105.2956,2.409556,204.6121,84.44431,238.6058,101.168,-1
105.2956,2.409557,204.6121,84.44247,238.6203,101.1841,-1
105.2956,2.409563,204.6121,84.4343,238.4743,101.0493,-1
105.2956,2.409542,204.6121,84.46809,238.7301,101.311,-1
105.2956,2.409554,204.6121,84.44534,238.7305,101.3159,-1
105.2956,2.409556,204.6121,84.44776,238.4794,101.063,-1
105.2956,2.409555,204.6121,84.45197,238.3298,100.9215,-1
105.2956,2.409561,204.6121,84.44,238.3611,100.9605,-1
105.2956,2.409564,204.6121,84.43521,238.2818,100.8882,-1
105.2956,2.409562,204.6121,84.44004,238.2184,100.8274,-1
105.2956,2.409555,204.6121,84.45497,238.0928,100.6995,-1
105.2956,2.409571,204.6121,84.42448,238.2271,100.8368,-1
105.2956,2.409574,204.6121,84.41679,238.3075,100.9188,-1
105.2956,2.409574,204.6121,84.42005,238.173,100.7855,-1
105.2956,2.409575,204.6121,84.41812,238.2084,100.824,-1
105.2956,2.40957,204.6121,84.42655,238.2045,100.8225,-1
105.2956,2.409564,204.6121,84.43655,238.2068,100.824,-1
105.2956,2.409575,204.6121,84.4158,238.3235,100.9434,-1
105.2956,2.409565,204.6121,84.43345,238.306,100.9275,-1
105.2956,2.409554,204.6121,84.45351,238.3361,100.9571,-1
105.2956,2.409555,204.6121,84.4509,238.2857,100.9068,-1
105.2956,2.409563,204.6121,84.438,238.2921,100.9155,-1
105.2956,2.40955,204.6121,84.46243,238.2163,100.8433,-1
105.2956,2.409552,204.6121,84.45837,238.2309,100.8596,-1
105.2956,2.409552,204.6121,84.45752,238.2829,100.9179,-1
105.2956,2.409551,204.6121,84.45956,238.2433,100.8841,-1
105.2956,2.409545,204.6121,84.47011,238.2672,100.9117,-1
105.2956,2.409546,204.6121,84.46796,238.2962,100.9466,-1
105.2956,2.409545,204.6121,84.46983,238.2528,100.9046,-1
105.2956,2.409545,204.6121,84.47057,238.2095,100.8582,-1
105.2956,2.409551,204.6121,84.45908,238.2797,100.9321,-1
105.2956,2.409555,204.6121,84.44975,238.3973,101.05,-1
105.2956,2.409552,204.6121,84.45483,238.3945,101.0423,-1
105.2956,2.409555,204.6121,84.44917,238.3824,101.0404,-1
105.2956,2.409554,204.6121,84.44952,238.4362,101.0997,-1
105.2956,2.409547,204.6121,84.46204,238.4794,101.1501,-1
105.2956,2.409542,204.6121,84.47266,238.4396,101.1119,-1
105.2956,2.409552,204.612,84.45299,238.5108,101.1949,-1
105.2956,2.409549,204.612,84.4572,238.4891,101.1808,-1
105.2956,2.409544,204.612,84.46926,238.3881,101.0825,-1
105.2956,2.409546,204.612,84.46434,238.3855,101.0767,-1
105.2956,2.409551,204.612,84.45667,238.3527,101.0468,-1
105.2956,2.409482,204.612,84.59618,237.5697,100.2726,-1
105.2956,2.409531,204.612,84.49124,238.4259,101.1341,-1
105.2956,2.409539,204.612,84.47614,238.4167,101.1285,-1
105.2956,2.409537,204.612,84.48388,238.2586,100.9684,-1
105.2956,2.409554,204.612,84.4526,238.302,101.0131,-1
105.2956,2.409554,204.612,84.45267,238.2607,100.9751,-1
105.2956,2.409551,204.612,84.45723,238.3231,101.0392,-1
105.2956,2.409548,204.612,84.46172,238.351,101.0739,-1
105.2956,2.409549,204.612,84.45999,238.3779,101.1047,-1
105.2957,2.409545,204.612,84.46678,238.3812,101.1141,-1
105.2957,2.409542,204.612,84.47086,238.3919,101.1337,-1
105.2957,2.409547,204.612,84.46239,238.3733,101.12,-1
105.2957,2.409555,204.612,84.44685,238.3861,101.1377,-1
105.2957,2.40955,204.612,84.45712,238.3704,101.1192,-1
105.2957,2.409543,204.612,84.467,238.53,101.289,-1
105.2957,2.409544,204.612,84.46281,238.5738,101.3358,-1
105.2957,2.409542,204.612,84.46933,238.5189,101.2766,-1
105.2957,2.409552,204.612,84.44949,238.5673,101.3268,-1
105.2957,2.409555,204.612,84.44331,238.5904,101.3514,-1
105.2957,2.409551,204.612,84.45101,238.6335,101.3943,-1
105.2957,2.409556,204.612,84.44043,238.62,101.3894,-1
105.2957,2.409563,204.612,84.42771,238.6347,101.4079,-1
105.2957,2.409556,204.612,84.44028,238.5839,101.3601,-1
105.2957,2.409551,204.612,84.4519,238.5503,101.3303,-1
105.2957,2.409544,204.612,84.4631,238.5364,101.3205,-1
105.2957,2.40954,204.612,84.47111,238.5458,101.328,-1
105.2957,2.409539,204.612,84.47271,238.5652,101.3485,-1
105.2957,2.409536,204.612,84.4798,238.5005,101.2869,-1
105.2957,2.409537,204.612,84.47728,238.4857,101.2715,-1
105.2957,2.409538,204.612,84.47834,238.3926,101.182,-1
105.2957,2.409539,204.612,84.47466,238.457,101.2514,-1
105.2957,2.40954,204.612,84.47218,238.4605,101.2582,-1
105.2957,2.40954,204.612,84.47451,238.3875,101.185,-1
105.2957,2.409544,204.612,84.46615,238.387,101.1866,-1
105.2957,2.409546,204.612,84.46317,238.3486,101.1529,-1
105.2957,2.409549,204.612,84.45759,238.3737,101.1785,-1
105.2957,2.409544,204.612,84.46706,238.3258,101.136,-1
105.2957,2.40955,204.612,84.4544,238.4354,101.248,-1
105.2957,2.409549,204.612,84.45599,238.42,101.2369,-1
105.2957,2.409551,204.612,84.45299,238.4241,101.2397,-1
105.2957,2.409556,204.612,84.44395,238.4315,101.2517,-1
105.2957,2.409548,204.612,84.45472,238.6263,101.4469,-1
105.2957,2.409533,204.612,84.48303,238.6132,101.4356,-1
105.2957,2.409545,204.612,84.45744,238.7226,101.5455,-1
105.2957,2.409544,204.612,84.4608,238.6442,101.4618,-1
105.2957,2.409549,204.612,84.45387,238.4942,101.3175,-1
105.2957,2.409553,204.612,84.45112,238.3582,101.1796,-1
105.2957,2.409563,204.612,84.43366,238.3246,101.1498,-1
105.2957,2.409568,204.612,84.42051,238.485,101.308,-1
105.2957,2.409561,204.612,84.43387,238.4891,101.3154,-1
105.2957,2.409556,204.612,84.44268,238.4356,101.2584,-1
105.2957,2.409554,204.612,84.44805,238.4337,101.2542,-1
105.2957,2.409564,204.612,84.42947,238.456,101.2752,-1
105.2957,2.409564,204.612,84.42641,238.5532,101.3795,-1
105.2957,2.409562,204.612,84.43172,238.4796,101.3062,-1
105.2957,2.409556,204.612,84.44286,238.4063,101.2334,-1
105.2957,2.40956,204.612,84.43637,238.4593,101.2853,-1
105.2957,2.409551,204.612,84.45182,238.4409,101.2708,-1
105.2957,2.409547,204.612,84.45992,238.412,101.2389,-1
105.2957,2.409549,204.612,84.45645,238.399,101.2283,-1
105.2957,2.409551,204.612,84.45483,238.3239,101.1506,-1
105.2957,2.409555,204.612,84.44819,238.2649,101.0936,-1
105.2957,2.409559,204.612,84.44057,238.2419,101.063,-1
105.2957,2.40956,204.612,84.44014,238.2343,101.0564,-1
105.2957,2.40956,204.612,84.43951,238.2351,101.055,-1
105.2957,2.409565,204.612,84.42852,238.2976,101.1174,-1
105.2957,2.409565,204.612,84.42895,238.3131,101.1354,-1
105.2957,2.409559,204.612,84.44273,238.2361,101.0554,-1
105.2957,2.409557,204.612,84.44663,238.1948,101.0189,-1
105.2957,2.409556,204.612,84.44875,238.1587,100.9845,-1
105.2957,2.40955,204.612,84.45896,238.1537,100.9816,-1
105.2957,2.409555,204.612,84.44826,238.2527,101.0766,-1
105.2957,2.409554,204.612,84.45061,238.2758,101.1011,-1
105.2957,2.409549,204.612,84.45832,238.3261,101.1483,-1
105.2957,2.409544,204.612,84.46573,238.3575,101.1873,-1
105.2957,2.409544,204.612,84.4647,238.4406,101.2674,-1
105.2957,2.409537,204.612,84.4771,238.4727,101.3042,-1
105.2957,2.409539,204.612,84.47402,238.4686,101.2983,-1
105.2957,2.40954,204.612,84.47295,238.4312,101.2617,-1
105.2957,2.409541,204.612,84.471,238.4089,101.2435,-1
105.2957,2.409544,204.612,84.46675,238.3857,101.215,-1
105.2957,2.409545,204.612,84.46445,238.3625,101.1907,-1
105.2957,2.409549,204.612,84.45531,238.4422,101.2651,-1
105.2957,2.409541,204.612,84.46941,238.4829,101.309,-1
105.2957,2.40954,204.612,84.4705,238.5574,101.3857,-1
105.2957,2.409546,204.612,84.45652,238.6366,101.4678,-1
105.2957,2.409536,204.612,84.47653,238.6213,101.4558,-1
105.2957,2.40954,204.612,84.4682,238.6896,101.5236,-1
105.2957,2.409535,204.612,84.47536,238.7505,101.5816,-1
105.2957,2.409535,204.612,84.47554,238.7355,101.5688,-1
105.2957,2.409518,204.612,84.50945,238.6174,101.4518,-1
105.2957,2.409537,204.612,84.47174,238.7696,101.6016,-1
105.2957,2.409533,204.612,84.48065,238.669,101.502,-1
105.2957,2.409531,204.612,84.48573,238.5861,101.4209,-1
105.2957,2.409538,204.612,84.47444,238.5816,101.4074,-1
105.2957,2.409535,204.612,84.47849,238.5818,101.406,-1
105.2957,2.409535,204.612,84.47941,238.579,101.3942,-1
105.2957,2.40954,204.612,84.4692,238.6212,101.4309,-1
105.2957,2.409538,204.612,84.47124,238.6754,101.4827,-1
105.2957,2.409527,204.612,84.49377,238.6133,101.4076,-1
105.2957,2.409521,204.612,84.50607,238.5589,101.354,-1
105.2957,2.40953,204.612,84.48647,238.6624,101.4552,-1
105.2957,2.40953,204.612,84.4868,238.627,101.4223,-1
105.2957,2.409526,204.612,84.49448,238.6516,101.4419,-1
105.2957,2.409526,204.612,84.49331,238.6984,101.4883,-1
105.2957,2.40953,204.612,84.48541,238.7668,101.5547,-1
105.2957,2.409527,204.612,84.49171,238.717,101.5088,-1
105.2957,2.409524,204.612,84.4969,238.6745,101.4706,-1
105.2957,2.409553,204.612,84.43233,239.3194,102.1167,-1
105.2957,2.409539,204.612,84.47096,238.6445,101.4406,-1
105.2957,2.409538,204.612,84.47218,238.6601,101.4507,-1
105.2957,2.409527,204.612,84.49209,238.6817,101.4681,-1
105.2957,2.409526,204.612,84.48701,239.0043,101.7955,-1
105.2957,2.409515,204.612,84.5092,238.9312,101.7184,-1
105.2957,2.409523,204.612,84.49455,238.9091,101.693,-1
105.2957,2.409525,204.612,84.49028,238.9556,101.737,-1
105.2957,2.409522,204.612,84.4959,238.9535,101.7333,-1
105.2957,2.409524,204.612,84.4937,238.9069,101.6885,-1
105.2957,2.409528,204.612,84.48769,238.847,101.6293,-1
105.2957,2.409539,204.612,84.46651,238.8487,101.6304,-1
105.2957,2.409538,204.612,84.47005,238.7816,101.5651,-1
105.2957,2.409548,204.612,84.45168,238.7932,101.5705,-1
105.2957,2.409548,204.612,84.45238,238.7353,101.506,-1
105.2957,2.409546,204.612,84.45667,238.7045,101.4705,-1
105.2957,2.409556,204.612,84.43789,238.8081,101.5672,-1
105.2957,2.409548,204.612,84.45249,238.7496,101.5006,-1
105.2957,2.409549,204.612,84.45249,238.6709,101.4227,-1
105.2957,2.409552,204.612,84.44624,238.7183,101.4616,-1
105.2957,2.409554,204.612,84.44135,238.7587,101.5008,-1
105.2957,2.409551,204.612,84.45035,238.667,101.4079,-1
105.2957,2.409549,204.612,84.45394,238.6724,101.4085,-1
105.2957,2.409542,204.612,84.46434,238.733,101.4614,-1
105.2957,2.409544,204.612,84.46041,238.7389,101.4676,-1
105.2956,2.409544,204.612,84.46162,238.7597,101.4835,-1
105.2957,2.409544,204.612,84.46098,238.7419,101.4696,-1
105.2957,2.409543,204.612,84.46442,238.6999,101.4288,-1
105.2956,2.409539,204.612,84.47076,238.7386,101.462,-1
105.2956,2.409542,204.612,84.46424,238.7623,101.4836,-1
105.2956,2.40955,204.612,84.44807,238.8377,101.5574,-1
105.2956,2.409545,204.612,84.45762,238.8224,101.5372,-1
105.2956,2.409545,204.612,84.45908,238.7479,101.4592,-1
105.2956,2.409548,204.612,84.45589,238.6879,101.3958,-1
105.2956,2.409547,204.612,84.45702,238.6835,101.3888,-1
105.2956,2.409552,204.612,84.44643,238.776,101.4805,-1
105.2956,2.409555,204.612,84.44004,238.7901,101.5011,-1
105.2956,2.409547,204.612,84.45599,238.7452,101.4522,-1
105.2956,2.40955,204.612,84.44949,238.8326,101.5321,-1
105.2956,2.409549,204.612,84.44988,238.8486,101.5418,-1
105.2956,2.409553,204.612,84.44162,238.9149,101.6021,-1
105.2956,2.409546,204.612,84.45681,238.7805,101.461,-1
105.2956,2.409548,204.612,84.45461,238.7788,101.4605,-1
105.2956,2.409551,204.612,84.44981,238.768,101.4434,-1
105.2956,2.409546,204.6121,84.45992,238.6865,101.3591,-1
105.2956,2.409536,204.6121,84.48048,238.5544,101.2197,-1
105.2956,2.40954,204.6121,84.47164,238.6679,101.3291,-1
105.2956,2.409545,204.6121,84.45892,238.82,101.4767,-1
105.2956,2.409534,204.6121,84.47863,238.8075,101.4641,-1
105.2956,2.409537,204.6121,84.47458,238.7977,101.4592,-1
105.2956,2.409535,204.6121,84.47813,238.8049,101.4659,-1
105.2956,2.409532,204.6121,84.4836,238.8355,101.4902,-1
105.2956,2.409524,204.6121,84.49733,238.8228,101.4783,-1
105.2956,2.409535,204.6121,84.47558,238.9187,101.5733,-1
105.2956,2.409538,204.6121,84.46991,238.9256,101.5763,-1
105.2956,2.409525,204.6121,84.49612,238.8483,101.4974,-1
105.2956,2.409536,204.6121,84.47376,238.9341,101.5818,-1
105.2956,2.40953,204.6121,84.48623,238.8571,101.497,-1
105.2956,2.409527,204.6121,84.49309,238.8364,101.4784,-1
105.2956,2.409536,204.6121,84.47415,238.9258,101.5629,-1
105.2956,2.40954,204.6121,84.46587,238.9565,101.5931,-1
105.2956,2.409534,204.6121,84.47813,238.9278,101.5639,-1
105.2956,2.409544,204.6121,84.46133,238.8321,101.4716,-1
105.2956,2.40955,204.6121,84.45059,238.8566,101.4954,-1
105.2956,2.409536,204.6121,84.47402,238.8937,101.5374,-1
105.2956,2.40953,204.6121,84.48341,239.0348,101.6779,-1
105.2956,2.409536,204.6121,84.47249,239.035,101.672,-1
105.2956,2.409531,204.6121,84.48126,239.0111,101.6503,-1
105.2956,2.409522,204.6121,84.50004,238.9568,101.5934,-1
105.2956,2.409533,204.6121,84.47756,239.0511,101.6785,-1
105.2956,2.409528,204.6121,84.48797,238.9375,101.5598,-1
105.2956,2.409528,204.6121,84.48759,238.9854,101.6087,-1
105.2956,2.409523,204.6121,84.49943,238.8723,101.4939,-1
105.2956,2.409523,204.6121,84.50179,238.7831,101.3992,-1
105.2956,2.409528,204.6121,84.49156,238.839,101.455,-1
105.2956,2.409522,204.6121,84.50264,238.8668,101.4795,-1
105.2956,2.40952,204.6121,84.50481,238.9315,101.5422,-1
105.2956,2.409523,204.6121,84.49559,239.0488,101.6524,-1
105.2956,2.409516,204.6121,84.51038,238.9722,101.5748,-1
105.2956,2.409532,204.6121,84.47997,239.0901,101.6896,-1
105.2956,2.409531,204.6121,84.48044,239.0948,101.6929,-1
105.2956,2.409532,204.6121,84.4781,239.1111,101.7044,-1
105.2956,2.40954,204.6121,84.46573,238.9799,101.5756,-1
105.2956,2.409551,204.6121,84.44254,239.1413,101.7372,-1
105.2956,2.40954,204.6121,84.46288,239.138,101.7318,-1
105.2956,2.409543,204.6121,84.45857,239.1596,101.7522,-1
105.2956,2.409551,204.6121,84.4419,239.2216,101.8063,-1
105.2956,2.409558,204.6121,84.42891,239.2219,101.7987,-1
105.2956,2.409553,204.6121,84.44116,239.1239,101.6983,-1
105.2956,2.409556,204.6121,84.43637,239.0586,101.6236,-1
105.2956,2.409553,204.6121,84.44363,239.0264,101.586,-1
105.2956,2.409551,204.6121,84.44677,239.0217,101.5755,-1
105.2956,2.409549,204.6121,84.44826,239.1467,101.6962,-1
105.2956,2.409548,204.6121,84.44805,239.2037,101.7468,-1
105.2956,2.409542,204.6121,84.46112,239.148,101.6855,-1
105.2956,2.409542,204.6121,84.46204,239.0931,101.6246,-1
105.2956,2.409531,204.6121,84.48026,239.165,101.6897,-1
105.2956,2.409526,204.6121,84.48975,239.1755,101.7038,-1
105.2956,2.409529,204.6121,84.4819,239.328,101.8496,-1
105.2956,2.409532,204.6121,84.47849,239.1545,101.6661,-1
105.2956,2.409541,204.6121,84.4647,239.0431,101.5465,-1
105.2956,2.409542,204.6121,84.46332,239.077,101.5739,-1
105.2956,2.40955,204.6121,84.44727,239.1223,101.6122,-1
105.2956,2.409526,204.6121,84.48761,239.2826,101.7741,-1
105.2955,2.409477,204.6121,84.61595,237.162,99.63414,-1
105.2955,2.409439,204.6121,84.66494,238.4717,100.9404,-1
105.2955,2.409378,204.6121,84.797,237.2341,99.69582,-1
105.2955,2.409394,204.6121,84.7594,237.7279,100.1828,-1
105.2955,2.409451,204.6121,84.62797,239.1871,101.6448,-1
105.2955,2.409441,204.6121,84.65398,238.8711,101.3272,-1
105.2955,2.409451,204.6121,84.63799,238.6751,101.1236,-1
105.2955,2.409447,204.6122,84.64442,238.7955,101.229,-1
105.2955,2.409471,204.6122,84.59543,239.0314,101.4618,-1
105.2955,2.409469,204.6122,84.60207,238.9191,101.3512,-1
105.2955,2.409295,204.6122,84.9056,239.8529,102.1619,-1
105.3016,2.399691,204.6077,69.69263,87.70514,322.0748,-1
105.3289,2.397835,204.6045,64.93705,34.2825,320.1701,-1
105.3301,2.398201,204.6048,74.61324,350.9991,281.6526,-1
105.3458,2.408225,204.6163,25.79134,34.46822,3.398834,-1
105.3451,2.40553,204.6152,31.96787,34.20303,357.916,-1
105.3392,2.408996,204.6089,21.22052,52.55377,4.766582,-1
105.3415,2.404637,204.611,32.18129,43.10049,356.0204,-1
105.3501,2.406661,204.6258,30.44744,14.39249,0.2995025,-1
105.3491,2.404585,204.6228,30.99997,17.71493,355.9612,-1
105.3493,2.405956,204.6232,16.94245,18.69217,358.9494,-1
105.3498,2.404849,204.625,4.188475,15.42774,357.0033,-1
105.3498,2.404698,204.625,19.1417,14.62588,356.5505,-1
105.35,2.40399,204.6259,18.46332,12.66743,355.2244,-1
105.3505,2.404184,204.6286,14.96955,8.043038,355.6723,-1
105.3508,2.404932,204.6305,14.77515,4.862427,357.0636,-1
105.3509,2.405904,204.6304,20.11472,5.422346,358.8308,-1
105.3509,2.406743,204.6307,20.31802,5.488581,0.4313297,-1
105.3509,2.405653,204.6312,16.10973,3.980931,358.3882,-1
105.351,2.405718,204.6326,12.75005,1.628711,358.5327,-1
105.351,2.406261,204.6346,-0.002169688,358.3035,359.5417,-1
105.351,2.406208,204.6349,357.4919,357.8219,359.446,-1
105.351,2.406467,204.6356,1.652902,356.5257,359.9099,-1
105.351,2.406833,204.6358,5.149913,356.1928,0.5678226,-1
105.351,2.406688,204.6355,8.431349,356.7217,0.3104303,-1
105.351,2.406565,204.6357,6.978703,356.4573,0.08665783,-1
105.351,2.40637,204.6357,7.351825,356.296,359.735,-1
105.351,2.406681,204.636,8.985407,355.9415,0.2967091,-1
105.351,2.406874,204.6343,12.76575,359.063,0.6557937,-1
105.351,2.406409,204.6348,15.46006,357.9563,359.7994,-1
105.351,2.404483,204.6327,16.17285,0.6584881,356.2045,-1
105.351,2.406492,204.6322,17.75396,2.664247,359.9538,-1
105.351,2.40622,204.6336,1.325387,0.1576813,359.4677,-1
105.351,2.406474,204.6344,354.0979,358.7185,359.922,-1
105.351,2.406435,204.6337,355.0798,0.02378104,359.8529,-1
105.351,2.40686,204.6339,358.0627,359.5978,0.6146187,-1
105.351,2.406932,204.6349,359.2372,357.8334,0.7436478,-1
105.3509,2.406507,204.6366,359.4468,354.6586,359.9827,-1
105.3508,2.40573,204.6372,0.4807099,353.5483,358.5913,-1
105.3508,2.406053,204.6371,1.041048,353.74,359.1691,-1
105.3509,2.406218,204.6367,1.735462,354.5687,359.4644,-1
105.3509,2.405949,204.6365,2.553896,354.776,358.9818,-1
105.3509,2.406007,204.6363,2.861171,355.1782,359.085,-1
105.3509,2.406099,204.6364,2.810382,354.9462,359.2505,-1
105.3509,2.405884,204.6365,2.951464,354.886,358.864,-1
105.3509,2.406374,204.6366,2.396602,354.6888,359.7446,-1
105.3509,2.406373,204.6363,3.052651,355.3037,359.7406,-1
105.3509,2.406159,204.6363,3.112662,355.3206,359.3587,-1
105.3509,2.406065,204.6363,3.930459,355.1685,359.1884,-1
105.3509,2.406239,204.6367,0.2476325,354.4654,359.5013,-1
105.3507,2.406336,204.638,358.5082,352.153,359.6761,-1
105.3505,2.406544,204.6396,357.9819,349.2797,0.04769713,-1
105.3503,2.406661,204.6406,356.7793,347.5294,0.2581201,-1
105.3501,2.406901,204.6411,355.9957,346.4754,0.6889517,-1
105.3501,2.40632,204.6414,355.9387,345.96,359.6465,-1
105.3503,2.406693,204.6406,356.4066,347.4482,0.3147649,-1
105.35,2.406423,204.6417,357.1426,345.4269,359.831,-1
105.3497,2.406265,204.6427,356.2581,343.5821,359.5476,-1
105.3497,2.406658,204.6426,354.882,343.657,0.2528463,-1
105.3498,2.40665,204.6424,355.2346,344.1195,0.2378601,-1
105.3499,2.406739,204.6419,355.8468,344.9811,0.3984895,-1
105.35,2.406729,204.6419,356.0699,345.0907,0.381164,-1
105.35,2.406536,204.6417,356.5629,345.4014,0.03440908,-1
105.35,2.40654,204.6418,356.2958,345.2383,0.04138389,-1
105.35,2.406552,204.6417,356.4277,345.4066,0.06260083,-1
105.3501,2.406421,204.6414,356.8046,346.0721,359.8283,-1
105.3501,2.406414,204.6412,356.8435,346.3931,359.8151,-1
105.3501,2.406271,204.6413,357.1885,346.2721,359.5593,-1
105.3501,2.406066,204.6412,357.6254,346.3995,359.1913,-1
105.3502,2.405878,204.641,358.0794,346.779,358.8556,-1
105.3502,2.405892,204.641,358.2772,346.8479,358.8809,-1
105.3502,2.406057,204.6411,358.5221,346.6087,359.1758,-1
105.3499,2.405843,204.6421,359.7505,344.7277,358.7932,-1
105.3499,2.405899,204.642,359.2286,344.9495,358.8931,-1
105.3501,2.405727,204.6414,358.1483,346.0995,358.5851,-1
105.3501,2.405667,204.6412,357.5087,346.3407,358.477,-1
105.3502,2.405853,204.641,356.6926,346.7617,358.8094,-1
105.3502,2.405844,204.6409,357.3293,346.9445,358.7942,-1
105.3502,2.405849,204.6407,356.6903,347.2864,358.8022,-1
105.3503,2.405893,204.6405,355.4813,347.6861,358.8798,-1
105.3505,2.405406,204.6395,356.713,349.5282,358.0074,-1
105.3505,2.405324,204.6393,356.9664,349.9637,357.8596,-1
105.3505,2.405428,204.6396,357.0124,349.4147,358.0473,-1
105.3504,2.405715,204.6399,359.4078,348.8481,358.5638,-1
105.3504,2.405724,204.6401,357.729,348.4048,358.5787,-1
105.3504,2.405784,204.6402,357.8208,348.3295,358.6867,-1
105.3504,2.405743,204.6401,357.9905,348.453,358.6135,-1
105.3504,2.405772,204.6401,357.9887,348.4826,358.6647,-1
105.3504,2.405791,204.6401,359.9885,348.3829,358.6994,-1
105.3503,2.405699,204.6403,358.1308,348.0904,358.535,-1
105.3503,2.405847,204.6404,358.0937,347.7791,358.8003,-1
105.3503,2.405764,204.6404,358.3017,347.9793,358.6505,-1
105.3503,2.405791,204.6403,358.2522,348.0616,358.6989,-1
105.3503,2.405873,204.6404,358.2545,347.9613,358.8472,-1
105.3503,2.405885,204.6404,358.3293,347.9531,358.867,-1
105.3503,2.405921,204.6403,358.2186,348.0153,358.9315,-1
105.3503,2.405987,204.6404,358.0826,347.8147,359.0509,-1
105.3503,2.40601,204.6404,358.1574,347.88,359.0915,-1
105.3503,2.405972,204.6404,358.2215,347.9555,359.0232,-1
105.3503,2.405924,204.6403,358.2451,348.0963,358.9372,-1
105.3503,2.405888,204.6402,358.2438,348.241,358.8726,-1
105.3504,2.405899,204.6402,358.168,348.31,358.8919,-1
105.3504,2.40591,204.64,358.1614,348.5071,358.9129,-1
105.3504,2.405941,204.64,358.282,348.6631,358.9683,-1
105.3504,2.406007,204.64,358.126,348.6101,359.0864,-1
105.3504,2.406042,204.64,358.2109,348.6713,359.1487,-1
105.3504,2.405881,204.64,356.8819,348.704,358.8601,-1
105.3504,2.406025,204.6398,358.6212,348.9402,359.1181,-1
105.3504,2.406008,204.6397,358.6019,349.1083,359.0874,-1
105.3504,2.406005,204.6397,358.6478,349.0763,359.0828,-1
105.3504,2.406023,204.6397,358.4697,349.0802,359.1139,-1
105.3504,2.406031,204.6397,358.3898,349.0728,359.1286,-1
105.3504,2.406007,204.6397,358.4435,349.116,359.0862,-1
105.3504,2.406029,204.6397,358.1934,349.0894,359.1252,-1
105.3504,2.406042,204.6397,358.0337,349.1425,359.1493,-1
105.3505,2.406019,204.6397,358.2262,349.1788,359.1085,-1
105.3505,2.40595,204.6396,358.5739,349.2449,358.9836,-1
105.3505,2.405968,204.6396,358.7137,349.3681,359.0174,-1
105.3505,2.405972,204.6395,358.7586,349.466,359.0246,-1
105.3505,2.406002,204.6395,358.9424,349.5452,359.0778,-1
105.3505,2.405926,204.6394,359.1374,349.7377,358.9427,-1
105.3505,2.405893,204.6393,359.2602,349.8339,358.8827,-1
105.3505,2.405907,204.6393,359.256,349.9431,358.9071,-1
105.3505,2.405944,204.6392,359.3117,349.9866,358.9747,-1
174.1628,2.405963,311.0435,359.2965,349.9408,359.0085,-1
174.1628,2.406025,311.0434,359.1935,350.0948,359.12,-1
174.1628,2.40603,311.0434,359.1602,350.0858,359.1281,-1
174.1628,2.40606,311.0435,359.0488,349.975,359.1812,-1
174.1628,2.405875,311.0436,358.8184,349.6135,358.851,-1
174.1624,2.405675,311.0456,358.4525,346.1261,358.4914,-1
174.1584,2.404918,311.0549,357.6991,327.9818,357.1328,-1
174.1495,2.404814,311.0641,356.4734,304.913,356.9427,-1
174.1407,2.404894,311.0684,355.9437,287.3975,357.0861,-1
174.1462,2.405513,311.0662,357.7554,297.8104,358.1999,-1
174.1583,2.406564,311.055,358.5687,327.6504,0.08380019,-1
174.1633,2.407066,311.0364,358.9419,2.661346,0.9835767,-1
174.1313,1.031517,311.0379,0,140,0,exit0
174.1587,2.406853,311.0214,359.1459,31.04683,0.6016779,-1
174.1488,2.407363,311.0111,359.0133,56.81504,1.515493,-1
174.1356,2.408762,311.0063,359.312,82.14901,4.022968,-1
174.1231,2.409497,311.0071,359.0601,104.8187,5.344332,-1
174.1169,2.409128,311.0094,359.0894,116.6839,4.680976,-1
174.1109,2.408937,311.0133,359.3022,129.5928,4.336656,-1
174.1052,2.4076,311.0194,359.0148,144.7055,1.939824,-1
174.1031,2.406866,311.0227,359.9208,151.6515,0.6244648,-1
174.1017,2.406902,311.0258,356.8582,157.7808,0.6904212,-1
174.1011,2.406635,311.0273,357.3728,160.6869,0.2111373,-1
174.1008,2.407537,311.0282,354.3437,162.2564,1.835951,-1
174.1159,2.398749,310.9829,354.9471,161.4821,0.8893383,-1
174.4414,2.406619,310.0217,356.7689,160.8976,0.1835962,-1
174.9268,2.404903,308.6248,357.263,160.6284,0.222831,-1
175.4917,2.406596,307.0143,357.5085,160.7037,0.1415805,-1
176.0656,2.406601,305.377,358.0278,160.8172,0.1499378,-1
176.7114,2.406604,303.5177,358.0815,160.8741,0.1558257,-1
177.4112,2.405594,301.4993,358.0815,160.8741,0.1558257,-1
178.1214,2.406603,299.4453,358.3035,161.0924,0.1535828,-1
178.8203,2.406501,297.395,358.4665,161.4122,359.9706,-1
179.6076,2.406439,295.0654,358.6518,161.4846,359.8594,-1
180.3826,2.405702,292.744,358.6916,161.6178,359.7366,-1
181.1119,2.405692,290.5446,358.683,161.7152,359.7764,-1
181.8588,2.406479,288.2847,358.7759,161.6667,359.9313,-1
182.688,2.40649,285.7835,358.8161,161.6474,359.9511,-1
183.5185,2.398139,283.2842,358.8785,161.5434,0.01353278,-1
184.3152,2.406566,280.9172,358.8906,161.1581,0.08780706,-1
185.1528,2.406518,278.4688,358.7475,161.0703,0.002702386,-1
185.9522,2.406466,276.1375,358.6494,161.0173,359.9086,-1
186.7515,2.396557,273.8257,358.6281,160.594,0.0374975,-1
187.5038,2.405434,271.7036,358.132,160.3249,0.1252229,-1
188.2535,2.397632,269.6141,357.5231,160.2119,359.937,-1
188.9764,2.40489,267.6066,357.5168,160.1244,359.8656,-1
189.6992,2.406442,265.6083,357.5215,160.0909,359.8662,-1
190.3887,2.4043,263.706,357.7508,160.0744,359.881,-1
191.068,2.406412,261.83,357.6391,160.2926,359.8116,-1
191.7214,2.406441,260.0186,357.5259,159.9562,359.8635,-1
192.3645,2.406411,258.2743,356.8662,159.2426,0.05290888,-1
192.7472,1.031517,257.3581,0,140,0,enter1
192.7959,2.406446,257.1432,356.6837,158.106,359.8732,-1
192.8014,2.406416,257.1293,358.0035,151.3829,359.8191,-1
192.8102,2.40682,257.1191,358.8118,127.0677,0.5419735,-1
192.8191,2.407308,257.1144,357.4054,108.9273,1.41737,-1
192.8241,2.406303,257.1131,358.178,99.70237,359.6174,-1
192.8256,2.406262,257.1129,356.7911,97.00191,359.5421,-1
192.8228,2.407125,257.1134,356.5226,102.0001,1.090398,-1
192.8223,2.407469,257.1135,357.4866,103.0065,1.7058,-1
192.8226,2.407108,257.1134,356.8351,102.5158,1.059495,-1
192.8211,2.406337,257.1138,357.415,105.1788,359.6771,-1
192.82,2.406179,257.1141,358.336,107.3582,359.3954,-1
192.8199,2.406658,257.1141,357.2818,107.3978,0.2532709,-1
192.8295,1.031517,257.1447,0,140,0,exit1
192.871,2.406535,257.1009,357.4415,104.1423,0.03303406,-1
194.2136,2.399858,256.8007,357.3579,99.99234,359.5962,-1
195.7306,2.406088,256.5359,357.6239,99.77149,359.2318,-1
197.6953,2.406092,256.1961,357.6878,99.83644,359.2389,-1
199.5976,2.404615,255.8663,357.6878,99.83644,359.2389,-1
201.4277,2.406256,255.5456,358.0188,100.2964,359.5319,-1
203.2529,2.406184,255.2127,358.7804,100.4964,359.4035,-1
205.1675,2.396902,254.8572,359.2543,100.5561,359.229,-1
207.2448,2.406079,254.4704,359.3574,100.6005,359.2152,-1
209.2612,2.406173,254.0923,359.3703,100.5917,359.3846,-1
211.4035,2.406353,253.6976,359.1622,100.0531,359.7063,-1
213.4894,2.406441,253.3302,359.3626,99.81338,359.8643,-1
215.7209,2.404168,252.9459,359.3163,99.72703,359.8855,-1
217.8975,2.406468,252.5731,359.1146,99.76063,359.9126,-1
220.0097,2.406364,252.2078,359.1592,100.1468,359.7266,-1
222.2386,2.406249,251.8043,358.9365,100.7401,359.5206,-1
224.4444,2.406103,251.375,358.6105,101.5324,359.2588,-1
226.6086,2.403287,250.9299,358.4276,101.8405,359.184,-1
228.7466,2.40602,250.4787,358.523,102.0379,359.1091,-1
230.9532,2.404471,250.008,358.523,102.0379,359.1091,-1
233.3265,2.40602,249.5018,358.523,102.0379,359.1091,-1
235.779,2.405955,248.9718,358.3999,102.3672,358.994,-1
238.1719,2.405915,248.4463,358.4927,102.4224,358.9222,-1
240.5495,2.405646,247.9145,358.3333,103.0245,358.4401,-1
242.4707,2.3963,247.4639,357.3129,103.6811,357.9225,-1
244.4872,2.405151,246.9607,356.981,104.8972,357.5498,-1
246.3705,2.399786,246.4496,357.7865,105.6181,357.1807,-1
248.2268,2.405092,245.9348,358.8044,105.2494,357.4473,-1
250.0879,2.395921,245.4304,359.7455,104.9693,357.7285,-1
251.6679,2.40548,245.0111,359.2022,104.4513,358.1436,-1
252.646,1.031517,244.7933,0,140,0,enter2
252.7831,2.405782,244.7256,358.6265,103.7023,358.6833,-1
252.8094,2.406432,244.719,358.7002,100.2444,359.8487,-1
252.8158,2.406315,244.7185,357.4721,88.75255,359.6379,-1
252.8263,2.405965,244.7205,359.3203,69.54669,359.0121,-1
252.8366,2.405592,244.7268,359.9816,47.65756,358.343,-1
252.8442,2.406682,244.7372,0.02707096,24.62204,0.2946112,-1
252.8468,2.407095,244.7461,359.7016,7.837808,1.03563,-1
252.8469,2.406439,244.7542,359.963,353.3362,359.8609,-1
252.8464,2.407018,244.757,359.5975,348.3066,0.897603,-1
252.8458,2.407121,244.7596,0.2653069,343.4878,1.080658,-1
252.8459,2.407644,244.7591,1.747318,344.4457,2.018733,-1
252.846,2.407321,244.7589,1.700602,344.8522,1.440931,-1
252.8151,1.031517,244.7505,0,140,0,exit2
252.8464,2.407158,244.757,3.08557,348.2641,1.149461,-1
252.8466,2.407325,244.7558,3.420872,350.4741,1.449262,-1
252.7783,2.405136,245.1672,2.187352,350.5001,1.119352,-1
252.6713,2.406519,245.8368,1.878717,351.7986,0.7301975,-1
252.4958,2.406915,247.0607,2.082753,351.681,0.7140105,-1
252.2904,2.402682,248.4476,2.532243,351.4557,0.4621194,-1
252.0794,2.39755,249.8423,3.576123,351.3891,0.136435,-1
251.8291,2.406504,251.476,3.504887,351.0495,359.9767,-1
251.5343,2.406393,253.3611,3.33367,351.1257,359.7773,-1
251.2599,2.406236,255.1389,3.301681,351.36,359.4966,-1
250.9739,2.406196,257.0356,3.302875,351.4527,359.4236,-1
250.697,2.398329,258.882,3.208154,351.4336,359.3756,-1
250.4002,2.406151,260.856,3.265027,351.4076,359.3435,-1
250.1055,2.400645,262.8143,3.382842,351.4231,359.313,-1
249.813,2.396143,264.7526,3.384868,351.4947,359.3135,-1
249.5128,2.406243,266.7455,3.606962,351.405,359.5077,-1
249.1997,2.399151,268.8226,3.866989,351.6168,359.5103,-1
248.8817,2.406256,270.9883,4.048057,351.7213,359.5319,-1
248.5768,2.397899,273.0923,4.265414,351.7921,359.4881,-1
248.2633,2.40627,275.2505,4.307872,351.6367,359.5568,-1
247.9552,2.399166,277.3439,4.410075,351.5825,359.5629,-1
247.6191,2.406272,279.6242,4.448936,351.6856,359.56,-1
247.2915,2.406334,281.859,4.541179,351.6551,359.6712,-1
246.9735,2.406346,284.0178,4.484024,351.5487,359.6937,-1
246.6397,2.40637,286.2511,3.82435,351.4611,359.7366,-1
246.3557,2.402202,288.1551,3.454936,351.4886,359.7362,-1
246.0903,2.406457,289.9585,2.487491,351.6483,359.8934,-1
245.9328,1.031517,290.8198,0,140,0,enter0
